3.653400000000001091e-01
3.561800000000006072e-01
3.560000000000005382e-01
3.588000000000001188e-01
3.551000000000003598e-01
5.377999999999999448e-01
3.622400000000002285e-01
3.602200000000004843e-01
4.097800000000004217e-01
3.802799999999999514e-01
3.605800000000005112e-01
3.515200000000002212e-01
5.168600000000000971e-01
3.917799999999996841e-01
4.388200000000002099e-01
3.548400000000005439e-01
3.699200000000003596e-01
3.567000000000004056e-01
3.575200000000003375e-01
3.623800000000006460e-01
7.419400000000005990e-01
