3.496999999999998998e-01
3.336800000000001987e-01
3.454600000000003224e-01
3.357800000000006890e-01
3.326200000000003043e-01
4.524600000000004174e-01
3.427600000000005642e-01
3.514400000000003077e-01
3.525999999999999135e-01
3.387400000000001521e-01
3.369599999999999818e-01
3.346800000000005881e-01
3.336599999999999011e-01
3.311400000000003230e-01
3.382400000000003737e-01
3.296599999999998420e-01
3.301600000000006196e-01
3.307600000000006091e-01
3.310800000000000964e-01
3.287800000000004608e-01
3.320800000000000973e-01
