3.225277777777782462e-01
3.231250000000002731e-01
3.224166666666665182e-01
3.220972222222223680e-01
3.241111111111114051e-01
3.173194444444445983e-01
3.189444444444445304e-01
3.201805555555555238e-01
3.194861111111111374e-01
3.277500000000000968e-01
3.217083333333331518e-01
3.224861111111109735e-01
3.223055555555554563e-01
3.190416666666666679e-01
3.217083333333331518e-01
3.208750000000000768e-01
3.200694444444445175e-01
3.216388888888893072e-01
3.196805555555553569e-01
3.221249999999998281e-01
3.220833333333332771e-01
