3.259861111111110321e-01
3.261527777777772918e-01
3.222777777777777186e-01
3.239999999999998992e-01
3.230000000000002869e-01
3.662083333333334689e-01
3.243055555555553471e-01
3.252361111111115033e-01
3.233333333333331949e-01
3.246250000000000524e-01
4.775138888888890154e-01
3.298611111111112715e-01
3.250833333333335018e-01
3.269722222222224417e-01
3.288055555555555176e-01
3.247777777777777763e-01
3.241944444444444517e-01
3.241388888888883657e-01
3.255555555555558200e-01
3.231111111111112932e-01
3.232500000000002593e-01
