3.257222222222221353e-01
3.215277777777778012e-01
3.231250000000001066e-01
3.426111111111111995e-01
3.234027777777774837e-01
3.720972222222221903e-01
3.226666666666663796e-01
3.237361111111108358e-01
3.258472222222222325e-01
3.299583333333332980e-01
3.269583333333339059e-01
3.249027777777778736e-01
3.224583333333332358e-01
3.226388888888892525e-01
3.253888888888886721e-01
5.849166666666673065e-01
3.319027777777778798e-01
3.331666666666665555e-01
3.290694444444442479e-01
3.360277777777780361e-01
3.292083333333335471e-01
