9.323199999999988163e-01
8.598399999999994936e-01
9.436799999999989641e-01
9.141599999999993065e-01
8.701599999999989343e-01
9.512799999999986822e-01
9.551199999999996360e-01
9.510399999999988863e-01
9.380799999999989147e-01
9.274399999999997091e-01
9.195999999999995289e-01
9.178399999999989900e-01
9.130399999999994076e-01
9.049599999999986544e-01
9.005599999999991390e-01
3.861600000000003363e-01
3.892000000000005455e-01
4.012000000000007227e-01
4.085600000000000342e-01
4.247200000000007081e-01
4.259200000000009645e-01
