9.188799999999992529e-01
9.203999999999991077e-01
9.343999999999987871e-01
9.448799999999991650e-01
9.082399999999986040e-01
9.568799999999986206e-01
9.403999999999987924e-01
9.110399999999989618e-01
9.016799999999990378e-01
9.594399999999978501e-01
9.486399999999990396e-01
9.396799999999997377e-01
9.346399999999990271e-01
9.203999999999981085e-01
9.227199999999984303e-01
9.572799999999991316e-01
9.571999999999997177e-01
9.583199999999991725e-01
9.595199999999990403e-01
9.562399999999993128e-01
9.533599999999993191e-01
