8.854399999999987836e-01
8.922399999999983677e-01
8.446399999999983921e-01
7.993599999999994044e-01
7.690400000000003899e-01
3.900000000000005129e-01
3.843200000000004946e-01
3.865600000000008474e-01
3.932800000000004625e-01
3.920800000000010388e-01
4.008000000000007668e-01
3.889600000000000279e-01
4.008000000000006557e-01
3.986400000000003274e-01
4.018400000000007521e-01
4.025600000000005285e-01
3.996000000000006214e-01
4.107200000000006401e-01
4.000000000000001332e-01
4.034400000000008535e-01
4.030400000000006200e-01
