-1.000010000000000066e+00 9.289578717117550344e-01
-1.000000000000000000e+00 9.289767198167916407e-01
-9.899999999999999911e-01 9.466104629308729201e-01
-9.799999999999999822e-01 9.617907575667603570e-01
-9.699999999999999734e-01 9.744782590602749650e-01
-9.599999999999999645e-01 9.846400836303355053e-01
-9.499999999999999556e-01 9.922498936079611198e-01
-9.399999999999999467e-01 9.972879656988929975e-01
-9.299999999999999378e-01 9.997412421029178153e-01
-9.200000000000000400e-01 9.996033643573987160e-01
-9.100000000000000311e-01 9.968746898172970994e-01
-9.000000000000000222e-01 9.915622907289695087e-01
-8.900000000000000133e-01 9.836799359001454635e-01
-8.800000000000000044e-01 9.732480550135894637e-01
-8.699999999999999956e-01 9.602936856769427321e-01
-8.599999999999999867e-01 9.448504033459814710e-01
-8.499999999999999778e-01 9.269582343029170168e-01
-8.399999999999999689e-01 9.066635519152831391e-01
-8.299999999999999600e-01 8.840189564442965109e-01
-8.200000000000000622e-01 8.590831387141906195e-01
-8.100000000000000533e-01 8.319207279958833468e-01
-8.000000000000000444e-01 8.026021244992289638e-01
-7.900000000000000355e-01 7.712033169080086958e-01
-7.800000000000000266e-01 7.378056854305745649e-01
-7.700000000000000178e-01 7.024957908766079617e-01
-7.600000000000000089e-01 6.653651503066646544e-01
-7.500000000000000000e-01 6.265099998359864308e-01
-7.399999999999999911e-01 5.860310452073537180e-01
-7.299999999999999822e-01 5.440332007794400626e-01
-7.199999999999999734e-01 5.006253176071769895e-01
-7.099999999999999645e-01 4.559199013188892091e-01
-6.999999999999999556e-01 4.100328205214155974e-01
-6.899999999999999467e-01 3.630830064889820630e-01
-6.799999999999999378e-01 3.151921449141723564e-01
-6.699999999999999289e-01 2.664843605199344045e-01
-6.599999999999999201e-01 2.170858953500411082e-01
-6.499999999999999112e-01 1.671247815718340246e-01
-6.400000000000000133e-01 1.167305096392722563e-01
-6.300000000000000044e-01 6.603369267636452489e-02
-6.199999999999999956e-01 1.516572795083317819e-02
-6.099999999999999867e-01 -3.574154368458172526e-02
-5.999999999999999778e-01 -8.655617950051783249e-02
-5.899999999999999689e-01 -1.371464768634257647e-01
-5.800000000000000711e-01 -1.873813145857245732e-01
-5.700000000000000622e-01 -2.371304927689466269e-01
-5.600000000000000533e-01 -2.862650702590646690e-01
-5.500000000000000444e-01 -3.346576988393714092e-01
-5.400000000000000355e-01 -3.821829532947496055e-01
-5.300000000000000266e-01 -4.287176564918524502e-01
-5.200000000000000178e-01 -4.741411986326556915e-01
-5.100000000000000089e-01 -5.183358498539220038e-01
-5.000000000000000000e-01 -5.611870653623824978e-01
-4.899999999999999911e-01 -6.025837823147712768e-01
-4.799999999999999822e-01 -6.424187076732585933e-01
-4.699999999999999734e-01 -6.805885962902085140e-01
-4.599999999999999645e-01 -7.169945185015107469e-01
-4.499999999999999556e-01 -7.515421165349416288e-01
-4.399999999999999467e-01 -7.841418490689754384e-01
-4.299999999999999378e-01 -8.147092233082054991e-01
-4.200000000000000400e-01 -8.431650139738630090e-01
-4.100000000000000311e-01 -8.694354686418658273e-01
-4.000000000000000222e-01 -8.934524988961737302e-01
-3.900000000000000133e-01 -9.151538568020396447e-01
-3.800000000000000044e-01 -9.344832962417476407e-01
-3.699999999999999956e-01 -9.513907186946974903e-01
-3.599999999999999867e-01 -9.658323030839922607e-01
-3.499999999999999778e-01 -9.777706193529929202e-01
-3.399999999999999689e-01 -9.871747254774673186e-01
-3.299999999999999600e-01 -9.940202476618964500e-01
-3.199999999999999512e-01 -9.982894435120812648e-01
-3.099999999999999423e-01 -9.999712480203217790e-01
-2.999999999999999334e-01 -9.990613022439768232e-01
-2.900000000000000355e-01 -9.955619646030802183e-01
-2.800000000000000266e-01 -9.894823047677293593e-01
-2.700000000000000178e-01 -9.808380801510897529e-01
-2.600000000000000089e-01 -9.696516950689402226e-01
-2.500000000000000000e-01 -9.559521426716116599e-01
-2.399999999999999911e-01 -9.397749297988198247e-01
-2.299999999999999822e-01 -9.211619849521590631e-01
-2.199999999999999734e-01 -9.001615496237712621e-01
-2.099999999999999645e-01 -8.768280532628496271e-01
-1.999999999999999556e-01 -8.512219722040421654e-01
-1.899999999999999467e-01 -8.234096729233881806e-01
-1.799999999999999378e-01 -7.934632400280376974e-01
-1.699999999999999289e-01 -7.614602894255815269e-01
-1.600000000000000311e-01 -7.274837671572135234e-01
-1.500000000000000222e-01 -6.916217344161249558e-01
-1.400000000000000133e-01 -6.539671393083213990e-01
-1.300000000000000044e-01 -6.146175759474131750e-01
-1.199999999999999956e-01 -5.736750315077718820e-01
-1.099999999999999867e-01 -5.312456218916437045e-01
-9.999999999999997780e-02 -4.874393166953192025e-01
-8.999999999999996891e-02 -4.423696541872073618e-01
-7.999999999999996003e-02 -3.961534470365357663e-01
-6.999999999999995115e-02 -3.489104795553754079e-01
-5.999999999999994227e-02 -3.007631972386906050e-01
-4.999999999999993339e-02 -2.518363894070678732e-01
-4.000000000000003553e-02 -2.022568657746595666e-01
-3.000000000000002665e-02 -1.521531277806189852e-01
-2.000000000000001776e-02 -1.016550355358870894e-01
-1.000000000000000888e-02 -5.089347124853264848e-02
0.000000000000000000e+00 0.000000000000000000e+00
9.999999999999999547e-07 9.289776621577039693e-07
1.000100000000000121e-02 9.380911517973261962e-03
2.000099999999999795e-02 1.892499571528662161e-02
3.000099999999999642e-02 2.860844663508592400e-02
4.000100000000000183e-02 3.840616602438199495e-02
5.000100000000000378e-02 4.829276003018946606e-02
6.000100000000000572e-02 5.824260430100224040e-02
7.000100000000000766e-02 6.822991059219161991e-02
8.000100000000001654e-02 7.822879355328782314e-02
9.000100000000002542e-02 8.821333783202743584e-02
1.000010000000000343e-01 9.815766523872081206e-02
1.100010000000000432e-01 1.080360018189735205e-01
1.200010000000000521e-01 1.178227446549960783e-01
1.300010000000000610e-01 1.274925282239522117e-01
1.400010000000000698e-01 1.370202901409311724e-01
1.500010000000000787e-01 1.463813361162636939e-01
1.600010000000000876e-01 1.555514039587930775e-01
1.700010000000000965e-01 1.645067264592244838e-01
1.800010000000001054e-01 1.732240929905674021e-01
1.900010000000001142e-01 1.816809096660144118e-01
2.000010000000001231e-01 1.898552578983374317e-01
2.100010000000001320e-01 1.977259512090258631e-01
2.200010000000001409e-01 2.052725901399270192e-01
2.300010000000001498e-01 2.124756151250678238e-01
2.400010000000001587e-01 2.193163571856230898e-01
2.500010000000001398e-01 2.257770863166378428e-01
2.600010000000001487e-01 2.318410574400939783e-01
2.700010000000001575e-01 2.374925538052188867e-01
2.800010000000001664e-01 2.427169277235498579e-01
2.900010000000001753e-01 2.475006385331764702e-01
3.000010000000001842e-01 2.518312876937638944e-01
3.100010000000001931e-01 2.556976509213973459e-01
3.200010000000002020e-01 2.590897072799595580e-01
3.300010000000002108e-01 2.619986651536415634e-01
3.400010000000002197e-01 2.644169850332705463e-01
3.500010000000002286e-01 2.663383990573968685e-01
3.600010000000002375e-01 2.677579272574927005e-01
3.700010000000002464e-01 2.686718904651581030e-01
3.800010000000002552e-01 2.690779198478808754e-01
3.900010000000002641e-01 2.689749630486354959e-01
4.000010000000002730e-01 2.683632869134079946e-01
4.100010000000002819e-01 2.672444767995781345e-01
4.200010000000002908e-01 2.656214324669506355e-01
4.300010000000002997e-01 2.634983605620859204e-01
4.400010000000003085e-01 2.608807637154091363e-01
4.500010000000003174e-01 2.577754262793561235e-01
4.600010000000003263e-01 2.541903967445205970e-01
4.700010000000003352e-01 2.501349668793764192e-01
4.800010000000003441e-01 2.456196476476416868e-01
4.900010000000003529e-01 2.406561419657022860e-01
5.000010000000003618e-01 2.352573143707028247e-01
5.100010000000002597e-01 2.294371576779202226e-01
5.200010000000001575e-01 2.232107567138379434e-01
5.300010000000000554e-01 2.165942492189185942e-01
5.400009999999999533e-01 2.096047840214078362e-01
5.500009999999998511e-01 2.022604765905760549e-01
5.600009999999997490e-01 1.945803620845956428e-01
5.700009999999996468e-01 1.865843460147459942e-01
5.800009999999995447e-01 1.782931526538155675e-01
5.900009999999994426e-01 1.697282713224176065e-01
6.000009999999993404e-01 1.609119006924359663e-01
6.100009999999992383e-01 1.518668912519567094e-01
6.200009999999991361e-01 1.426166860808062153e-01
6.300009999999990340e-01 1.331852600901954342e-01
6.400009999999989319e-01 1.235970578839503398e-01
6.500009999999988297e-01 1.138769304023813655e-01
6.600009999999987276e-01 1.040500705129999010e-01
6.700009999999986254e-01 9.414194771501933900e-02
6.800009999999985233e-01 8.417824212687530228e-02
6.900009999999984212e-01 7.418477792785768687e-02
7.000009999999983190e-01 6.418745642636217164e-02
7.100009999999982169e-01 5.421218892823667646e-02
7.200009999999981147e-01 4.428482957921617280e-02
7.300009999999980126e-01 3.443110835550641791e-02
7.400009999999979105e-01 2.467656437619342863e-02
7.500009999999978083e-01 1.504647971032111939e-02
7.600009999999977062e-01 5.565813850197663323e-03
7.700009999999976040e-01 -3.740860979235788308e-03
7.800009999999975019e-01 -1.284942350730722271e-02
7.900009999999973997e-01 -2.173626593572140775e-02
8.000009999999972976e-01 -3.037835512583710040e-02
8.100009999999971955e-01 -3.875329229652710317e-02
8.200009999999970933e-01 -4.683937107789479248e-02
8.300009999999969912e-01 -5.461563377038201883e-02
8.400009999999968890e-01 -6.206192566345469092e-02
8.500009999999967869e-01 -6.915894727308145862e-02
8.600009999999966848e-01 -7.588830436261514989e-02
8.700009999999965826e-01 -8.223255561743154918e-02
8.800009999999964805e-01 -8.817525784976132375e-02
8.900009999999963783e-01 -9.370100861655183966e-02
9.000009999999962762e-01 -9.879548613990146722e-02
9.100009999999961741e-01 -1.034454864265974688e-01
9.200009999999960719e-01 -1.076389574905581847e-01
9.300009999999959698e-01 -1.113650305894504922e-01
9.400009999999958676e-01 -1.146140483946368055e-01
9.500009999999957655e-01 -1.173775900210139722e-01
9.600009999999956634e-01 -1.196484928534611164e-01
9.700009999999955612e-01 -1.214208711073923863e-01
9.800009999999954591e-01 -1.226901310974536224e-01
9.900004999999978406e-01 -1.234529576482298607e-01
1.000000000000000000e+00 -1.237074500364483826e-01
1.009999999999999787e+00 -1.236606963143604965e-01
1.019999999999999574e+00 -1.235193019631154188e-01
1.029999999999999361e+00 -1.232817492897485684e-01
1.039999999999999147e+00 -1.229467698216218791e-01
1.049999999999998934e+00 -1.225133476006733946e-01
1.059999999999998721e+00 -1.219807218148365457e-01
1.069999999999998508e+00 -1.213483887704049635e-01
1.079999999999998295e+00 -1.206161031973914943e-01
1.089999999999998082e+00 -1.197838788852590569e-01
1.099999999999997868e+00 -1.188519886471716414e-01
1.109999999999997655e+00 -1.178209636129128185e-01
1.119999999999997442e+00 -1.166915918522897361e-01
1.129999999999997229e+00 -1.154649163325944389e-01
1.139999999999997016e+00 -1.141422322154153207e-01
1.149999999999996803e+00 -1.127250834998051870e-01
1.159999999999996589e+00 -1.112152590205062186e-01
1.169999999999996376e+00 -1.096147878116037339e-01
1.179999999999996163e+00 -1.079259338476252772e-01
1.189999999999995950e+00 -1.061511901757153375e-01
1.199999999999995737e+00 -1.042932724540938522e-01
1.209999999999995524e+00 -1.023551119135459181e-01
1.219999999999995310e+00 -1.003398477601851330e-01
1.229999999999995097e+00 -9.825081903918131410e-02
1.239999999999994884e+00 -9.609155598054038017e-02
1.249999999999994671e+00 -9.386577084936670312e-02
1.259999999999994458e+00 -9.157734832432229410e-02
1.269999999999994245e+00 -8.923033542922030603e-02
1.279999999999994031e+00 -8.682893104384831195e-02
1.289999999999993818e+00 -8.437747502120752918e-02
1.299999999999993605e+00 -8.188043693937416267e-02
1.309999999999993392e+00 -7.934240451713608921e-02
1.319999999999993179e+00 -7.676807172342950403e-02
1.329999999999992966e+00 -7.416222661139376671e-02
1.339999999999992752e+00 -7.152973890857657058e-02
1.349999999999992539e+00 -6.887554739545323490e-02
1.359999999999992326e+00 -6.620464710497298011e-02
1.369999999999992113e+00 -6.352207637630866155e-02
1.379999999999991900e+00 -6.083290379636428075e-02
1.389999999999991687e+00 -5.814221506288575619e-02
1.399999999999991473e+00 -5.545509980322332888e-02
1.409999999999991260e+00 -5.277663838290917731e-02
1.419999999999991047e+00 -5.011188873823999718e-02
1.429999999999990834e+00 -4.746587326699225340e-02
1.439999999999990621e+00 -4.484356581124703672e-02
1.449999999999990408e+00 -4.224987876606279419e-02
1.459999999999990195e+00 -3.968965034740795650e-02
1.469999999999989981e+00 -3.716763205235279477e-02
1.479999999999989768e+00 -3.468847634402143221e-02
1.489999999999989555e+00 -3.225672459322252716e-02
1.499999999999989342e+00 -2.987679530801178041e-02
1.509999999999989129e+00 -2.755297268169312752e-02
1.519999999999988916e+00 -2.528939548894029027e-02
1.529999999999988702e+00 -2.309004635881789849e-02
1.539999999999988489e+00 -2.095874145250470333e-02
1.549999999999988276e+00 -1.889912057247237001e-02
1.559999999999988063e+00 -1.691463772875514970e-02
1.569999999999987850e+00 -1.500855218676100042e-02
1.579999999999987637e+00 -1.318392001982665075e-02
1.589999999999987423e+00 -1.144358618841092613e-02
1.599999999999987210e+00 -9.790177166455662355e-03
1.609999999999986997e+00 -8.226094134025391247e-03
1.619999999999986784e+00 -6.753506753869292778e-03
1.629999999999986571e+00 -5.374347548035461435e-03
1.639999999999986358e+00 -4.090306889112329050e-03
1.649999999999986144e+00 -2.902828619079056774e-03
1.659999999999985931e+00 -1.813106307120083797e-03
1.669999999999985718e+00 -8.220801561029064154e-04
1.679999999999985505e+00 6.956543426303422612e-05
1.689999999999985292e+00 8.614036412704963999e-04
1.699999999999985079e+00 1.553266325464117007e-03
1.709999999999984865e+00 2.145244466428422071e-03
1.719999999999984652e+00 2.637687926984684430e-03
1.729999999999984439e+00 3.031204546407783619e-03
1.739999999999984226e+00 3.326658565013296699e-03
1.749999999999984013e+00 3.525168384198011477e-03
1.759999999999983800e+00 3.628103667739444177e-03
1.769999999999983586e+00 3.637081791867286928e-03
1.779999999999983373e+00 3.553963653307577568e-03
1.789999999999983160e+00 3.380848846164405570e-03
1.799999999999982947e+00 3.120070220139833841e-03
1.809999999999982734e+00 2.774187834196174818e-03
1.819999999999982521e+00 2.345982321331670836e-03
1.829999999999982307e+00 1.838447681666916054e-03
1.839999999999982094e+00 1.254783522521079773e-03
1.849999999999981881e+00 5.983867655902902873e-04
1.859999999999981668e+00 -1.271571572782762612e-04
1.869999999999981455e+00 -9.180835968975928612e-04
1.879999999999981242e+00 -1.770458444051925366e-03
1.889999999999981029e+00 -2.680188326018682551e-03
1.899999999999980815e+00 -3.643031215873373564e-03
1.909999999999980602e+00 -4.654607427080208713e-03
1.919999999999980389e+00 -5.710410964872317426e-03
1.929999999999980176e+00 -6.805821205000690995e-03
1.939999999999979963e+00 -7.936114869582958781e-03
1.949999999999979750e+00 -9.096478269011287060e-03
1.959999999999979536e+00 -1.028201977819577680e-02
1.969999999999979323e+00 -1.148778251478750970e-02
1.979999999999979110e+00 -1.270875718659468002e-02
1.989999999999978897e+00 -1.393989507462977361e-02
1.994999999999989448e+00 -1.455768992460879790e-02
2.000000000000000000e+00 -1.517612110072027662e-02
2.009999999999999787e+00 -1.641304005972456237e-02
2.019999999999999574e+00 -1.764901963737162960e-02
2.029999999999999361e+00 -1.888310563264498226e-02
2.039999999999999147e+00 -2.011432991069522086e-02
2.049999999999998934e+00 -2.134171291207869608e-02
2.059999999999998721e+00 -2.256426619160323971e-02
2.069999999999998508e+00 -2.378099498020513208e-02
2.079999999999998295e+00 -2.499090076321618809e-02
2.089999999999998082e+00 -2.619298386833883788e-02
2.099999999999997868e+00 -2.738624605662160275e-02
2.109999999999997655e+00 -2.856969310971955653e-02
2.119999999999997442e+00 -2.974233740673409843e-02
2.129999999999997229e+00 -3.090320048395329630e-02
2.139999999999997016e+00 -3.205131557085840605e-02
2.149999999999996803e+00 -3.318573009582367200e-02
2.159999999999996589e+00 -3.430550815501511724e-02
2.169999999999996376e+00 -3.540973293808928613e-02
2.179999999999996163e+00 -3.649750910440506535e-02
2.189999999999995950e+00 -3.756796510358973579e-02
2.199999999999995737e+00 -3.862025543444487508e-02
2.209999999999995524e+00 -3.965356283633730827e-02
2.219999999999995310e+00 -4.066710040739551779e-02
2.229999999999995097e+00 -4.166011364402140427e-02
2.239999999999994884e+00 -4.263188239643145305e-02
2.249999999999994671e+00 -4.358172273515878437e-02
2.259999999999994458e+00 -4.450898872367851922e-02
2.269999999999994245e+00 -4.541307409256210154e-02
2.279999999999994031e+00 -4.629341381082141549e-02
2.289999999999993818e+00 -4.714948555037012934e-02
2.299999999999993605e+00 -4.798081103980658679e-02
2.309999999999993392e+00 -4.878695730400948311e-02
2.319999999999993179e+00 -4.956753778633353480e-02
2.329999999999992966e+00 -5.032221335049656685e-02
2.339999999999992752e+00 -5.105069315956135834e-02
2.349999999999992539e+00 -5.175273542973401336e-02
2.359999999999992326e+00 -5.242814805702519787e-02
2.369999999999992113e+00 -5.307678911515004150e-02
2.379999999999991900e+00 -5.369856722337618127e-02
2.389999999999991687e+00 -5.429344178336662635e-02
2.399999999999991473e+00 -5.486142308440352527e-02
2.409999999999991260e+00 -5.540257227672015089e-02
2.419999999999991047e+00 -5.591700121301022147e-02
2.429999999999990834e+00 -5.640487215852528491e-02
2.439999999999990621e+00 -5.686639737051164822e-02
2.449999999999990408e+00 -5.730183854807676530e-02
2.459999999999990195e+00 -5.771150615391099081e-02
2.469999999999989981e+00 -5.809575860962270383e-02
2.479999999999989768e+00 -5.845500136677226483e-02
2.489999999999989555e+00 -5.878968585601262314e-02
2.499999999999989342e+00 -5.910030831706013926e-02
2.509999999999989129e+00 -5.938740851252819614e-02
2.519999999999988916e+00 -5.965156832895705113e-02
2.529999999999988702e+00 -5.989341026866588230e-02
2.539999999999988489e+00 -6.011359583633582582e-02
2.549999999999988276e+00 -6.031282382450573604e-02
2.559999999999988063e+00 -6.049182850242436349e-02
2.569999999999987850e+00 -6.065137771295307789e-02
2.579999999999987637e+00 -6.079227088245171828e-02
2.589999999999987423e+00 -6.091533694880551381e-02
2.599999999999987210e+00 -6.102143221296330716e-02
2.609999999999986997e+00 -6.111143811955552230e-02
2.619999999999986784e+00 -6.118625897234410832e-02
2.629999999999986571e+00 -6.124681959042560520e-02
2.639999999999986358e+00 -6.129406291126208300e-02
2.649999999999986144e+00 -6.132894754675243670e-02
2.659999999999985931e+00 -6.135244529867828200e-02
2.669999999999985718e+00 -6.136553863996400265e-02
2.679999999999985505e+00 -6.136921816827903969e-02
2.689999999999985292e+00 -6.136448003858229611e-02
2.699999999999985079e+00 -6.135232338126300061e-02
2.709999999999984865e+00 -6.133374771256977498e-02
2.719999999999984652e+00 -6.130975034403963325e-02
2.729999999999984439e+00 -6.128132379764120868e-02
2.739999999999984226e+00 -6.124945323333167574e-02
2.749999999999984013e+00 -6.121511389569476297e-02
2.759999999999983800e+00 -6.117926858627763254e-02
2.769999999999983586e+00 -6.114286516817795530e-02
2.779999999999983373e+00 -6.110683410934881349e-02
2.789999999999983160e+00 -6.107208607098879583e-02
2.799999999999982947e+00 -6.103950954726770212e-02
2.809999999999982734e+00 -6.100996856250531786e-02
2.819999999999982521e+00 -6.098430043177175547e-02
2.829999999999982307e+00 -6.096331359071347628e-02
2.839999999999982094e+00 -6.094778550022973695e-02
2.849999999999981881e+00 -6.093846063143015107e-02
2.859999999999981668e+00 -6.093604853609597971e-02
2.869999999999981455e+00 -6.094122200764624797e-02
2.879999999999981242e+00 -6.095461533737506210e-02
2.889999999999981029e+00 -6.097682267047970645e-02
2.899999999999980815e+00 -6.100839646614036882e-02
2.909999999999980602e+00 -6.104984606564274607e-02
2.919999999999980389e+00 -6.110163637225467237e-02
2.929999999999980176e+00 -6.116418664627828322e-02
2.939999999999979963e+00 -6.123786941840076575e-02
2.949999999999979750e+00 -6.132300952416009504e-02
2.959999999999979536e+00 -6.141988326202822007e-02
2.969999999999979323e+00 -6.152871767729382879e-02
2.979999999999979110e+00 -6.164968997360075614e-02
2.989999999999978897e+00 -6.178292705366714849e-02
2.994999999999989448e+00 -6.185417062954914891e-02
3.000000000000000000e+00 -6.192850503557311564e-02
3.009999999999999787e+00 -6.208645126358437738e-02
3.019999999999999574e+00 -6.225676277351706311e-02
3.029999999999999361e+00 -6.243942541311400807e-02
3.039999999999999147e+00 -6.263441541636065313e-02
3.049999999999998934e+00 -6.284169927666564959e-02
3.059999999999998721e+00 -6.306123364528745667e-02
3.069999999999998508e+00 -6.329296525527006168e-02
3.079999999999998295e+00 -6.353683087108492888e-02
3.089999999999998082e+00 -6.379275726410976732e-02
3.099999999999997868e+00 -6.406066121400764979e-02
3.109999999999997655e+00 -6.434044953600288885e-02
3.119999999999997442e+00 -6.463201913398303189e-02
3.129999999999997229e+00 -6.493525707928925195e-02
3.139999999999997016e+00 -6.525004071499101999e-02
3.149999999999996803e+00 -6.557623778537471915e-02
3.159999999999996589e+00 -6.591370659031065005e-02
3.169999999999996376e+00 -6.626229616409828882e-02
3.179999999999996163e+00 -6.662184647832630757e-02
3.189999999999995950e+00 -6.699218866822148621e-02
3.199999999999995737e+00 -6.737314528190005425e-02
3.209999999999995524e+00 -6.776453055187516006e-02
3.219999999999995310e+00 -6.816615068811705813e-02
3.229999999999995097e+00 -6.857780419190624699e-02
3.239999999999994884e+00 -6.899928218966620841e-02
3.249999999999994671e+00 -6.943036878591049565e-02
3.259999999999994458e+00 -6.987084143438933304e-02
3.269999999999994245e+00 -7.032047132647387122e-02
3.279999999999994031e+00 -7.077902379577145908e-02
3.289999999999993818e+00 -7.124625873792311825e-02
3.299999999999993605e+00 -7.172193104449536838e-02
3.309999999999993392e+00 -7.220579104984167773e-02
3.319999999999993179e+00 -7.269758498977547945e-02
3.329999999999992966e+00 -7.319705547086577391e-02
3.339999999999992752e+00 -7.370394194913919284e-02
3.349999999999992539e+00 -7.421798121694771211e-02
3.359999999999992326e+00 -7.473890789674009216e-02
3.369999999999992113e+00 -7.526645494045733353e-02
3.379999999999991900e+00 -7.580035413325786342e-02
3.389999999999991687e+00 -7.634033660026673385e-02
3.399999999999991473e+00 -7.688613331503554860e-02
3.409999999999991260e+00 -7.743747560839524258e-02
3.419999999999991047e+00 -7.799409567638287966e-02
3.429999999999990834e+00 -7.855572708592593878e-02
3.439999999999990621e+00 -7.912210527697349782e-02
3.449999999999990408e+00 -7.969296805977292564e-02
3.459999999999990195e+00 -8.026805610600312724e-02
3.469999999999989981e+00 -8.084711343249147142e-02
3.479999999999989768e+00 -8.142988787626066760e-02
3.489999999999989555e+00 -8.201613155967441005e-02
3.499999999999989342e+00 -8.260560134447612890e-02
3.509999999999989129e+00 -8.319805927354409492e-02
3.519999999999988916e+00 -8.379327299921794647e-02
3.529999999999988702e+00 -8.439101619708651303e-02
3.539999999999988489e+00 -8.499106896416433465e-02
3.549999999999988276e+00 -8.559321820042506412e-02
3.559999999999988063e+00 -8.619725797270275103e-02
3.569999999999987850e+00 -8.680298986001788730e-02
3.579999999999987637e+00 -8.741022327943316628e-02
3.589999999999987423e+00 -8.801877579159442244e-02
3.599999999999987210e+00 -8.862847338516485762e-02
3.609999999999986997e+00 -8.923915073941525444e-02
3.619999999999986784e+00 -8.985065146428973526e-02
3.629999999999986571e+00 -9.046282831732470331e-02
3.639999999999986358e+00 -9.107554339685890177e-02
3.649999999999986144e+00 -9.168866831103369974e-02
3.659999999999985931e+00 -9.230208432214566383e-02
3.669999999999985718e+00 -9.291568246597720071e-02
3.679999999999985505e+00 -9.352936364579612916e-02
3.689999999999985292e+00 -9.414303870078036263e-02
3.699999999999985079e+00 -9.475662844869051082e-02
3.709999999999984865e+00 -9.537006370267971100e-02
3.719999999999984652e+00 -9.598328526219719603e-02
3.729999999999984439e+00 -9.659624387800908041e-02
3.739999999999984226e+00 -9.720890019142712501e-02
3.749999999999984013e+00 -9.782122464790288241e-02
3.759999999999983800e+00 -9.843319738521129347e-02
3.769999999999983586e+00 -9.904480809651343420e-02
3.779999999999983373e+00 -9.965605586865340648e-02
3.789999999999983160e+00 -1.002669489961084265e-01
3.799999999999982947e+00 -1.008775047710743361e-01
3.809999999999982734e+00 -1.014877492502306161e-01
3.819999999999982521e+00 -1.020977169987894173e-01
3.829999999999982307e+00 -1.027074508124919128e-01
3.839999999999982094e+00 -1.033170014182726165e-01
3.849999999999981881e+00 -1.039264271543673818e-01
3.859999999999981668e+00 -1.045357936306942764e-01
3.869999999999981455e+00 -1.051451733703875624e-01
3.879999999999981242e+00 -1.057546454334137437e-01
3.889999999999981029e+00 -1.063642950232453616e-01
3.899999999999980815e+00 -1.069742130776118599e-01
3.909999999999980602e+00 -1.075844958443882976e-01
3.919999999999980389e+00 -1.081952444437210697e-01
3.929999999999980176e+00 -1.088065644175255503e-01
3.939999999999979963e+00 -1.094185652675233045e-01
3.949999999999979750e+00 -1.100313599830161360e-01
3.959999999999979536e+00 -1.106450645596210175e-01
3.969999999999979323e+00 -1.112597975102130737e-01
3.979999999999979110e+00 -1.118756793693443663e-01
3.989999999999978897e+00 -1.124928321924227870e-01
3.999999999999978684e+00 -1.131113790493653293e-01
4.009999999999979359e+00 -1.137314435233790361e-01
4.019999999999980034e+00 -1.143531492942394950e-01
4.029999999999980709e+00 -1.149766199519615395e-01
4.039999999999981384e+00 -1.156019788970839013e-01
4.049999999999982059e+00 -1.162293492438765952e-01
4.059999999999982734e+00 -1.168588537224061474e-01
4.069999999999983409e+00 -1.174906145797124102e-01
4.079999999999984084e+00 -1.181247534803531174e-01
4.089999999999984759e+00 -1.187613914065739906e-01
4.099999999999985434e+00 -1.194006485583631177e-01
4.109999999999986109e+00 -1.200426442536486199e-01
4.119999999999986784e+00 -1.206874968288983163e-01
4.129999999999987459e+00 -1.213353235403789726e-01
4.139999999999988134e+00 -1.219862404663310806e-01
4.149999999999988809e+00 -1.226403624103127171e-01
4.159999999999989484e+00 -1.232978028059630166e-01
4.169999999999990159e+00 -1.239586736234320058e-01
4.179999999999990834e+00 -1.246230852777194115e-01
4.189999999999991509e+00 -1.252911465391600143e-01
4.199999999999992184e+00 -1.259629644462874343e-01
4.209999999999992859e+00 -1.266386442213023877e-01
4.219999999999993534e+00 -1.273182891883642698e-01
4.229999999999994209e+00 -1.280020006949180444e-01
4.239999999999994884e+00 -1.286898780362602801e-01
4.249999999999995559e+00 -1.293820183835397430e-01
4.259999999999996234e+00 -1.300785167153793442e-01
4.269999999999996909e+00 -1.307794657532964089e-01
4.279999999999997584e+00 -1.314849559010890512e-01
4.289999999999998259e+00 -1.321950751883452513e-01
4.299999999999998934e+00 -1.329099092182214337e-01
4.309999999999999609e+00 -1.336295411196257721e-01
4.320000000000000284e+00 -1.343540515039300387e-01
4.330000000000000959e+00 -1.350835184263224631e-01
4.340000000000001634e+00 -1.358180173519014655e-01
4.350000000000002309e+00 -1.365576211265983331e-01
4.360000000000002984e+00 -1.373023999530041950e-01
4.370000000000003659e+00 -1.380524213711638026e-01
4.380000000000004334e+00 -1.388077502443861022e-01
4.390000000000005009e+00 -1.395684487501082094e-01
4.400000000000005684e+00 -1.403345763758365727e-01
4.410000000000006359e+00 -1.411061899201757064e-01
4.420000000000007034e+00 -1.418833434989420217e-01
4.430000000000007709e+00 -1.426660885563468262e-01
4.440000000000008384e+00 -1.434544738812193188e-01
4.450000000000009059e+00 -1.442485456282279199e-01
4.460000000000009734e+00 -1.450483473440445648e-01
4.470000000000010409e+00 -1.458539199983843737e-01
4.480000000000011084e+00 -1.466653020198401269e-01
4.490000000000011759e+00 -1.474825293364187828e-01
4.500000000000012434e+00 -1.483056354206748473e-01
4.510000000000013110e+00 -1.491346513393237150e-01
4.520000000000013785e+00 -1.499696058072063354e-01
4.530000000000014460e+00 -1.508105252454653988e-01
4.540000000000015135e+00 -1.516574338437821634e-01
4.550000000000015810e+00 -1.525103536265127180e-01
4.560000000000016485e+00 -1.533693045225521523e-01
4.570000000000017160e+00 -1.542343044387457784e-01
4.580000000000017835e+00 -1.551053693366568342e-01
4.590000000000018510e+00 -1.559825133124918550e-01
4.600000000000019185e+00 -1.568657486799767131e-01
4.610000000000019860e+00 -1.577550860559681634e-01
4.620000000000020535e+00 -1.586505344485793501e-01
4.630000000000021210e+00 -1.595521013475907079e-01
4.640000000000021885e+00 -1.604597928169118892e-01
4.650000000000022560e+00 -1.613736135888551859e-01
4.660000000000023235e+00 -1.622935671599760321e-01
4.670000000000023910e+00 -1.632196558882322290e-01
4.680000000000024585e+00 -1.641518810912099557e-01
4.690000000000025260e+00 -1.650902431451622687e-01
4.700000000000025935e+00 -1.660347415846029628e-01
4.710000000000026610e+00 -1.669853752021981386e-01
4.720000000000027285e+00 -1.679421421486961274e-01
4.730000000000027960e+00 -1.689050400326372048e-01
4.740000000000028635e+00 -1.698740660195842134e-01
4.750000000000029310e+00 -1.708492169306173869e-01
4.760000000000029985e+00 -1.718304893398376054e-01
4.770000000000030660e+00 -1.728178796706257847e-01
4.780000000000031335e+00 -1.738113842904087103e-01
4.790000000000032010e+00 -1.748109996036855962e-01
4.800000000000032685e+00 -1.758167221430745886e-01
4.810000000000033360e+00 -1.768285486581429311e-01
4.820000000000034035e+00 -1.778464762017906431e-01
4.830000000000034710e+00 -1.788705022139639167e-01
4.840000000000035385e+00 -1.799006246024811573e-01
4.850000000000036060e+00 -1.809368418207622231e-01
4.860000000000036735e+00 -1.819791529422593868e-01
4.870000000000037410e+00 -1.830275577313971447e-01
4.880000000000038085e+00 -1.840820567108368833e-01
4.890000000000038760e+00 -1.851426512248923462e-01
4.900000000000039435e+00 -1.862093434989311458e-01
4.910000000000040110e+00 -1.872821366946087474e-01
4.920000000000040785e+00 -1.883610349607914292e-01
4.930000000000041460e+00 -1.894460434800365467e-01
4.940000000000042135e+00 -1.905371685105094193e-01
4.950000000000042810e+00 -1.916344174232282593e-01
4.960000000000043485e+00 -1.927377987345406107e-01
4.970000000000044160e+00 -1.938473221337471408e-01
4.980000000000044835e+00 -1.949629985058012049e-01
4.990000000000021529e+00 -1.960848399490227045e-01
5.000000000000000000e+00 -1.972128597877862710e-01
