-1.000010000000000066e+00 3.141593186423820235e-05
-1.000000000000000000e+00 -1.222142686473609758e-16
-9.899999999999999911e-01 -3.141075907812823642e-02
-9.799999999999999822e-01 -6.279051952931358205e-02
-9.699999999999999734e-01 -9.410831331851436665e-02
-9.599999999999999645e-01 -1.253332335643045081e-01
-9.499999999999999556e-01 -1.564344650402309800e-01
-9.399999999999999467e-01 -1.873813145857250173e-01
-9.299999999999999378e-01 -2.181432413965427863e-01
-9.200000000000000400e-01 -2.486898871648547948e-01
-9.100000000000000311e-01 -2.789911060392291642e-01
-9.000000000000000222e-01 -3.090169943749474513e-01
-8.900000000000000133e-01 -3.387379202452913685e-01
-8.800000000000000044e-01 -3.681245526846781413e-01
-8.699999999999999956e-01 -3.971478906347805649e-01
-8.599999999999999867e-01 -4.257792915650727150e-01
-8.499999999999999778e-01 -4.539904997395469155e-01
-8.399999999999999689e-01 -4.817536741017156010e-01
-8.299999999999999600e-01 -5.090414157503715398e-01
-8.200000000000000622e-01 -5.358267949789966567e-01
-8.100000000000000533e-01 -5.620833778521303614e-01
-8.000000000000000444e-01 -5.877852522924733591e-01
-7.900000000000000355e-01 -6.129070536529764857e-01
-7.800000000000000266e-01 -6.374239897486898565e-01
-7.700000000000000178e-01 -6.613118653236519373e-01
-7.600000000000000089e-01 -6.845471059286888371e-01
-7.500000000000000000e-01 -7.071067811865476838e-01
-7.399999999999999911e-01 -7.289686274214113304e-01
-7.299999999999999822e-01 -7.501110696304599257e-01
-7.199999999999999734e-01 -7.705132427757892533e-01
-7.099999999999999645e-01 -7.901550123756905242e-01
-6.999999999999999556e-01 -8.090169943749474513e-01
-6.899999999999999467e-01 -8.270805742745621636e-01
-6.799999999999999378e-01 -8.443279255020154084e-01
-6.699999999999999289e-01 -8.607420270039439769e-01
-6.599999999999999201e-01 -8.763066800438634729e-01
-6.499999999999999112e-01 -8.910065241883682319e-01
-6.400000000000000133e-01 -9.048270524660197989e-01
-6.300000000000000044e-01 -9.177546256839812511e-01
-6.199999999999999956e-01 -9.297764858882516803e-01
-6.099999999999999867e-01 -9.408807689542254549e-01
-5.999999999999999778e-01 -9.510565162951536422e-01
-5.899999999999999689e-01 -9.602936856769430651e-01
-5.800000000000000711e-01 -9.685831611286310761e-01
-5.700000000000000622e-01 -9.759167619387475456e-01
-5.600000000000000533e-01 -9.822872507286888322e-01
-5.500000000000000444e-01 -9.876883405951375483e-01
-5.400000000000000355e-01 -9.921147013144777649e-01
-5.300000000000000266e-01 -9.955619646030801073e-01
-5.200000000000000178e-01 -9.980267284282715590e-01
-5.100000000000000089e-01 -9.995065603657316000e-01
-5.000000000000000000e-01 -1.000000000000000222e+00
-4.899999999999999911e-01 -9.995065603657314890e-01
-4.799999999999999822e-01 -9.980267284282717810e-01
-4.699999999999999734e-01 -9.955619646030799963e-01
-4.599999999999999645e-01 -9.921147013144777649e-01
-4.499999999999999556e-01 -9.876883405951377704e-01
-4.399999999999999467e-01 -9.822872507286884991e-01
-4.299999999999999378e-01 -9.759167619387472126e-01
-4.200000000000000400e-01 -9.685831611286311871e-01
-4.100000000000000311e-01 -9.602936856769429541e-01
-4.000000000000000222e-01 -9.510565162951537532e-01
-3.900000000000000133e-01 -9.408807689542253438e-01
-3.800000000000000044e-01 -9.297764858882511252e-01
-3.699999999999999956e-01 -9.177546256839812511e-01
-3.599999999999999867e-01 -9.048270524660195768e-01
-3.499999999999999778e-01 -8.910065241883680098e-01
-3.399999999999999689e-01 -8.763066800438635839e-01
-3.299999999999999600e-01 -8.607420270039435328e-01
-3.199999999999999512e-01 -8.443279255020150753e-01
-3.099999999999999423e-01 -8.270805742745618305e-01
-2.999999999999999334e-01 -8.090169943749472292e-01
-2.900000000000000355e-01 -7.901550123756904132e-01
-2.800000000000000266e-01 -7.705132427757892533e-01
-2.700000000000000178e-01 -7.501110696304595926e-01
-2.600000000000000089e-01 -7.289686274214116635e-01
-2.500000000000000000e-01 -7.071067811865475727e-01
-2.399999999999999911e-01 -6.845471059286887261e-01
-2.299999999999999822e-01 -6.613118653236519373e-01
-2.199999999999999734e-01 -6.374239897486897455e-01
-2.099999999999999645e-01 -6.129070536529764857e-01
-1.999999999999999556e-01 -5.877852522924731371e-01
-1.899999999999999467e-01 -5.620833778521304724e-01
-1.799999999999999378e-01 -5.358267949789963236e-01
-1.699999999999999289e-01 -5.090414157503710957e-01
-1.600000000000000311e-01 -4.817536741017153235e-01
-1.500000000000000222e-01 -4.539904997395468600e-01
-1.400000000000000133e-01 -4.257792915650727150e-01
-1.300000000000000044e-01 -3.971478906347806204e-01
-1.199999999999999956e-01 -3.681245526846779192e-01
-1.099999999999999867e-01 -3.387379202452913129e-01
-9.999999999999997780e-02 -3.090169943749473958e-01
-8.999999999999996891e-02 -2.789911060392291087e-01
-7.999999999999996003e-02 -2.486898871648546283e-01
-6.999999999999995115e-02 -2.181432413965424255e-01
-5.999999999999994227e-02 -1.873813145857244622e-01
-4.999999999999993339e-02 -1.564344650402306747e-01
-4.000000000000003553e-02 -1.253332335643043693e-01
-3.000000000000002665e-02 -9.410831331851440829e-02
-2.000000000000001776e-02 -6.279051952931344327e-02
-1.000000000000000888e-02 -3.141075907812832663e-02
0.000000000000000000e+00 0.000000000000000000e+00
9.999999999999999547e-07 -1.570796593027700461e-12
1.000100000000000121e-02 -1.570992074245089736e-04
2.000099999999999795e-02 -6.281767962541061996e-04
3.000099999999999642e-02 -1.412767879337636229e-03
4.000100000000000183e-02 -2.510098157861526472e-03
5.000100000000000378e-02 -3.919084699896414892e-03
6.000100000000000572e-02 -5.638337005680719126e-03
7.000100000000000766e-02 -7.666158380797634050e-03
8.000100000000001654e-02 -1.000054761036073096e-02
9.000100000000002542e-02 -1.263920093403761435e-02
1.000010000000000343e-01 -1.557951431956549823e-02
1.100010000000000432e-01 -1.881858603262141771e-02
1.200010000000000521e-01 -2.235321950048239567e-02
1.300010000000000610e-01 -2.617992646665713921e-02
1.400010000000000698e-01 -3.029493043337395941e-02
1.500010000000000787e-01 -3.469417038852816437e-02
1.600010000000000876e-01 -3.937330481341068389e-02
1.700010000000000965e-01 -4.432771596726291230e-02
1.800010000000001054e-01 -4.955251444442929781e-02
1.900010000000001142e-01 -5.504254399961044236e-02
2.000010000000001231e-01 -6.079238663645468443e-02
2.100010000000001320e-01 -6.679636795446637632e-02
2.200010000000001409e-01 -7.304856274895409063e-02
2.300010000000001498e-01 -7.954280085849228799e-02
2.400010000000001587e-01 -8.627267325412571464e-02
2.500010000000001398e-01 -9.323153836430723984e-02
2.600010000000001487e-01 -1.004125286293270636e-01
2.700010000000001575e-01 -1.078085572787650798e-01
2.800010000000001664e-01 -1.154123253252776621e-01
2.900010000000001753e-01 -1.232163287678169350e-01
3.000010000000001842e-01 -1.312128659971738553e-01
3.100010000000001931e-01 -1.393940453965367143e-01
3.200010000000002020e-01 -1.477517931295640741e-01
3.300010000000002108e-01 -1.562778611082865643e-01
3.400010000000002197e-01 -1.649638351329738295e-01
3.500010000000002286e-01 -1.738011431959338715e-01
3.600010000000002375e-01 -1.827810639410496762e-01
3.700010000000002464e-01 -1.918947352707048026e-01
3.800010000000002552e-01 -2.011331630916037283e-01
3.900010000000002641e-01 -2.104872301908561616e-01
4.000010000000002730e-01 -2.199477052335653271e-01
4.100010000000002819e-01 -2.295052518730410496e-01
4.200010000000002908e-01 -2.391504379646467726e-01
4.300010000000002997e-01 -2.488737448741875358e-01
4.400010000000003085e-01 -2.586655768716526471e-01
4.500010000000003174e-01 -2.685162706010428280e-01
4.600010000000003263e-01 -2.784161046169358333e-01
4.700010000000003352e-01 -2.883553089783794654e-01
4.800010000000003441e-01 -2.983240748906436091e-01
4.900010000000003529e-01 -3.083125643853165676e-01
5.000010000000003618e-01 -3.183109200291920904e-01
5.100010000000002597e-01 -3.283092746523657013e-01
5.200010000000001575e-01 -3.382977610859403961e-01
5.300010000000000554e-01 -3.482665218997307299e-01
5.400009999999999533e-01 -3.582057191303566479e-01
5.500009999999998511e-01 -3.681055439901252946e-01
5.600009999999997490e-01 -3.779562265471204663e-01
5.700009999999996468e-01 -3.877480453669456817e-01
5.800009999999995447e-01 -3.974713371066063705e-01
5.900009999999994426e-01 -4.071165060510627542e-01
6.000009999999993404e-01 -4.166740335830420583e-01
6.100009999999992383e-01 -4.261344875767644202e-01
6.200009999999991361e-01 -4.354885317063125760e-01
6.300009999999990340e-01 -4.447269346594580064e-01
6.400009999999989319e-01 -4.538405792478519274e-01
6.500009999999988297e-01 -4.628204714045892065e-01
6.600009999999987276e-01 -4.716577490602666956e-01
6.700009999999986254e-01 -4.803436908887756540e-01
6.800009999999985233e-01 -4.888697249141978340e-01
6.900009999999984212e-01 -4.972274369703107433e-01
7.000009999999983190e-01 -5.054085790043537640e-01
7.100009999999982169e-01 -5.134050772168605725e-01
7.200009999999981147e-01 -5.212090400295242842e-01
7.300009999999980126e-01 -5.288127658732326708e-01
7.400009999999979105e-01 -5.362087507885869853e-01
7.500009999999978083e-01 -5.433896958314038406e-01
7.600009999999977062e-01 -5.503485142758919313e-01
7.700009999999976040e-01 -5.570783386083949518e-01
7.800009999999975019e-01 -5.635725273047982320e-01
7.900009999999973997e-01 -5.698246713849113299e-01
8.000009999999972976e-01 -5.758286007373576432e-01
8.100009999999971955e-01 -5.815783902087294788e-01
8.200009999999970933e-01 -5.870683654509991634e-01
8.300009999999969912e-01 -5.922931085214152569e-01
8.400009999999968890e-01 -5.972474632293580665e-01
8.500009999999967869e-01 -6.019265402248774599e-01
8.600009999999966848e-01 -6.063257218238906621e-01
8.700009999999965826e-01 -6.104406665652790664e-01
8.800009999999964805e-01 -6.142673134953862135e-01
8.900009999999963783e-01 -6.178018861756887636e-01
9.000009999999962762e-01 -6.210408964096854056e-01
9.100009999999961741e-01 -6.239811476853255323e-01
9.200009999999960719e-01 -6.266197383295811774e-01
9.300009999999959698e-01 -6.289540643720463731e-01
9.400009999999958676e-01 -6.309818221147477368e-01
9.500009999999957655e-01 -6.327010104055926787e-01
9.600009999999956634e-01 -6.341099326133532443e-01
9.700009999999955612e-01 -6.352071983017062440e-01
9.800009999999954591e-01 -6.359917246026584037e-01
9.900004999999978406e-01 -6.364627215766196500e-01
1.000000000000000000e+00 -6.366197715155824666e-01
1.009999999999999787e+00 -6.366202951040654812e-01
1.019999999999999574e+00 -6.366239595316480759e-01
1.029999999999999361e+00 -6.366339025162350840e-01
1.039999999999999147e+00 -6.366532555795786363e-01
1.049999999999998934e+00 -6.366851409568126119e-01
1.059999999999998721e+00 -6.367326685151919463e-01
1.069999999999998508e+00 -6.367989326850266307e-01
1.079999999999998295e+00 -6.368870094058535214e-01
1.089999999999998082e+00 -6.369999530908549978e-01
1.099999999999997868e+00 -6.371407936125220717e-01
1.109999999999997655e+00 -6.373125333125359004e-01
1.119999999999997442e+00 -6.375181440388192344e-01
1.129999999999997229e+00 -6.377605642126812358e-01
1.139999999999997016e+00 -6.380426959289502431e-01
1.149999999999996803e+00 -6.383674020919566372e-01
1.159999999999996589e+00 -6.387375035901921017e-01
1.169999999999996376e+00 -6.391557765124329382e-01
1.179999999999996163e+00 -6.396249494080759046e-01
1.189999999999995950e+00 -6.401477005943891907e-01
1.199999999999995737e+00 -6.407266555133366293e-01
1.209999999999995524e+00 -6.413643841405834989e-01
1.219999999999995310e+00 -6.420633984492408741e-01
1.229999999999995097e+00 -6.428261499308514093e-01
1.239999999999994884e+00 -6.436550271760630437e-01
1.249999999999994671e+00 -6.445523535173784957e-01
1.259999999999994458e+00 -6.455203847363067959e-01
1.269999999999994245e+00 -6.465613068371788286e-01
1.279999999999994031e+00 -6.476772338898253434e-01
1.289999999999993818e+00 -6.488702059432450708e-01
1.299999999999993605e+00 -6.501421870123228475e-01
1.309999999999993392e+00 -6.514950631395838299e-01
1.319999999999993179e+00 -6.529306405338974884e-01
1.329999999999992966e+00 -6.544506437879671346e-01
1.339999999999992752e+00 -6.560567141763653520e-01
1.349999999999992539e+00 -6.577504080357944316e-01
1.359999999999992326e+00 -6.595331952291694222e-01
1.369999999999992113e+00 -6.614064576950411389e-01
1.379999999999991900e+00 -6.633714880837898731e-01
1.389999999999991687e+00 -6.654294884819350608e-01
1.399999999999991473e+00 -6.675815692258213474e-01
1.409999999999991260e+00 -6.698287478058506661e-01
1.419999999999991047e+00 -6.721719478623419120e-01
1.429999999999990834e+00 -6.746119982740095278e-01
1.439999999999990621e+00 -6.771496323399603945e-01
1.449999999999990408e+00 -6.797854870560158247e-01
1.459999999999990195e+00 -6.825201024860738652e-01
1.469999999999989981e+00 -6.853539212291315241e-01
1.479999999999989768e+00 -6.882872879824926127e-01
1.489999999999989555e+00 -6.913204492015935232e-01
1.499999999999989342e+00 -6.944535528567812310e-01
1.509999999999989129e+00 -6.976866482872844388e-01
1.519999999999988916e+00 -7.010196861525219703e-01
1.529999999999988702e+00 -7.044525184807954865e-01
1.539999999999988489e+00 -7.079848988153201184e-01
1.549999999999988276e+00 -7.116164824574473524e-01
1.559999999999988063e+00 -7.153468268068410296e-01
1.569999999999987850e+00 -7.191753917982705024e-01
1.579999999999987637e+00 -7.231015404345897402e-01
1.589999999999987423e+00 -7.271245394153765806e-01
1.599999999999987210e+00 -7.312435598606118470e-01
1.609999999999986997e+00 -7.354576781286836784e-01
1.619999999999986784e+00 -7.397658767279102765e-01
1.629999999999986571e+00 -7.441670453206816749e-01
1.639999999999986358e+00 -7.486599818192285483e-01
1.649999999999986144e+00 -7.532433935719378137e-01
1.659999999999985931e+00 -7.579158986390438502e-01
1.669999999999985718e+00 -7.626760271564360094e-01
1.679999999999985505e+00 -7.675222227862371627e-01
1.689999999999985292e+00 -7.724528442527212047e-01
1.699999999999985079e+00 -7.774661669620540616e-01
1.709999999999984865e+00 -7.825603847042597039e-01
1.719999999999984652e+00 -7.877336114357311736e-01
1.729999999999984439e+00 -7.929838831405280342e-01
1.739999999999984226e+00 -7.983091597686227114e-01
1.749999999999984013e+00 -8.037073272491841447e-01
1.759999999999983800e+00 -8.091761995769097826e-01
1.769999999999983586e+00 -8.147135209693493474e-01
1.779999999999983373e+00 -8.203169680930897378e-01
1.789999999999983160e+00 -8.259841523566043842e-01
1.799999999999982947e+00 -8.317126222675048641e-01
1.809999999999982734e+00 -8.374998658518679751e-01
1.819999999999982521e+00 -8.433433131332505051e-01
1.829999999999982307e+00 -8.492403386689459932e-01
1.839999999999982094e+00 -8.551882641409793706e-01
1.849999999999981881e+00 -8.611843609992837489e-01
1.859999999999981668e+00 -8.672258531544498883e-01
1.869999999999981455e+00 -8.733099197173909145e-01
1.879999999999981242e+00 -8.794336977832197810e-01
1.889999999999981029e+00 -8.855942852565903411e-01
1.899999999999980815e+00 -8.917887437157154817e-01
1.909999999999980602e+00 -8.980141013122342475e-01
1.919999999999980389e+00 -9.042673557040676879e-01
1.929999999999980176e+00 -9.105454770183677438e-01
1.939999999999979963e+00 -9.168454108416362880e-01
1.949999999999979750e+00 -9.231640812340622393e-01
1.959999999999979536e+00 -9.294983937651029038e-01
1.969999999999979323e+00 -9.358452385673126095e-01
1.979999999999979110e+00 -9.422014934054101509e-01
1.989999999999978897e+00 -9.485640267575352613e-01
1.994999999999989448e+00 -9.517466674937247184e-01
2.000000000000000000e+00 -9.549297009014288129e-01
2.009999999999999787e+00 -9.612958998165660462e-01
2.019999999999999574e+00 -9.676621170554089435e-01
2.029999999999999361e+00 -9.740283997189194132e-01
2.039999999999999147e+00 -9.803948262568357164e-01
2.049999999999998934e+00 -9.867615063902522854e-01
2.059999999999998721e+00 -9.931285810033380068e-01
2.069999999999998508e+00 -9.994962220043008827e-01
2.079999999999998295e+00 -1.005864632155734961e+00
2.089999999999998082e+00 -1.012234044874518624e+00
2.099999999999997868e+00 -1.018604724001459738e+00
2.109999999999997655e+00 -1.024976963540917163e+00
2.119999999999997442e+00 -1.031351087370653730e+00
2.129999999999997229e+00 -1.037727448922207696e+00
2.139999999999997016e+00 -1.044106430832099086e+00
2.149999999999996803e+00 -1.050488444564213086e+00
2.159999999999996589e+00 -1.056873930003735307e+00
2.169999999999996376e+00 -1.063263355023037926e+00
2.179999999999996163e+00 -1.069657215019946372e+00
2.189999999999995950e+00 -1.076056032428841069e+00
2.199999999999995737e+00 -1.082460356205078300e+00
2.209999999999995524e+00 -1.088870761283236899e+00
2.219999999999995310e+00 -1.095287848009728116e+00
2.229999999999995097e+00 -1.101712241550325544e+00
2.239999999999994884e+00 -1.108144591273202195e+00
2.249999999999994671e+00 -1.114585570108082013e+00
2.259999999999994458e+00 -1.121035873882140654e+00
2.269999999999994245e+00 -1.127496220633306567e+00
2.279999999999994031e+00 -1.133967349901645605e+00
2.289999999999993818e+00 -1.140450021999523500e+00
2.299999999999993605e+00 -1.146945017261269628e+00
2.309999999999993392e+00 -1.153453135273080798e+00
2.319999999999993179e+00 -1.159975194083926908e+00
2.329999999999992966e+00 -1.166512029398234951e+00
2.339999999999992752e+00 -1.173064493751149628e+00
2.349999999999992539e+00 -1.179633455667184139e+00
2.359999999999992326e+00 -1.186219798803091585e+00
2.369999999999992113e+00 -1.192824421075802110e+00
2.379999999999991900e+00 -1.199448233776287287e+00
2.389999999999991687e+00 -1.206092160670226399e+00
2.399999999999991473e+00 -1.212757137086360570e+00
2.409999999999991260e+00 -1.219444108993436915e+00
2.419999999999991047e+00 -1.226154032066651078e+00
2.429999999999990834e+00 -1.232887870744511449e+00
2.439999999999990621e+00 -1.239646597277054507e+00
2.449999999999990408e+00 -1.246431190766351893e+00
2.459999999999990195e+00 -1.253242636200254445e+00
2.469999999999989981e+00 -1.260081923480328436e+00
2.479999999999989768e+00 -1.266950046444941913e+00
2.489999999999989555e+00 -1.273848001888466586e+00
2.499999999999989342e+00 -1.280776788577561609e+00
2.509999999999989129e+00 -1.287737406265512030e+00
2.519999999999988916e+00 -1.294730854705592682e+00
2.529999999999988702e+00 -1.301758132664432521e+00
2.539999999999988489e+00 -1.308820236936352410e+00
2.549999999999988276e+00 -1.315918161359649563e+00
2.559999999999988063e+00 -1.323052895835798992e+00
2.569999999999987850e+00 -1.330225425352540736e+00
2.579999999999987637e+00 -1.337436729011815428e+00
2.589999999999987423e+00 -1.344687779063508781e+00
2.599999999999987210e+00 -1.351979539945958875e+00
2.609999999999986997e+00 -1.359312967334171507e+00
2.619999999999986784e+00 -1.366689007196684180e+00
2.629999999999986571e+00 -1.374108594862010202e+00
2.639999999999986358e+00 -1.381572654095581276e+00
2.649999999999986144e+00 -1.389082096188103410e+00
2.659999999999985931e+00 -1.396637819056222529e+00
2.669999999999985718e+00 -1.404240706356389534e+00
2.679999999999985505e+00 -1.411891626612797657e+00
2.689999999999985292e+00 -1.419591432360254091e+00
2.699999999999985079e+00 -1.427340959302831225e+00
2.709999999999984865e+00 -1.435141025489127475e+00
2.719999999999984652e+00 -1.442992430504952184e+00
2.729999999999984439e+00 -1.450895954684230826e+00
2.739999999999984226e+00 -1.458852358338909472e+00
2.749999999999984013e+00 -1.466862381008619209e+00
2.759999999999983800e+00 -1.474926740730839514e+00
2.769999999999983586e+00 -1.483046133332281524e+00
2.779999999999983373e+00 -1.491221231742192010e+00
2.789999999999983160e+00 -1.499452685328252821e+00
2.799999999999982947e+00 -1.507741119255733508e+00
2.809999999999982734e+00 -1.516087133870528403e+00
2.819999999999982521e+00 -1.524491304106688538e+00
2.829999999999982307e+00 -1.532954178919029964e+00
2.839999999999982094e+00 -1.541476280741382654e+00
2.849999999999981881e+00 -1.550058104971010930e+00
2.859999999999981668e+00 -1.558700119479716095e+00
2.869999999999981455e+00 -1.567402764152103778e+00
2.879999999999981242e+00 -1.576166450451470524e+00
2.889999999999981029e+00 -1.584991561013739503e+00
2.899999999999980815e+00 -1.593878449269845232e+00
2.909999999999980602e+00 -1.602827439096939255e+00
2.919999999999980389e+00 -1.611838824498762923e+00
2.929999999999980176e+00 -1.620912869315501492e+00
2.939999999999979963e+00 -1.630049806963405068e+00
2.949999999999979750e+00 -1.639249840204435316e+00
2.959999999999979536e+00 -1.648513140946163968e+00
2.969999999999979323e+00 -1.657839850072120536e+00
2.979999999999979110e+00 -1.667230077302757296e+00
2.989999999999978897e+00 -1.676683901087169026e+00
2.994999999999989448e+00 -1.681434677584214166e+00
3.000000000000000000e+00 -1.686201368430218395e+00
3.009999999999999787e+00 -1.695782496428854369e+00
3.019999999999999574e+00 -1.705427286480996285e+00
3.029999999999999361e+00 -1.715135738979240321e+00
3.039999999999999147e+00 -1.724907854943988239e+00
3.049999999999998934e+00 -1.734743636336574912e+00
3.059999999999998721e+00 -1.744643086371465701e+00
3.069999999999998508e+00 -1.754606209827217045e+00
3.079999999999998295e+00 -1.764633013355894953e+00
3.089999999999998082e+00 -1.774723505790643197e+00
3.099999999999997868e+00 -1.784877698451099226e+00
3.109999999999997655e+00 -1.795095605446357379e+00
3.119999999999997442e+00 -1.805377243975177182e+00
3.129999999999997229e+00 -1.815722634623144316e+00
3.139999999999997016e+00 -1.826131801656488696e+00
3.149999999999996803e+00 -1.836604773312269678e+00
3.159999999999996589e+00 -1.847141582084643296e+00
3.169999999999996376e+00 -1.857742265006927296e+00
3.179999999999996163e+00 -1.868406863929187756e+00
3.189999999999995950e+00 -1.879135425791071290e+00
3.199999999999995737e+00 -1.889928002889614822e+00
3.209999999999995524e+00 -1.900784653141767810e+00
3.219999999999995310e+00 -1.911705440341369133e+00
3.229999999999995097e+00 -1.922690434410323279e+00
3.239999999999994884e+00 -1.933739711643729375e+00
3.249999999999994671e+00 -1.944853354948721025e+00
3.259999999999994458e+00 -1.956031454076779807e+00
3.269999999999994245e+00 -1.967274105849295074e+00
3.279999999999994031e+00 -1.978581414376146430e+00
3.289999999999993818e+00 -1.989953491267092867e+00
3.299999999999993605e+00 -2.001390455835761806e+00
3.309999999999993392e+00 -2.012892435296032900e+00
3.319999999999993179e+00 -2.024459564950628288e+00
3.329999999999992966e+00 -2.036091988371717232e+00
3.339999999999992752e+00 -2.047789857573362404e+00
3.349999999999992539e+00 -2.059553333175632162e+00
3.359999999999992326e+00 -2.071382584560223616e+00
3.369999999999992113e+00 -2.083277790017434405e+00
3.379999999999991900e+00 -2.095239136884346376e+00
3.389999999999991687e+00 -2.107266821674080415e+00
3.399999999999991473e+00 -2.119361050195993634e+00
3.409999999999991260e+00 -2.131522037666705227e+00
3.419999999999991047e+00 -2.143750008811836416e+00
3.429999999999990834e+00 -2.156045197958366799e+00
3.439999999999990621e+00 -2.168407849117515607e+00
3.449999999999990408e+00 -2.180838216058065271e+00
3.459999999999990195e+00 -2.193336562370055809e+00
3.469999999999989981e+00 -2.205903161518786515e+00
3.479999999999989768e+00 -2.218538296889072559e+00
3.489999999999989555e+00 -2.231242261819711636e+00
3.499999999999989342e+00 -2.244015359628127371e+00
3.509999999999989129e+00 -2.256857903625165029e+00
3.519999999999988916e+00 -2.269770217120024913e+00
3.529999999999988702e+00 -2.282752633415328969e+00
3.539999999999988489e+00 -2.295805495792324180e+00
3.549999999999988276e+00 -2.308929157486239170e+00
3.559999999999988063e+00 -2.322123981651817548e+00
3.569999999999987850e+00 -2.335390341319060870e+00
3.579999999999987637e+00 -2.348728619339226498e+00
3.589999999999987423e+00 -2.362139208321133665e+00
3.599999999999987210e+00 -2.375622510557838130e+00
3.609999999999986997e+00 -2.389178937943752690e+00
3.619999999999986784e+00 -2.402808911882288623e+00
3.629999999999986571e+00 -2.416512863184116622e+00
3.639999999999986358e+00 -2.430291231956141385e+00
3.649999999999986144e+00 -2.444144467481301763e+00
3.659999999999985931e+00 -2.458073028089317269e+00
3.669999999999985718e+00 -2.472077381018505715e+00
3.679999999999985505e+00 -2.486158002268807454e+00
3.689999999999985292e+00 -2.500315376446165416e+00
3.699999999999985079e+00 -2.514549996598411052e+00
3.709999999999984865e+00 -2.528862364042817834e+00
3.719999999999984652e+00 -2.543252988185496832e+00
3.729999999999984439e+00 -2.557722386332806241e+00
3.739999999999984226e+00 -2.572271083494966692e+00
3.749999999999984013e+00 -2.586899612182072872e+00
3.759999999999983800e+00 -2.601608512192703948e+00
3.769999999999983586e+00 -2.616398330395340643e+00
3.779999999999983373e+00 -2.631269620502805662e+00
3.789999999999983160e+00 -2.646222942839949077e+00
3.799999999999982947e+00 -2.661258864104809163e+00
3.809999999999982734e+00 -2.676377957123483142e+00
3.819999999999982521e+00 -2.691580800598950773e+00
3.829999999999982307e+00 -2.706867978854097245e+00
3.839999999999982094e+00 -2.722240081569190284e+00
3.849999999999981881e+00 -2.737697703514071712e+00
3.859999999999981668e+00 -2.753241444275323246e+00
3.869999999999981455e+00 -2.768871907978680991e+00
3.879999999999981242e+00 -2.784589703006969952e+00
3.889999999999981029e+00 -2.800395441713836586e+00
3.899999999999980815e+00 -2.816289740133563591e+00
3.909999999999980602e+00 -2.832273217687251599e+00
3.919999999999980389e+00 -2.848346496885658663e+00
3.929999999999980176e+00 -2.864510203028991064e+00
3.939999999999979963e+00 -2.880764963903940767e+00
3.949999999999979750e+00 -2.897111409478268840e+00
3.959999999999979536e+00 -2.913550171593236815e+00
3.969999999999979323e+00 -2.930081883654190200e+00
3.979999999999979110e+00 -2.946707180319595221e+00
3.989999999999978897e+00 -2.963426697188843217e+00
3.999999999999978684e+00 -2.980241070488145905e+00
4.009999999999979359e+00 -2.997150936760781370e+00
4.019999999999980034e+00 -3.014156932623506702e+00
4.029999999999980709e+00 -3.031259694698416496e+00
4.039999999999981384e+00 -3.048459859614409240e+00
4.049999999999982059e+00 -3.065758064015031259e+00
4.059999999999982734e+00 -3.083154944569448830e+00
4.069999999999983409e+00 -3.100651137986534245e+00
4.079999999999984084e+00 -3.118247281032055618e+00
4.089999999999984759e+00 -3.135944010548952665e+00
4.099999999999985434e+00 -3.153741963480675370e+00
4.109999999999986109e+00 -3.171641776897565546e+00
4.119999999999986784e+00 -3.189644088026255542e+00
4.129999999999987459e+00 -3.207749534282053450e+00
4.139999999999988134e+00 -3.225958753304283277e+00
4.149999999999988809e+00 -3.244272382994545456e+00
4.159999999999989484e+00 -3.262691061557859484e+00
4.169999999999990159e+00 -3.281215427546649188e+00
4.179999999999990834e+00 -3.299846119907526187e+00
4.189999999999991509e+00 -3.318583778030825826e+00
4.199999999999992184e+00 -3.337429041802845830e+00
4.209999999999992859e+00 -3.356382551660737512e+00
4.219999999999993534e+00 -3.375444948649994448e+00
4.229999999999994209e+00 -3.394616874484482238e+00
4.239999999999994884e+00 -3.413898971608950283e+00
4.249999999999995559e+00 -3.433291883263962951e+00
4.259999999999996234e+00 -3.452796253553187533e+00
4.269999999999996909e+00 -3.472412727512970143e+00
4.279999999999997584e+00 -3.492141951184134285e+00
4.289999999999998259e+00 -3.511984571685929257e+00
4.299999999999998934e+00 -3.531941237292054669e+00
4.309999999999999609e+00 -3.552012597508687808e+00
4.320000000000000284e+00 -3.572199303154434347e+00
4.330000000000000959e+00 -3.592502006442128248e+00
4.340000000000001634e+00 -3.612921361062395142e+00
4.350000000000002309e+00 -3.633458022268897025e+00
4.360000000000002984e+00 -3.654112646965180566e+00
4.370000000000003659e+00 -3.674885893793032654e+00
4.380000000000004334e+00 -3.695778423222266351e+00
4.390000000000005009e+00 -3.716790897641841784e+00
4.400000000000005684e+00 -3.737923981452235811e+00
4.410000000000006359e+00 -3.759178341158967207e+00
4.420000000000007034e+00 -3.780554645467184560e+00
4.430000000000007709e+00 -3.802053565377227162e+00
4.440000000000008384e+00 -3.823675774281060313e+00
4.450000000000009059e+00 -3.845421948059492667e+00
4.460000000000009734e+00 -3.867292765180078806e+00
4.470000000000010409e+00 -3.889288906795608458e+00
4.480000000000011084e+00 -3.911411056843090428e+00
4.490000000000011759e+00 -3.933659902143126441e+00
4.500000000000012434e+00 -3.956036132499583413e+00
4.510000000000013110e+00 -3.978540440799462452e+00
4.520000000000013785e+00 -4.001173523112863784e+00
4.530000000000014460e+00 -4.023936078792957005e+00
4.540000000000015135e+00 -4.046828810575846980e+00
4.550000000000015810e+00 -4.069852424680245662e+00
4.560000000000016485e+00 -4.093007630906848604e+00
4.570000000000017160e+00 -4.116295142737316226e+00
4.580000000000017835e+00 -4.139715677432764807e+00
4.590000000000018510e+00 -4.163269956131666838e+00
4.600000000000019185e+00 -4.186958703947071925e+00
4.610000000000019860e+00 -4.210782650063038979e+00
4.620000000000020535e+00 -4.234742527830198000e+00
4.630000000000021210e+00 -4.258839074860338414e+00
4.640000000000021885e+00 -4.283073033119932482e+00
4.650000000000022560e+00 -4.307445149022508524e+00
4.660000000000023235e+00 -4.331956173519768249e+00
4.670000000000023910e+00 -4.356606862191372720e+00
4.680000000000024585e+00 -4.381397975333301886e+00
4.690000000000025260e+00 -4.406330278044697124e+00
4.700000000000025935e+00 -4.431404540313110374e+00
4.710000000000026610e+00 -4.456621537098065744e+00
4.720000000000027285e+00 -4.481982048412858965e+00
4.730000000000027960e+00 -4.507486859404508550e+00
4.740000000000028635e+00 -4.533136760431783152e+00
4.750000000000029310e+00 -4.558932547141226088e+00
4.760000000000029985e+00 -4.584875020541104185e+00
4.770000000000030660e+00 -4.610964987073203680e+00
4.780000000000031335e+00 -4.637203258682409235e+00
4.790000000000032010e+00 -4.663590652883990550e+00
4.800000000000032685e+00 -4.690127992828533543e+00
4.810000000000033360e+00 -4.716816107364451227e+00
4.820000000000034035e+00 -4.743655831098014808e+00
4.830000000000034710e+00 -4.770648004450841029e+00
4.840000000000035385e+00 -4.797793473714783374e+00
4.850000000000036060e+00 -4.825093091104172061e+00
4.860000000000036735e+00 -4.852547714805348633e+00
4.870000000000037410e+00 -4.880158209023448990e+00
4.880000000000038085e+00 -4.907925444026390416e+00
4.890000000000038760e+00 -4.935850296186011121e+00
4.900000000000039435e+00 -4.963933648016333855e+00
4.910000000000040110e+00 -4.992176388208903859e+00
4.920000000000040785e+00 -5.020579411665174518e+00
4.930000000000041460e+00 -5.049143619525906068e+00
4.940000000000042135e+00 -5.077869919197547155e+00
4.950000000000042810e+00 -5.106759224375573503e+00
4.960000000000043485e+00 -5.135812455064763249e+00
4.970000000000044160e+00 -5.165030537596385862e+00
4.980000000000044835e+00 -5.194414404642290428e+00
4.990000000000021529e+00 -5.223964995225809815e+00
5.000000000000000000e+00 -5.253683254729799579e+00
