-1.000010000000000066e+00 -7.961366567287353480e-01
-1.000000000000000000e+00 -7.960930657056436432e-01
-9.899999999999999911e-01 -7.504691617305940810e-01
-9.799999999999999822e-01 -7.009521891295136253e-01
-9.699999999999999734e-01 -6.477990178476561445e-01
-9.599999999999999645e-01 -5.912853806586578775e-01
-9.499999999999999556e-01 -5.317044427971502341e-01
-9.399999999999999467e-01 -4.693652811602628816e-01
-9.299999999999999378e-01 -4.045912809671579624e-01
-9.200000000000000400e-01 -3.377184581939666752e-01
-9.100000000000000311e-01 -2.690937164864987685e-01
-9.000000000000000222e-01 -1.990730475930279630e-01
-8.900000000000000133e-01 -1.280196846524293552e-01
-8.800000000000000044e-01 -5.630221791749737137e-02
-8.699999999999999956e-01 1.570731731182083840e-02
-8.599999999999999867e-01 8.763537062643367292e-02
-8.499999999999999778e-01 1.591088143057490800e-01
-8.399999999999999689e-01 2.297568789226241970e-01
-8.299999999999999600e-01 2.992130767146384263e-01
-8.200000000000000622e-01 3.671171027441630930e-01
-8.100000000000000533e-01 4.331167039849652678e-01
-8.000000000000000444e-01 4.968695066393920001e-01
-7.900000000000000355e-01 5.580447922069495803e-01
-7.800000000000000266e-01 6.163252130908587478e-01
-7.700000000000000178e-01 6.714084388428803729e-01
-7.600000000000000089e-01 7.230087245064860113e-01
-7.500000000000000000e-01 7.708583929225647502e-01
-7.399999999999999911e-01 8.147092233082053880e-01
-7.299999999999999822e-01 8.543337389052596542e-01
-7.199999999999999734e-01 8.895263870190158739e-01
-7.099999999999999645e-01 9.201046053254955392e-01
-6.999999999999999556e-01 9.459097689159103872e-01
-6.899999999999999467e-01 9.668080131654543941e-01
-6.799999999999999378e-01 9.826909281578025679e-01
-6.699999999999999289e-01 9.934761210629774464e-01
-6.599999999999999201e-01 9.991076435512319387e-01
-6.499999999999999112e-01 9.995562820257475334e-01
-6.400000000000000133e-01 9.948197091685495597e-01
-6.300000000000000044e-01 9.849224960135001261e-01
-6.199999999999999956e-01 9.699159844837368372e-01
-6.099999999999999867e-01 9.498780210547743685e-01
-5.999999999999999778e-01 9.249125529248886091e-01
-5.899999999999999689e-01 8.951490887876641933e-01
-5.800000000000000711e-01 8.607420270039438659e-01
-5.700000000000000622e-01 8.218698546583068643e-01
-5.600000000000000533e-01 7.787342216549755225e-01
-5.500000000000000444e-01 7.315588946562894268e-01
-5.400000000000000355e-01 6.805885962902078479e-01
-5.300000000000000266e-01 6.260877356484666478e-01
-5.200000000000000178e-01 5.683390366609423205e-01
-5.100000000000000089e-01 5.076420714615577090e-01
-5.000000000000000000e-01 4.443117063539033240e-01
-4.899999999999999911e-01 3.786764684381563328e-01
-4.799999999999999822e-01 3.110768413724361303e-01
-4.699999999999999734e-01 2.418634991093595310e-01
-4.599999999999999645e-01 1.713954867703087193e-01
-4.499999999999999556e-01 1.000383580941515277e-01
-4.399999999999999467e-01 2.816227912242508236e-02
-4.299999999999999378e-01 -4.385989204186561269e-02
-4.200000000000000400e-01 -1.156545394405478211e-01
-4.100000000000000311e-01 -1.868492273979717733e-01
-4.000000000000000222e-01 -2.570746325359606899e-01
-3.900000000000000133e-01 -3.259664596436864237e-01
-3.800000000000000044e-01 -3.931673314638539085e-01
-3.699999999999999956e-01 -4.583286425919166351e-01
-3.599999999999999867e-01 -5.211123678711865326e-01
-3.499999999999999778e-01 -5.811928159027703877e-01
-3.399999999999999689e-01 -6.382583185739770792e-01
-3.299999999999999600e-01 -6.920128478407414629e-01
-3.199999999999999512e-01 -7.421775513769895971e-01
-3.099999999999999423e-01 -7.884921991247391126e-01
-2.999999999999999334e-01 -8.307165332409406355e-01
-2.900000000000000355e-01 -8.686315144381913100e-01
-2.800000000000000266e-01 -9.020404582539151006e-01
-2.700000000000000178e-01 -9.307700553535908083e-01
-2.600000000000000089e-01 -9.546712705752015138e-01
-2.500000000000000000e-01 -9.736201160510929986e-01
-2.399999999999999911e-01 -9.875182943966644977e-01
-2.299999999999999822e-01 -9.962937086293410793e-01
-2.199999999999999734e-01 -9.999008361726173799e-01
-2.099999999999999645e-01 -9.983209650050212103e-01
-1.999999999999999556e-01 -9.915622907289696197e-01
-1.899999999999999467e-01 -9.796598740559733232e-01
-1.799999999999999378e-01 -9.626754589287376263e-01
-1.699999999999999289e-01 -9.406971522236480254e-01
-1.600000000000000311e-01 -9.138389666951912682e-01
-1.500000000000000222e-01 -8.822402295332971711e-01
-1.400000000000000133e-01 -8.460648596017124046e-01
-1.300000000000000044e-01 -8.055005171067409764e-01
-1.199999999999999956e-01 -7.607576301074640002e-01
-1.099999999999999867e-01 -7.120683029174186274e-01
-9.999999999999997780e-02 -6.596851120604287910e-01
-8.999999999999996891e-02 -6.038797960265692710e-01
-7.999999999999996003e-02 -5.449418456251839959e-01
-6.999999999999995115e-02 -4.831770022475134208e-01
-5.999999999999994227e-02 -4.189056718292134551e-01
-4.999999999999993339e-02 -3.524612627403599929e-01
-4.000000000000003553e-02 -2.841884562251535407e-01
-3.000000000000002665e-02 -2.144414183634389126e-01
-2.000000000000001776e-02 -1.435819628295214589e-01
-1.000000000000000888e-02 -7.197767397898023611e-02
0.000000000000000000e+00 0.000000000000000000e+00
9.999999999999999547e-07 -7.960908860439300550e-07
8.401272567804238950e-03 -6.530302559117749477e-03
1.840127256780423742e-02 -1.386922047181501569e-02
2.840127256780423590e-02 -2.070041303847904371e-02
3.840127256780424131e-02 -2.698844219639880138e-02
4.840127256780424325e-02 -3.270068902304403696e-02
5.840127256780424519e-02 -3.780752107963075703e-02
6.840127256780424714e-02 -4.228244663018768112e-02
7.840127256780425602e-02 -4.610225193370213331e-02
8.840127256780426490e-02 -4.924712170163343672e-02
9.840127256780427378e-02 -5.170074188035560236e-02
1.084012725678042827e-01 -5.345038428310409234e-02
1.184012725678042915e-01 -5.448697261692055788e-02
1.284012725678042866e-01 -5.480512956622685811e-02
1.384012725678042954e-01 -5.440320468767059076e-02
1.484012725678043043e-01 -5.328328297183493323e-02
1.584012725678043132e-01 -5.145117402731906597e-02
1.684012725678043221e-01 -4.891638194331827949e-02
1.784012725678043310e-01 -4.569205598703626747e-02
1.884012725678043398e-01 -4.179492239168900586e-02
1.984012725678043487e-01 -3.724519758895039612e-02
2.084012725678043576e-01 -3.206648333594764450e-02
2.184012725678043665e-01 -2.628564428083637536e-02
2.284012725678043754e-01 -1.993266860208577074e-02
2.384012725678043843e-01 -1.304051244440916288e-02
2.484012725678043931e-01 -5.644928958330801445e-03
2.584012725678043743e-01 2.215717169751735098e-03
2.684012725678043831e-01 1.050064873488174358e-02
2.784012725678043920e-01 1.916688754582929199e-02
2.884012725678044009e-01 2.816947737502229279e-02
2.984012725678044098e-01 3.746171716956705339e-02
3.084012725678044187e-01 4.699540331357310308e-02
3.184012725678044275e-01 5.672107968504328662e-02
3.284012725678044364e-01 6.658829421015567684e-02
3.384012725678044453e-01 7.654586058405871141e-02
3.484012725678044542e-01 8.654212380049940145e-02
3.584012725678044631e-01 9.652522811284622306e-02
3.684012725678044720e-01 1.064433860364553397e-01
3.784012725678044808e-01 1.162451469969268680e-01
3.884012725678044897e-01 1.258796642306348745e-01
3.984012725678044986e-01 1.352969585529810170e-01
4.084012725678045075e-01 1.444481776260705674e-01
4.184012725678045164e-01 1.532858493808564315e-01
4.284012725678045252e-01 1.617641282791204005e-01
4.384012725678045341e-01 1.698390331378042961e-01
4.484012725678045430e-01 1.774686752819743529e-01
4.584012725678045519e-01 1.846134758428722711e-01
4.684012725678045608e-01 1.912363710738162470e-01
4.784012725678045697e-01 1.973030046188733733e-01
4.884012725678045785e-01 2.027819057369069367e-01
4.984012725678045874e-01 2.076446525564591694e-01
5.084012725678044298e-01 2.118660195145823932e-01
5.184012725678043276e-01 2.154241082147778930e-01
5.284012725678042255e-01 2.183004610252151645e-01
5.384012725678041233e-01 2.204801568279392832e-01
5.484012725678040212e-01 2.219518884223661559e-01
5.584012725678039191e-01 2.227080211815338773e-01
5.684012725678038169e-01 2.227446326568304213e-01
5.784012725678037148e-01 2.220615329257471515e-01
5.884012725678036126e-01 2.206622655771044161e-01
5.984012725678035105e-01 2.185540893286380404e-01
6.084012725678034084e-01 2.157479403723057687e-01
6.184012725678033062e-01 2.122583756426479340e-01
6.284012725678032041e-01 2.081034973024985524e-01
6.384012725678031019e-01 2.033048588377779631e-01
6.484012725678029998e-01 1.978873532485017628e-01
6.584012725678028977e-01 1.918790839160165185e-01
6.684012725678027955e-01 1.853112188163402174e-01
6.784012725678026934e-01 1.782178288358775564e-01
6.884012725678025912e-01 1.706357110282495926e-01
6.984012725678024891e-01 1.626041977290950957e-01
7.084012725678023870e-01 1.541649525190632863e-01
7.184012725678022848e-01 1.453617540934422914e-01
7.284012725678021827e-01 1.362402691596028559e-01
7.384012725678020805e-01 1.268478155403544860e-01
7.484012725678019784e-01 1.172331167121185291e-01
7.584012725678018763e-01 1.074460490512548633e-01
7.684012725678017741e-01 9.753738309970486076e-02
7.784012725678016720e-01 8.755852019213876403e-02
7.884012725678015698e-01 7.756122581085743428e-02
7.984012725678014677e-01 6.759736105167354903e-02
8.084012725678013656e-01 5.771861359379639594e-02
8.184012725678012634e-01 4.797622956931762300e-02
8.284012725678011613e-01 3.842074772322840587e-02
8.384012725678010591e-01 2.910173724301652609e-02
8.484012725678009570e-01 2.006754061785570586e-02
8.584012725678008549e-01 1.136502286130853558e-02
8.684012725678007527e-01 3.039328398453562674e-03
8.784012725678006506e-01 -4.866353121412418659e-03
8.884012725678005484e-01 -1.231101087164645363e-02
8.984012725678004463e-01 -1.925602559246272077e-02
9.084012725678003441e-01 -2.566536992884268717e-02
9.184012725678002420e-01 -3.150579532293763807e-02
9.284012725678001399e-01 -3.674700449130362256e-02
9.384012725678000377e-01 -4.136180859281247263e-02
9.484012725677999356e-01 -4.532626826979521684e-02
9.584012725677998334e-01 -4.861981783872577900e-02
9.684012725677997313e-01 -5.122537195649454894e-02
9.784012725677996292e-01 -5.312941431981699214e-02
9.884012725677995270e-01 -5.432206752384598214e-02
9.942006362838997635e-01 -5.468523583238066310e-02
1.000000000000000000e+00 -5.480636164865765325e-02
1.009999999999999787e+00 -5.484542404499781476e-02
1.019999999999999574e+00 -5.495950073828238802e-02
1.029999999999999361e+00 -5.514364214787596807e-02
1.039999999999999147e+00 -5.539253524624437874e-02
1.049999999999998934e+00 -5.570053110126354373e-02
1.059999999999998721e+00 -5.606167418565036892e-02
1.069999999999998508e+00 -5.646973326985924024e-02
1.079999999999998295e+00 -5.691823374706348609e-02
1.089999999999998082e+00 -5.740049122015705024e-02
1.099999999999997868e+00 -5.790964617718066809e-02
1.109999999999997655e+00 -5.843869957512257129e-02
1.119999999999997442e+00 -5.898054914754798095e-02
1.129999999999997229e+00 -5.952802624769894940e-02
1.139999999999997016e+00 -6.007393303594360523e-02
1.149999999999996803e+00 -6.061107981866370453e-02
1.159999999999996589e+00 -6.113232234488463063e-02
1.169999999999996376e+00 -6.163059886717108665e-02
1.179999999999996163e+00 -6.209896677453461550e-02
1.189999999999995950e+00 -6.253063860731920831e-02
1.199999999999995737e+00 -6.291901726723733712e-02
1.209999999999995524e+00 -6.325773023990394206e-02
1.219999999999995310e+00 -6.354066265233840327e-02
1.229999999999995097e+00 -6.376198899394840136e-02
1.239999999999994884e+00 -6.391620333644257301e-02
1.249999999999994671e+00 -6.399814789590578534e-02
1.259999999999994458e+00 -6.400303978887088296e-02
1.269999999999994245e+00 -6.392649584358944814e-02
1.279999999999994031e+00 -6.376455533779276652e-02
1.289999999999993818e+00 -6.351370054499060058e-02
1.299999999999993605e+00 -6.317087498272350166e-02
1.309999999999993392e+00 -6.273349926810568855e-02
1.319999999999993179e+00 -6.219948449840764781e-02
1.329999999999992966e+00 -6.156724308726641698e-02
1.339999999999992752e+00 -6.083569700031070393e-02
1.349999999999992539e+00 -6.000428334747832937e-02
1.359999999999992326e+00 -5.907295730301581616e-02
1.369999999999992113e+00 -5.804219233801256872e-02
1.379999999999991900e+00 -5.691297776426338523e-02
1.389999999999991687e+00 -5.568681360220054805e-02
1.399999999999991473e+00 -5.436570279951812024e-02
1.409999999999991260e+00 -5.295214084085451967e-02
1.419999999999991047e+00 -5.144910280243319284e-02
1.429999999999990834e+00 -4.986002791881564977e-02
1.439999999999990621e+00 -4.818880174182706144e-02
1.449999999999990408e+00 -4.643973598420515769e-02
1.459999999999990195e+00 -4.461754615253379908e-02
1.469999999999989981e+00 -4.272732708549070724e-02
1.479999999999989768e+00 -4.077452652430495206e-02
1.489999999999989555e+00 -3.876491685252780872e-02
1.499999999999989342e+00 -3.670456515171734158e-02
1.509999999999989129e+00 -3.459980172837318763e-02
1.519999999999988916e+00 -3.245718727538851600e-02
1.529999999999988702e+00 -3.028347883836953608e-02
1.539999999999988489e+00 -2.808559476337272112e-02
1.549999999999988276e+00 -2.587057880789385075e-02
1.559999999999988063e+00 -2.364556360128355211e-02
1.569999999999987850e+00 -2.141773364413893793e-02
1.579999999999987637e+00 -1.919428803861245383e-02
1.589999999999987423e+00 -1.698240314297498610e-02
1.599999999999987210e+00 -1.478919534416314047e-02
1.609999999999986997e+00 -1.262168414142861642e-02
1.619999999999986784e+00 -1.048675573259370136e-02
1.629999999999986571e+00 -8.391127291809699629e-03
1.639999999999986358e+00 -6.341312124127853819e-03
1.649999999999986144e+00 -4.343585877643912907e-03
1.659999999999985931e+00 -2.403953988491270947e-03
1.669999999999985718e+00 -5.281205275622031028e-04
1.679999999999985505e+00 1.278541389434749865e-03
1.689999999999985292e+00 3.011017475083038394e-03
1.699999999999985079e+00 4.664678281939887462e-03
1.709999999999984865e+00 6.235303217855666866e-03
1.719999999999984652e+00 7.719102440351059691e-03
1.729999999999984439e+00 9.112736516474664872e-03
1.739999999999984226e+00 1.041333374615525768e-02
1.749999999999984013e+00 1.161850505918360366e-02
1.759999999999983800e+00 1.272635640854551976e-02
1.769999999999983586e+00 1.373549859581562130e-02
1.779999999999983373e+00 1.464505447764238855e-02
1.789999999999983160e+00 1.545466351594081134e-02
1.799999999999982947e+00 1.616448364818843728e-02
1.809999999999982734e+00 1.677519046812263326e-02
1.819999999999982521e+00 1.728797372108921079e-02
1.829999999999982307e+00 1.770453113222282548e-02
1.839999999999982094e+00 1.802705959947556100e-02
1.849999999999981881e+00 1.825824379717996479e-02
1.859999999999981668e+00 1.840124224926572086e-02
1.869999999999981455e+00 1.845967094437530459e-02
1.879999999999981242e+00 1.843758457787544533e-02
1.889999999999981029e+00 1.833945551807169075e-02
1.899999999999980815e+00 1.817015060573912502e-02
1.909999999999980602e+00 1.793490590732199283e-02
1.919999999999980389e+00 1.763929955277020872e-02
1.929999999999980176e+00 1.728922279891738356e-02
1.939999999999979963e+00 1.689084946850735736e-02
1.949999999999979750e+00 1.645060392341260100e-02
1.959999999999979536e+00 1.597512773815439741e-02
1.969999999999979323e+00 1.547124524671606403e-02
1.979999999999979110e+00 1.494592814096625498e-02
1.989999999999978897e+00 1.440625930586604889e-02
1.994999999999989448e+00 1.413327776706743873e-02
2.000000000000000000e+00 1.385939603084545418e-02
2.009999999999999787e+00 1.331120141131443210e-02
2.019999999999999574e+00 1.276223711688170316e-02
2.029999999999999361e+00 1.221177743957753241e-02
2.039999999999999147e+00 1.165914800667094617e-02
2.049999999999998934e+00 1.110372927901945826e-02
2.059999999999998721e+00 1.054495976493279030e-02
2.069999999999998508e+00 9.982338932919380958e-03
2.079999999999998295e+00 9.415429808199796483e-03
2.089999999999998082e+00 8.843861239519209758e-03
2.099999999999997868e+00 8.267329824499382307e-03
2.109999999999997655e+00 7.685601483542492743e-03
2.119999999999997442e+00 7.098512674122120503e-03
2.129999999999997229e+00 6.505971239162246580e-03
2.139999999999997016e+00 5.907956885103295142e-03
2.149999999999996803e+00 5.304521287175242329e-03
2.159999999999996589e+00 4.695787821331679629e-03
2.169999999999996376e+00 4.081950924235439038e-03
2.179999999999996163e+00 3.463275084615847783e-03
2.189999999999995950e+00 2.840093471229978347e-03
2.199999999999995737e+00 2.212806204545346260e-03
2.209999999999995524e+00 1.581878281109732600e-03
2.219999999999995310e+00 9.478371613754917307e-04
2.229999999999995097e+00 3.112700334915308306e-04
2.239999999999994884e+00 -3.271792327429193714e-04
2.249999999999994671e+00 -9.668134259613379942e-04
2.259999999999994458e+00 -1.606885610023028790e-03
2.269999999999994245e+00 -2.246602998754152619e-03
2.279999999999994031e+00 -2.885131068536410034e-03
2.289999999999993818e+00 -3.521597887409263702e-03
2.299999999999993605e+00 -4.155098638228427003e-03
2.309999999999993392e+00 -4.784700312416674366e-03
2.319999999999993179e+00 -5.409446549958084327e-03
2.329999999999992966e+00 -6.028362600528169510e-03
2.339999999999992752e+00 -6.640460380023980973e-03
2.349999999999992539e+00 -7.244743596263359536e-03
2.359999999999992326e+00 -7.840212917263706879e-03
2.369999999999992113e+00 -8.425871155289761660e-03
2.379999999999991900e+00 -9.000728439778060697e-03
2.389999999999991687e+00 -9.563807352303482084e-03
2.399999999999991473e+00 -1.011414799695015306e-02
2.409999999999991260e+00 -1.065081297978411057e-02
2.419999999999991047e+00 -1.117289227159663431e-02
2.429999999999990834e+00 -1.167950792869271864e-02
2.439999999999990621e+00 -1.216981864723550369e-02
2.449999999999990408e+00 -1.264302412752097565e-02
2.459999999999990195e+00 -1.309836922554318515e-02
2.469999999999989981e+00 -1.353514787031368828e-02
2.479999999999989768e+00 -1.395270672661406454e-02
2.489999999999989555e+00 -1.435044858418093802e-02
2.499999999999989342e+00 -1.472783545574205856e-02
2.509999999999989129e+00 -1.508439136783233311e-02
2.519999999999988916e+00 -1.541970482991242980e-02
2.529999999999988702e+00 -1.573343096898134272e-02
2.539999999999988489e+00 -1.602529331860962081e-02
2.549999999999988276e+00 -1.629508525311258726e-02
2.559999999999988063e+00 -1.654267105942380106e-02
2.569999999999987850e+00 -1.676798664110836293e-02
2.579999999999987637e+00 -1.697103985086402186e-02
2.589999999999987423e+00 -1.715191044978519111e-02
2.599999999999987210e+00 -1.731074969360123228e-02
2.609999999999986997e+00 -1.744777954803537062e-02
2.619999999999986784e+00 -1.756329153735459309e-02
2.629999999999986571e+00 -1.765764523208368519e-02
2.639999999999986358e+00 -1.773126638372842304e-02
2.649999999999986144e+00 -1.778464471618403792e-02
2.659999999999985931e+00 -1.781833138528608751e-02
2.669999999999985718e+00 -1.783293611968233064e-02
2.679999999999985505e+00 -1.782912405785735260e-02
2.689999999999985292e+00 -1.780761229771795837e-02
2.699999999999985079e+00 -1.776916617663836309e-02
2.709999999999984865e+00 -1.771459530126251805e-02
2.719999999999984652e+00 -1.764474934765902087e-02
2.729999999999984439e+00 -1.756051365361536651e-02
2.739999999999984226e+00 -1.746280462593653715e-02
2.749999999999984013e+00 -1.735256498657269247e-02
2.759999999999983800e+00 -1.723075888223666446e-02
2.769999999999983586e+00 -1.709836688288024487e-02
2.779999999999983373e+00 -1.695638089497467776e-02
2.789999999999983160e+00 -1.680579901598283285e-02
2.799999999999982947e+00 -1.664762035671551316e-02
2.809999999999982734e+00 -1.648283985843100249e-02
2.819999999999982521e+00 -1.631244313156424847e-02
2.829999999999982307e+00 -1.613740134285977443e-02
2.839999999999982094e+00 -1.595866617743146518e-02
2.849999999999981881e+00 -1.577716490188353637e-02
2.859999999999981668e+00 -1.559379555410285619e-02
2.869999999999981455e+00 -1.540942228467562583e-02
2.879999999999981242e+00 -1.522487087409486739e-02
2.889999999999981029e+00 -1.504092444901328381e-02
2.899999999999980815e+00 -1.485831941976346361e-02
2.909999999999980602e+00 -1.467774166021961792e-02
2.919999999999980389e+00 -1.449982294981785880e-02
2.929999999999980176e+00 -1.432513769619207962e-02
2.939999999999979963e+00 -1.415419995542681504e-02
2.949999999999979750e+00 -1.398746076538455452e-02
2.959999999999979536e+00 -1.382530580594092812e-02
2.969999999999979323e+00 -1.366805339826522581e-02
2.979999999999979110e+00 -1.351595285352537486e-02
2.989999999999978897e+00 -1.336918317955393051e-02
2.994999999999989448e+00 -1.329783378997625824e-02
3.000000000000000000e+00 -1.322785193352991537e-02
3.009999999999999787e+00 -1.309199859400375643e-02
3.019999999999999574e+00 -1.296163042558638040e-02
3.029999999999999361e+00 -1.283675879494353481e-02
3.039999999999999147e+00 -1.271740207216394587e-02
3.049999999999998934e+00 -1.260358509968500032e-02
3.059999999999998721e+00 -1.249533862764272418e-02
3.069999999999998508e+00 -1.239269871857556771e-02
3.079999999999998295e+00 -1.229570612457001055e-02
3.089999999999998082e+00 -1.220440564007907458e-02
3.099999999999997868e+00 -1.211884543377102046e-02
3.109999999999997655e+00 -1.203907636287424379e-02
3.119999999999997442e+00 -1.196515127357523738e-02
3.129999999999997229e+00 -1.189712429109880676e-02
3.139999999999997016e+00 -1.183505010315325998e-02
3.149999999999996803e+00 -1.177898324045770044e-02
3.159999999999996589e+00 -1.172897735808370832e-02
3.169999999999996376e+00 -1.168508452133945261e-02
3.179999999999996163e+00 -1.164735449990072190e-02
3.189999999999995950e+00 -1.161583407385058560e-02
3.199999999999995737e+00 -1.159056635522759046e-02
3.209999999999995524e+00 -1.157159012860200197e-02
3.219999999999995310e+00 -1.155893921410083673e-02
3.229999999999995097e+00 -1.155264185618600989e-02
3.239999999999994884e+00 -1.155272014135632144e-02
3.249999999999994671e+00 -1.155918944779395392e-02
3.259999999999994458e+00 -1.157205792981044930e-02
3.269999999999994245e+00 -1.159132603976661610e-02
3.279999999999994031e+00 -1.161698608994639857e-02
3.289999999999993818e+00 -1.164902185665750781e-02
3.299999999999993605e+00 -1.168740822861254018e-02
3.309999999999993392e+00 -1.173211090141461008e-02
3.319999999999993179e+00 -1.178308611973235935e-02
3.329999999999992966e+00 -1.184028046850181710e-02
3.339999999999992752e+00 -1.190363071423824332e-02
3.349999999999992539e+00 -1.197306369728116243e-02
3.359999999999992326e+00 -1.204849627553156340e-02
3.369999999999992113e+00 -1.212983531997313159e-02
3.379999999999991900e+00 -1.221697776200074241e-02
3.389999999999991687e+00 -1.230981069231070618e-02
3.399999999999991473e+00 -1.240821151083976344e-02
3.409999999999991260e+00 -1.251204812697502035e-02
3.419999999999991047e+00 -1.262117920899624192e-02
3.429999999999990834e+00 -1.273545448145650683e-02
3.439999999999990621e+00 -1.285471506895855681e-02
3.449999999999990408e+00 -1.297879388454350851e-02
3.459999999999990195e+00 -1.310751606067715042e-02
3.469999999999989981e+00 -1.324069942059806840e-02
3.479999999999989768e+00 -1.337815498758248775e-02
3.489999999999989555e+00 -1.351968752948401117e-02
3.499999999999989342e+00 -1.366509613572344101e-02
3.509999999999989129e+00 -1.381417482373554530e-02
3.519999999999988916e+00 -1.396671317172681892e-02
3.529999999999988702e+00 -1.412249697446180466e-02
3.539999999999988489e+00 -1.428130891867606007e-02
3.549999999999988276e+00 -1.444292927461206938e-02
3.559999999999988063e+00 -1.460713660009075113e-02
3.569999999999987850e+00 -1.477370845346616217e-02
3.579999999999987637e+00 -1.494242211176496221e-02
3.589999999999987423e+00 -1.511305529028526135e-02
3.599999999999987210e+00 -1.528538685992192510e-02
3.609999999999986997e+00 -1.545919755849721640e-02
3.619999999999986784e+00 -1.563427069240671749e-02
3.629999999999986571e+00 -1.581039282494075063e-02
3.639999999999986358e+00 -1.598735444771061040e-02
3.649999999999986144e+00 -1.616495063169658131e-02
3.659999999999985931e+00 -1.634298165454041440e-02
3.669999999999985718e+00 -1.652125360082818892e-02
3.679999999999985505e+00 -1.669957893224956538e-02
3.689999999999985292e+00 -1.687777702467573027e-02
3.699999999999985079e+00 -1.705567466936994472e-02
3.709999999999984865e+00 -1.723310653573063150e-02
3.719999999999984652e+00 -1.740991559316654516e-02
3.729999999999984439e+00 -1.758595348991552620e-02
3.739999999999984226e+00 -1.776108088684171318e-02
3.749999999999984013e+00 -1.793516774447964299e-02
3.759999999999983800e+00 -1.810809356183618393e-02
3.769999999999983586e+00 -1.827974756571152173e-02
3.779999999999983373e+00 -1.845002884955708813e-02
3.789999999999983160e+00 -1.861884646115010214e-02
3.799999999999982947e+00 -1.878611943862992795e-02
3.809999999999982734e+00 -1.895177679470928453e-02
3.819999999999982521e+00 -1.911575744914223440e-02
3.829999999999982307e+00 -1.927801010979926510e-02
3.839999999999982094e+00 -1.943849310296637614e-02
3.849999999999981881e+00 -1.959717415374852972e-02
3.859999999999981668e+00 -1.975403011771658529e-02
3.869999999999981455e+00 -1.990904666518982999e-02
3.879999999999981242e+00 -2.006221791979189220e-02
3.889999999999981029e+00 -2.021354605315501748e-02
3.899999999999980815e+00 -2.036304083787520217e-02
3.909999999999980602e+00 -2.051071916103722192e-02
3.919999999999980389e+00 -2.065660450083316169e-02
3.929999999999980176e+00 -2.080072636898948335e-02
3.939999999999979963e+00 -2.094311972189506418e-02
3.949999999999979750e+00 -2.108382434348496023e-02
3.959999999999979536e+00 -2.122288420308123674e-02
3.969999999999979323e+00 -2.136034679152202728e-02
3.979999999999979110e+00 -2.149626243902268141e-02
3.989999999999978897e+00 -2.163068361830747938e-02
3.999999999999978684e+00 -2.176366423438715753e-02
4.009999999999979359e+00 -2.189525891858953507e-02
4.019999999999980034e+00 -2.202552248857846118e-02
4.029999999999980709e+00 -2.215450984686802641e-02
4.039999999999981384e+00 -2.228227604508514759e-02
4.049999999999982059e+00 -2.240887635137747691e-02
4.059999999999982734e+00 -2.253436631234032386e-02
4.069999999999983409e+00 -2.265880180914132611e-02
4.079999999999984084e+00 -2.278223910755172374e-02
4.089999999999984759e+00 -2.290473490162470843e-02
4.099999999999985434e+00 -2.302634635079425784e-02
4.109999999999986109e+00 -2.314713111020199471e-02
4.119999999999986784e+00 -2.326714735409478665e-02
4.129999999999987459e+00 -2.338645379217165268e-02
4.139999999999988134e+00 -2.350510967879524543e-02
4.149999999999988809e+00 -2.362317481502005517e-02
4.159999999999989484e+00 -2.374070954342686821e-02
4.169999999999990159e+00 -2.385777473579025337e-02
4.179999999999990834e+00 -2.397443177364304290e-02
4.189999999999991509e+00 -2.409074252183865741e-02
4.199999999999992184e+00 -2.420676929524839122e-02
4.209999999999992859e+00 -2.432257481876642924e-02
4.219999999999993534e+00 -2.443822218083007564e-02
4.229999999999994209e+00 -2.455377478069630318e-02
4.239999999999994884e+00 -2.466929626974811995e-02
4.249999999999995559e+00 -2.478485048713523903e-02
4.259999999999996234e+00 -2.490050139008290891e-02
4.269999999999996909e+00 -2.501631297923043520e-02
4.279999999999997584e+00 -2.513234921938668764e-02
4.289999999999998259e+00 -2.524867395611368748e-02
4.299999999999998934e+00 -2.536535082857100179e-02
4.309999999999999609e+00 -2.548244317907304157e-02
4.320000000000000284e+00 -2.560001395982846803e-02
4.330000000000000959e+00 -2.571812563734547641e-02
4.340000000000001634e+00 -2.583684009499886275e-02
4.350000000000002309e+00 -2.595621853426430953e-02
4.360000000000002984e+00 -2.607632137513223383e-02
4.370000000000003659e+00 -2.619720815621780913e-02
4.380000000000004334e+00 -2.631893743508532946e-02
4.390000000000005009e+00 -2.644156668930401285e-02
4.400000000000005684e+00 -2.656515221874847232e-02
4.410000000000006359e+00 -2.668974904965071282e-02
4.420000000000007034e+00 -2.681541084090137417e-02
4.430000000000007709e+00 -2.694218979308627207e-02
4.440000000000008384e+00 -2.707013656073012017e-02
4.450000000000009059e+00 -2.719930016820267665e-02
4.460000000000009734e+00 -2.732972792972353585e-02
4.470000000000010409e+00 -2.746146537388055933e-02
4.480000000000011084e+00 -2.759455617305349440e-02
4.490000000000011759e+00 -2.772904207810891059e-02
4.500000000000012434e+00 -2.786496285870520423e-02
4.510000000000013110e+00 -2.800235624951735725e-02
4.520000000000013785e+00 -2.814125790266040761e-02
4.530000000000014460e+00 -2.828170134655842022e-02
4.540000000000015135e+00 -2.842371795147235689e-02
4.550000000000015810e+00 -2.856733690186562952e-02
4.560000000000016485e+00 -2.871258517575072874e-02
4.570000000000017160e+00 -2.885948753112403328e-02
4.580000000000017835e+00 -2.900806649955921246e-02
4.590000000000018510e+00 -2.915834238699240022e-02
4.600000000000019185e+00 -2.931033328169512647e-02
4.610000000000019860e+00 -2.946405506939359445e-02
4.620000000000020535e+00 -2.961952145545590845e-02
4.630000000000021210e+00 -2.977674399403214961e-02
4.640000000000021885e+00 -2.993573212399610467e-02
4.650000000000022560e+00 -3.009649321150224474e-02
4.660000000000023235e+00 -3.025903259893716890e-02
4.670000000000023910e+00 -3.042335366001154909e-02
4.680000000000024585e+00 -3.058945786070685000e-02
4.690000000000025260e+00 -3.075734482576058734e-02
4.700000000000025935e+00 -3.092701241034529966e-02
4.710000000000026610e+00 -3.109845677656934357e-02
4.720000000000027285e+00 -3.127167247440269804e-02
4.730000000000027960e+00 -3.144665252660795718e-02
4.740000000000028635e+00 -3.162338851723595079e-02
4.750000000000029310e+00 -3.180187068322688076e-02
4.760000000000029985e+00 -3.198208800864184298e-02
4.770000000000030660e+00 -3.216402832103585491e-02
4.780000000000031335e+00 -3.234767838947250063e-02
4.790000000000032010e+00 -3.253302402367171803e-02
4.800000000000032685e+00 -3.272005017377637576e-02
4.810000000000033360e+00 -3.290874103022015107e-02
4.820000000000034035e+00 -3.309908012317859527e-02
4.830000000000034710e+00 -3.329105042108750079e-02
4.840000000000035385e+00 -3.348463442771753423e-02
4.850000000000036060e+00 -3.367981427730148969e-02
4.860000000000036735e+00 -3.387657182722075833e-02
4.870000000000037410e+00 -3.407488874777016286e-02
4.880000000000038085e+00 -3.427474660853550154e-02
4.890000000000038760e+00 -3.447612696093576429e-02
4.900000000000039435e+00 -3.467901141650173852e-02
4.910000000000040110e+00 -3.488338172048503771e-02
4.920000000000040785e+00 -3.508921982041562915e-02
4.930000000000041460e+00 -3.529650792925224934e-02
4.940000000000042135e+00 -3.550522858279812205e-02
4.950000000000042810e+00 -3.571536469108410605e-02
4.960000000000043485e+00 -3.592689958345274964e-02
4.970000000000044160e+00 -3.613981704710934884e-02
4.980000000000044835e+00 -3.635410135894005801e-02
4.990000000000021529e+00 -3.656973731043148407e-02
5.000000000000000000e+00 -3.678671022555508874e-02
