-1.000010000000000066e+00 9.635618733399736735e-01
-1.000000000000000000e+00 9.635499925192230197e-01
-9.899999999999999911e-01 9.507211977778140533e-01
-9.799999999999999822e-01 9.360171786463040711e-01
-9.699999999999999734e-01 9.194669376707308439e-01
-9.599999999999999645e-01 9.011031189276250686e-01
-9.499999999999999556e-01 8.809619436360811573e-01
-9.399999999999999467e-01 8.590831387141900644e-01
-9.299999999999999378e-01 8.355098584207533152e-01
-9.200000000000000400e-01 8.102885992368251689e-01
-9.100000000000000311e-01 7.834691081549840508e-01
-9.000000000000000222e-01 7.551042845572205620e-01
-8.900000000000000133e-01 7.252500758749743648e-01
-8.800000000000000044e-01 6.939653672371340898e-01
-8.699999999999999956e-01 6.613118653236513822e-01
-8.599999999999999867e-01 6.273539766538656082e-01
-8.499999999999999778e-01 5.921586805495995254e-01
-8.399999999999999689e-01 5.557953970236032548e-01
-8.299999999999999600e-01 5.183358498539212267e-01
-8.200000000000000622e-01 4.798539251142631690e-01
-8.100000000000000533e-01 4.404255254394043861e-01
-8.000000000000000444e-01 4.001284203130863748e-01
-7.900000000000000355e-01 3.590420926736939133e-01
-7.800000000000000266e-01 3.172475821402743756e-01
-7.700000000000000178e-01 2.748273251681299101e-01
-7.600000000000000089e-01 2.318649924492508230e-01
-7.500000000000000000e-01 1.884453238783181384e-01
-7.399999999999999911e-01 1.446539614097806792e-01
-7.299999999999999822e-01 1.005772801356938362e-01
-7.199999999999999734e-01 5.630221791749750321e-02
-7.099999999999999645e-01 1.191610390777395750e-02
-6.999999999999999556e-01 -3.249351369978102644e-02
-6.899999999999999467e-01 -7.683904035243574460e-02
-6.799999999999999378e-01 -1.210330079119325136e-01
-6.699999999999999289e-01 -1.649882471786617288e-01
-6.599999999999999201e-01 -2.086180598261959396e-01
-6.499999999999999112e-01 -2.518363894070692055e-01
-6.400000000000000133e-01 -2.945579910924922551e-01
-6.300000000000000044e-01 -3.366985998112215772e-01
-6.199999999999999956e-01 -3.781750964559231765e-01
-6.099999999999999867e-01 -4.189056718292143433e-01
-5.999999999999999778e-01 -4.588099880060109714e-01
-5.899999999999999689e-01 -4.978093367939017133e-01
-5.800000000000000711e-01 -5.358267949789966567e-01
-5.700000000000000622e-01 -5.727873760510507894e-01
-5.600000000000000533e-01 -6.086181781085807652e-01
-5.500000000000000444e-01 -6.432485276522547091e-01
-5.400000000000000355e-01 -6.766101189829331064e-01
-5.300000000000000266e-01 -7.086371489293987747e-01
-5.200000000000000178e-01 -7.392664466400523660e-01
-5.100000000000000089e-01 -7.684375981825514179e-01
-5.000000000000000000e-01 -7.960930657056437543e-01
-4.899999999999999911e-01 -8.221783009281514731e-01
-4.799999999999999822e-01 -8.466418527312545850e-01
-4.699999999999999734e-01 -8.694354686418659384e-01
-4.599999999999999645e-01 -8.905141900069180050e-01
-4.499999999999999556e-01 -9.098364406708483454e-01
-4.399999999999999467e-01 -9.273641089813645655e-01
-4.299999999999999378e-01 -9.430626229617460332e-01
-4.200000000000000400e-01 -9.569010185014061864e-01
-4.100000000000000311e-01 -9.688520004302194621e-01
-4.000000000000000222e-01 -9.788919963561421023e-01
-3.900000000000000133e-01 -9.870012031599406654e-01
-3.800000000000000044e-01 -9.931636260553221573e-01
-3.699999999999999956e-01 -9.973671101374181891e-01
-3.599999999999999867e-01 -9.996033643573989380e-01
-3.499999999999999778e-01 -9.998679778759292924e-01
-3.399999999999999689e-01 -9.981604287632102057e-01
-3.299999999999999600e-01 -9.944840850284446532e-01
-3.199999999999999512e-01 -9.888461979766982601e-01
-3.099999999999999423e-01 -9.812578879062594517e-01
-2.999999999999999334e-01 -9.717341221747054503e-01
-2.900000000000000355e-01 -9.602936856769431762e-01
-2.800000000000000266e-01 -9.469591437934474776e-01
-2.700000000000000178e-01 -9.317567978817873353e-01
-2.600000000000000089e-01 -9.147166333992202691e-01
-2.500000000000000000e-01 -8.958722607586879771e-01
-2.399999999999999911e-01 -8.752608490348611214e-01
-2.299999999999999822e-01 -8.529230526510024335e-01
-2.199999999999999734e-01 -8.289029311912441411e-01
-2.099999999999999645e-01 -8.032478624964504155e-01
-1.999999999999999556e-01 -7.760084492150727264e-01
-1.899999999999999467e-01 -7.472384189933197751e-01
-1.799999999999999378e-01 -7.169945185015103029e-01
-1.699999999999999289e-01 -6.853364015056349068e-01
-1.600000000000000311e-01 -6.523265112048923786e-01
-1.500000000000000222e-01 -6.180299570672849185e-01
-1.400000000000000133e-01 -5.825143864062062304e-01
-1.300000000000000044e-01 -5.458498509513191044e-01
-1.199999999999999956e-01 -5.081086686769128447e-01
-1.099999999999999867e-01 -4.693652811602632702e-01
-9.999999999999997780e-02 -4.296961067513517252e-01
-8.999999999999996891e-02 -3.891793898435506049e-01
-7.999999999999996003e-02 -3.478950465425805216e-01
-6.999999999999995115e-02 -3.059245070381422238e-01
-5.999999999999994227e-02 -2.633505549891341224e-01
-4.999999999999993339e-02 -2.202571642392568418e-01
-4.000000000000003553e-02 -1.767293331850707250e-01
-3.000000000000002665e-02 -1.328529171231976336e-01
-2.000000000000001776e-02 -8.871445890736008588e-02
-1.000000000000000888e-02 -4.440101824926016849e-02
0.000000000000000000e+00 0.000000000000000000e+00
9.999999999999999547e-07 9.635493984274263866e-07
1.000100000000000121e-02 9.573880141350970749e-03
2.000099999999999795e-02 1.900910726355634767e-02
3.000099999999999642e-02 2.828803562205288447e-02
4.000100000000000183e-02 3.739236298614339454e-02
5.000100000000000378e-02 4.630413184012839578e-02
6.000100000000000572e-02 5.500576438726877820e-02
7.000100000000000766e-02 6.348009733206499972e-02
8.000100000000001654e-02 7.171041570367941986e-02
9.000100000000002542e-02 7.968048583293001197e-02
1.000010000000000343e-01 8.737458736980970031e-02
1.100010000000000432e-01 9.477754429124125857e-02
1.200010000000000521e-01 1.018747548344608733e-01
1.300010000000000610e-01 1.086522202979126328e-01
1.400010000000000698e-01 1.150965726525988581e-01
1.500010000000000787e-01 1.211951009094913989e-01
1.600010000000000876e-01 1.269357761909783722e-01
1.700010000000000965e-01 1.323072754568996867e-01
1.800010000000001054e-01 1.372990038383722355e-01
1.900010000000001142e-01 1.419011155353532838e-01
2.000010000000001231e-01 1.461045332367232885e-01
2.100010000000001320e-01 1.499009660245835263e-01
2.200010000000001409e-01 1.532829257274533896e-01
2.300010000000001498e-01 1.562437416901124310e-01
2.400010000000001587e-01 1.587775739309543188e-01
2.500010000000001398e-01 1.608794246609010770e-01
2.600010000000001487e-01 1.625451481411573917e-01
2.700010000000001575e-01 1.637714588603613186e-01
2.800010000000001664e-01 1.645559380150025675e-01
2.900010000000001753e-01 1.648970382803262580e-01
3.000010000000001842e-01 1.647940868623119226e-01
3.100010000000001931e-01 1.642472868247078777e-01
3.200010000000002020e-01 1.632577166885037234e-01
3.300010000000002108e-01 1.618273283046305633e-01
3.400010000000002197e-01 1.599589430040853633e-01
3.500010000000002286e-01 1.576562460330726834e-01
3.600010000000002375e-01 1.549237792841401395e-01
3.700010000000002464e-01 1.517669323376449331e-01
3.800010000000002552e-01 1.481919318312214795e-01
3.900010000000002641e-01 1.442058291782177815e-01
4.000010000000002730e-01 1.398164866593254174e-01
4.100010000000002819e-01 1.350325619148359801e-01
4.200010000000002908e-01 1.298634908681118860e-01
4.300010000000002997e-01 1.243194691139538482e-01
4.400010000000003085e-01 1.184114318085748019e-01
4.500010000000003174e-01 1.121510321008459127e-01
4.600010000000003263e-01 1.055506181473573057e-01
4.700010000000003352e-01 9.862320875662959618e-02
4.800010000000003441e-01 9.138246771051602990e-02
4.900010000000003529e-01 8.384267681344446943e-02
5.000010000000003618e-01 7.601870772265732767e-02
5.100010000000002597e-01 6.792599261501228169e-02
5.200010000000001575e-01 5.958049374820114513e-02
5.300010000000000554e-01 5.099867197642510286e-02
5.400009999999999533e-01 4.219745428262675069e-02
5.500009999999998511e-01 3.319420039131898426e-02
5.600009999999997490e-01 2.400666852786452476e-02
5.700009999999996468e-01 1.465298039174314955e-02
5.800009999999995447e-01 5.151585412894205129e-03
5.900009999999994426e-01 -4.478775638363973605e-03
6.000009999999993404e-01 -1.421910761606113953e-02
6.100009999999992383e-01 -2.405019846503858583e-02
6.200009999999991361e-01 -3.395265711524927954e-02
6.300009999999990340e-01 -4.390695172915110717e-02
6.400009999999989319e-01 -5.389344822675314062e-02
6.500009999999988297e-01 -6.389244901232726814e-02
6.600009999999987276e-01 -7.388423182639977660e-02
6.700009999999986254e-01 -8.384908864639017967e-02
6.800009999999985233e-01 -9.376736455916895308e-02
6.900009999999984212e-01 -1.036194965288609604e-01
7.000009999999983190e-01 -1.133860519834279934e-01
7.100009999999982169e-01 -1.230477671439215159e-01
7.200009999999981147e-01 -1.325855850208039755e-01
7.300009999999980126e-01 -1.419806930023939928e-01
7.400009999999979105e-01 -1.512145599612949032e-01
7.500009999999978083e-01 -1.602689728056173601e-01
7.600009999999977062e-01 -1.691260724029012841e-01
7.700009999999976040e-01 -1.777683888058801120e-01
7.800009999999975019e-01 -1.861788757106072056e-01
7.900009999999973997e-01 -1.943409440789783948e-01
8.000009999999972976e-01 -2.022384948593328735e-01
8.100009999999971955e-01 -2.098559507405935443e-01
8.200009999999970933e-01 -2.171782868773141917e-01
8.300009999999969912e-01 -2.241910605250307109e-01
8.400009999999968890e-01 -2.308804395274630383e-01
8.500009999999967869e-01 -2.372332295993787310e-01
8.600009999999966848e-01 -2.432369003513051298e-01
8.700009999999965826e-01 -2.488796100047582505e-01
8.800009999999964805e-01 -2.541502287492393153e-01
8.900009999999963783e-01 -2.590383606949294149e-01
9.000009999999962762e-01 -2.635343643777822153e-01
9.100009999999961741e-01 -2.676293717765689806e-01
9.200009999999960719e-01 -2.713153058043705768e-01
9.300009999999959698e-01 -2.745848962400000981e-01
9.400009999999958676e-01 -2.774316940679905086e-01
9.500009999999957655e-01 -2.798500841986473753e-01
9.600009999999956634e-01 -2.818352965438808422e-01
9.700009999999955612e-01 -2.833834154239723846e-01
9.800009999999954591e-01 -2.844913872979114022e-01
9.900004999999978406e-01 -2.851570045620583360e-01
1.000000000000000000e+00 -2.853790209522478194e-01
1.009999999999999787e+00 -2.853310487429085440e-01
1.019999999999999574e+00 -2.851880200602657234e-01
1.029999999999999361e+00 -2.849514050694388345e-01
1.039999999999999147e+00 -2.846228585243140152e-01
1.049999999999998934e+00 -2.842042165075028270e-01
1.059999999999998721e+00 -2.836974928077833358e-01
1.069999999999998508e+00 -2.831048749483322524e-01
1.079999999999998295e+00 -2.824287198719297454e-01
1.089999999999998082e+00 -2.816715492920912056e-01
1.099999999999997868e+00 -2.808360447191760589e-01
1.109999999999997655e+00 -2.799250421713163628e-01
1.119999999999997442e+00 -2.789415265805889610e-01
1.129999999999997229e+00 -2.778886259054667573e-01
1.139999999999997016e+00 -2.767696049611613751e-01
1.149999999999996803e+00 -2.755878589800265233e-01
1.159999999999996589e+00 -2.743469069147232986e-01
1.169999999999996376e+00 -2.730503844973570238e-01
1.179999999999996163e+00 -2.717020370682755592e-01
1.189999999999995950e+00 -2.703057121886736081e-01
1.199999999999995737e+00 -2.688653520515743578e-01
1.209999999999995524e+00 -2.673849857061573188e-01
1.219999999999995310e+00 -2.658687211107688131e-01
1.229999999999995097e+00 -2.643207370302902426e-01
1.239999999999994884e+00 -2.627452747938460731e-01
1.249999999999994671e+00 -2.611466299291085869e-01
1.259999999999994458e+00 -2.595291436897000925e-01
1.269999999999994245e+00 -2.578971944924043358e-01
1.279999999999994031e+00 -2.562551892810762677e-01
1.289999999999993818e+00 -2.546075548342846551e-01
1.299999999999993605e+00 -2.529587290338319305e-01
1.309999999999993392e+00 -2.513131521113738942e-01
1.319999999999993179e+00 -2.496752578904045394e-01
1.329999999999992966e+00 -2.480494650408805457e-01
1.339999999999992752e+00 -2.464401683637347518e-01
1.349999999999992539e+00 -2.448517301224696352e-01
1.359999999999992326e+00 -2.432884714389282610e-01
1.369999999999992113e+00 -2.417546637702140400e-01
1.379999999999991900e+00 -2.402545204835703496e-01
1.389999999999991687e+00 -2.387921885458379190e-01
1.399999999999991473e+00 -2.373717403438818652e-01
1.409999999999991260e+00 -2.359971656521221706e-01
1.419999999999991047e+00 -2.346723637630105386e-01
1.429999999999990834e+00 -2.334011357959762667e-01
1.439999999999990621e+00 -2.321871772000106693e-01
1.449999999999990408e+00 -2.310340704646783871e-01
1.459999999999990195e+00 -2.299452780539324726e-01
1.469999999999989981e+00 -2.289241355766706565e-01
1.479999999999989768e+00 -2.279738452075035782e-01
1.489999999999989555e+00 -2.270974693707118186e-01
1.499999999999989342e+00 -2.262979246998496896e-01
1.509999999999989129e+00 -2.255779762849100811e-01
1.519999999999988916e+00 -2.249402322183971514e-01
1.529999999999988702e+00 -2.243871384510647271e-01
1.539999999999988489e+00 -2.239209739674666300e-01
1.549999999999988276e+00 -2.235438462908350132e-01
1.559999999999988063e+00 -2.232576873261530592e-01
1.569999999999987850e+00 -2.230642495496210631e-01
1.579999999999987637e+00 -2.229651025520319740e-01
1.589999999999987423e+00 -2.229616299428744397e-01
1.599999999999987210e+00 -2.230550266212694976e-01
1.609999999999986997e+00 -2.232462964191240795e-01
1.619999999999986784e+00 -2.235362501211498043e-01
1.629999999999986571e+00 -2.239255038656525199e-01
1.639999999999986358e+00 -2.244144779292469860e-01
1.649999999999986144e+00 -2.250033958978935600e-01
1.659999999999985931e+00 -2.256922842258920481e-01
1.669999999999985718e+00 -2.264809721837027223e-01
1.679999999999985505e+00 -2.273690921946971144e-01
1.689999999999985292e+00 -2.283560805601747012e-01
1.699999999999985079e+00 -2.294411785712151541e-01
1.709999999999984865e+00 -2.306234340051733500e-01
1.719999999999984652e+00 -2.319017030038651450e-01
1.729999999999984439e+00 -2.332746523297396790e-01
1.739999999999984226e+00 -2.347407619955878544e-01
1.749999999999984013e+00 -2.362983282626000825e-01
1.759999999999983800e+00 -2.379454670008599171e-01
1.769999999999983586e+00 -2.396801174056454042e-01
1.779999999999983373e+00 -2.415000460622076794e-01
1.789999999999983160e+00 -2.434028513510097524e-01
1.799999999999982947e+00 -2.453859681847361252e-01
1.809999999999982734e+00 -2.474466730677301607e-01
1.819999999999982521e+00 -2.495820894678796309e-01
1.829999999999982307e+00 -2.517891934903548901e-01
1.839999999999982094e+00 -2.540648198420087378e-01
1.849999999999981881e+00 -2.564056680746734651e-01
1.859999999999981668e+00 -2.588083090950409337e-01
1.869999999999981455e+00 -2.612691919282851272e-01
1.879999999999981242e+00 -2.637846507220867331e-01
1.889999999999981029e+00 -2.663509119772447531e-01
1.899999999999980815e+00 -2.689641019906131025e-01
1.909999999999980602e+00 -2.716202544956820564e-01
1.919999999999980389e+00 -2.743153184857335947e-01
1.929999999999980176e+00 -2.770451662041404362e-01
1.939999999999979963e+00 -2.798056012860483110e-01
1.949999999999979750e+00 -2.825923670353823192e-01
1.959999999999979536e+00 -2.854011548208538196e-01
1.969999999999979323e+00 -2.882276125743979955e-01
1.979999999999979110e+00 -2.910673533753161402e-01
1.989999999999978897e+00 -2.939159641030594239e-01
1.994999999999989448e+00 -2.953422115577598595e-01
2.000000000000000000e+00 -2.967690141298710560e-01
2.009999999999999787e+00 -2.996226442079411023e-01
2.019999999999999574e+00 -3.024753181276474967e-01
2.029999999999999361e+00 -3.053260925201061737e-01
2.039999999999999147e+00 -3.081740396435997953e-01
2.049999999999998934e+00 -3.110182492134784260e-01
2.059999999999998721e+00 -3.138578301976255869e-01
2.069999999999998508e+00 -3.166919125739505736e-01
2.079999999999998295e+00 -3.195196490464400907e-01
2.089999999999998082e+00 -3.223402167163843535e-01
2.099999999999997868e+00 -3.251528187054816277e-01
2.109999999999997655e+00 -3.279566857276191572e-01
2.119999999999997442e+00 -3.307510776062309588e-01
2.129999999999997229e+00 -3.335352847342389349e-01
2.139999999999997016e+00 -3.363086294736984949e-01
2.149999999999996803e+00 -3.390704674923870066e-01
2.159999999999996589e+00 -3.418201890346996286e-01
2.169999999999996376e+00 -3.445572201243453647e-01
2.179999999999996163e+00 -3.472810236964709030e-01
2.189999999999995950e+00 -3.499911006569799699e-01
2.199999999999995737e+00 -3.526869908669578724e-01
2.209999999999995524e+00 -3.553682740502601134e-01
2.219999999999995310e+00 -3.580345706224746793e-01
2.229999999999995097e+00 -3.606855424396232523e-01
2.239999999999994884e+00 -3.633208934651240285e-01
2.249999999999994671e+00 -3.659403703537011943e-01
2.259999999999994458e+00 -3.685437629510888158e-01
2.269999999999994245e+00 -3.711309047085441515e-01
2.279999999999994031e+00 -3.737016730113520979e-01
2.289999999999993818e+00 -3.762559894206733424e-01
2.299999999999993605e+00 -3.787938198282589375e-01
2.309999999999993392e+00 -3.813151745237261525e-01
2.319999999999993179e+00 -3.838201081742630416e-01
2.329999999999992966e+00 -3.863087197168015297e-01
2.339999999999992752e+00 -3.887811521628721234e-01
2.349999999999992539e+00 -3.912375923165244407e-01
2.359999999999992326e+00 -3.936782704058707782e-01
2.369999999999992113e+00 -3.961034596289788046e-01
2.379999999999991900e+00 -3.985134756150093827e-01
2.389999999999991687e+00 -4.009086758016623953e-01
2.399999999999991473e+00 -4.032894587301583122e-01
2.409999999999991260e+00 -4.056562632591463879e-01
2.419999999999991047e+00 -4.080095676990897480e-01
2.429999999999990834e+00 -4.103498888688347224e-01
2.439999999999990621e+00 -4.126777810762255472e-01
2.449999999999990408e+00 -4.149938350247748264e-01
2.459999999999990195e+00 -4.172986766485461962e-01
2.469999999999989981e+00 -4.195929658775476301e-01
2.479999999999989768e+00 -4.218773953360703266e-01
2.489999999999989555e+00 -4.241526889765405151e-01
2.499999999999989342e+00 -4.264196006515790782e-01
2.509999999999989129e+00 -4.286789126270852401e-01
2.519999999999988916e+00 -4.309314340392773612e-01
2.529999999999988702e+00 -4.331779992987339067e-01
2.539999999999988489e+00 -4.354194664445829033e-01
2.549999999999988276e+00 -4.376567154520857317e-01
2.559999999999988063e+00 -4.398906464969536967e-01
2.569999999999987850e+00 -4.421221781798206907e-01
2.579999999999987637e+00 -4.443522457143741500e-01
2.589999999999987423e+00 -4.465817990827180561e-01
2.599999999999987210e+00 -4.488118011616062941e-01
2.609999999999986997e+00 -4.510432258232424663e-01
2.619999999999986784e+00 -4.532770560143918326e-01
2.629999999999986571e+00 -4.555142818175944575e-01
2.639999999999986358e+00 -4.577558984983037260e-01
2.649999999999986144e+00 -4.600029045418016493e-01
2.659999999999985931e+00 -4.622562996837636939e-01
2.669999999999985718e+00 -4.645170829383569733e-01
2.679999999999985505e+00 -4.667862506277617451e-01
2.689999999999985292e+00 -4.690647944170024952e-01
2.699999999999985079e+00 -4.713536993579652279e-01
2.709999999999984865e+00 -4.736539419464582124e-01
2.719999999999984652e+00 -4.759664881961491734e-01
2.729999999999984439e+00 -4.782922917331778878e-01
2.739999999999984226e+00 -4.806322919152017925e-01
2.749999999999984013e+00 -4.829874119785853570e-01
2.759999999999983800e+00 -4.853585572173875207e-01
2.769999999999983586e+00 -4.877466131977387098e-01
2.779999999999983373e+00 -4.901524440111298953e-01
2.789999999999983160e+00 -4.925768905700585454e-01
2.799999999999982947e+00 -4.950207689493935082e-01
2.809999999999982734e+00 -4.974848687767300937e-01
2.819999999999982521e+00 -4.999699516749104844e-01
2.829999999999982307e+00 -5.024767497597811827e-01
2.839999999999982094e+00 -5.050059641961510692e-01
2.849999999999981881e+00 -5.075582638147976278e-01
2.859999999999981668e+00 -5.101342837932495433e-01
2.869999999999981455e+00 -5.127346244029482580e-01
2.879999999999981242e+00 -5.153598498252585092e-01
2.889999999999981029e+00 -5.180104870386641469e-01
2.899999999999980815e+00 -5.206870247793435880e-01
2.909999999999980602e+00 -5.233899125771751537e-01
2.919999999999980389e+00 -5.261195598690744379e-01
2.929999999999980176e+00 -5.288763351914109734e-01
2.939999999999979963e+00 -5.316605654530989211e-01
2.949999999999979750e+00 -5.344725352907941929e-01
2.959999999999979536e+00 -5.373124865074708767e-01
2.969999999999979323e+00 -5.401806175954831923e-01
2.979999999999979110e+00 -5.430770833450546675e-01
2.989999999999978897e+00 -5.460019945389663620e-01
2.994999999999989448e+00 -5.474751396408372717e-01
3.000000000000000000e+00 -5.489554175990348783e-01
3.009999999999999787e+00 -5.519373763237129804e-01
3.019999999999999574e+00 -5.549478673600364287e-01
3.029999999999999361e+00 -5.579868764172613016e-01
3.039999999999999147e+00 -5.610543798475533528e-01
3.049999999999998934e+00 -5.641503448114366659e-01
3.059999999999998721e+00 -5.672747294613720292e-01
3.069999999999998508e+00 -5.704274831431027648e-01
3.079999999999998295e+00 -5.736085466143713285e-01
3.089999999999998082e+00 -5.768178522805753605e-01
3.099999999999997868e+00 -5.800553244468974468e-01
3.109999999999997655e+00 -5.833208795864124330e-01
3.119999999999997442e+00 -5.866144266236428262e-01
3.129999999999997229e+00 -5.899358672330031750e-01
3.139999999999997016e+00 -5.932850961515445665e-01
3.149999999999996803e+00 -5.966620015053827331e-01
3.159999999999996589e+00 -6.000664651491657287e-01
3.169999999999996376e+00 -6.034983630179113767e-01
3.179999999999996163e+00 -6.069575654905208228e-01
3.189999999999995950e+00 -6.104439377642513209e-01
3.199999999999995737e+00 -6.139573402394091772e-01
3.209999999999995524e+00 -6.174976289135042373e-01
3.219999999999995310e+00 -6.210646557840887594e-01
3.229999999999995097e+00 -6.246582692594859765e-01
3.239999999999994884e+00 -6.282783145765976629e-01
3.249999999999994671e+00 -6.319246342249676962e-01
3.259999999999994458e+00 -6.355970683762641738e-01
3.269999999999994245e+00 -6.392954553183334276e-01
3.279999999999994031e+00 -6.430196318929696231e-01
3.289999999999993818e+00 -6.467694339365370748e-01
3.299999999999993605e+00 -6.505446967225751997e-01
3.309999999999993392e+00 -6.543452554055135817e-01
3.319999999999993179e+00 -6.581709454646222923e-01
3.329999999999992966e+00 -6.620216031473212803e-01
3.339999999999992752e+00 -6.658970659109748613e-01
3.349999999999992539e+00 -6.697971728622993393e-01
3.359999999999992326e+00 -6.737217651935176743e-01
3.369999999999992113e+00 -6.776706866144004415e-01
3.379999999999991900e+00 -6.816437837793414278e-01
3.389999999999991687e+00 -6.856409067086248754e-01
3.399999999999991473e+00 -6.896619092030540354e-01
3.409999999999991260e+00 -6.937066492511225757e-01
3.419999999999991047e+00 -6.977749894279264842e-01
3.429999999999990834e+00 -7.018667972850290981e-01
3.439999999999990621e+00 -7.059819457305103185e-01
3.449999999999990408e+00 -7.101203133984507199e-01
3.459999999999990195e+00 -7.142817850071212504e-01
3.469999999999989981e+00 -7.184662517051727537e-01
3.479999999999989768e+00 -7.226736114051416360e-01
3.489999999999989555e+00 -7.269037691036148718e-01
3.499999999999989342e+00 -7.311566371874212988e-01
3.509999999999989129e+00 -7.354321357252474600e-01
3.519999999999988916e+00 -7.397301927441005676e-01
3.529999999999988702e+00 -7.440507444900745782e-01
3.539999999999988489e+00 -7.483937356729051249e-01
3.549999999999988276e+00 -7.527591196938300255e-01
3.559999999999988063e+00 -7.571468588563069479e-01
3.569999999999987850e+00 -7.615569245591716774e-01
3.579999999999987637e+00 -7.659892974718568448e-01
3.589999999999987423e+00 -7.704439676913248380e-01
3.599999999999987210e+00 -7.749209348804058095e-01
3.609999999999986997e+00 -7.794202083872677767e-01
3.619999999999986784e+00 -7.839418073457827818e-01
3.629999999999986571e+00 -7.884857607565920468e-01
3.639999999999986358e+00 -7.930521075487092508e-01
3.649999999999986144e+00 -7.976408966215410290e-01
3.659999999999985931e+00 -8.022521868672416456e-01
3.669999999999985718e+00 -8.068860471733578787e-01
3.679999999999985505e+00 -8.115425564057582308e-01
3.689999999999985292e+00 -8.162218033718813270e-01
3.699999999999985079e+00 -8.209238867643749993e-01
3.709999999999984865e+00 -8.256489150852375225e-01
3.719999999999984652e+00 -8.303970065506108833e-01
3.729999999999984439e+00 -8.351682889764132645e-01
3.739999999999984226e+00 -8.399628996450372309e-01
3.749999999999984013e+00 -8.447809851533756298e-01
3.759999999999983800e+00 -8.496227012424754088e-01
3.769999999999983586e+00 -8.544882126091553065e-01
3.779999999999983373e+00 -8.593776926999592281e-01
3.789999999999983160e+00 -8.642913234878510931e-01
3.799999999999982947e+00 -8.692292952320921362e-01
3.809999999999982734e+00 -8.741918062217741703e-01
3.819999999999982521e+00 -8.791790625035146300e-01
3.829999999999982307e+00 -8.841912775938504110e-01
3.839999999999982094e+00 -8.892286721768978275e-01
3.849999999999981881e+00 -8.942914737878752129e-01
3.859999999999981668e+00 -8.993799164831122184e-01
3.869999999999981455e+00 -9.044942404971965111e-01
3.879999999999981242e+00 -9.096346918879346655e-01
3.889999999999981029e+00 -9.148015221698271304e-01
3.899999999999980815e+00 -9.199949879367799177e-01
3.909999999999980602e+00 -9.252153504747980817e-01
3.919999999999980389e+00 -9.304628753654240469e-01
3.929999999999980176e+00 -9.357378320807033800e-01
3.939999999999979963e+00 -9.410404935704770324e-01
3.949999999999979750e+00 -9.463711358428136267e-01
3.959999999999979536e+00 -9.517300375384097899e-01
3.969999999999979323e+00 -9.571174794997978630e-01
3.979999999999979110e+00 -9.625337443362104173e-01
3.989999999999978897e+00 -9.679791159849605586e-01
3.999999999999978684e+00 -9.734538792688202102e-01
4.009999999999979359e+00 -9.789583194583636461e-01
4.019999999999980034e+00 -9.844927219050099154e-01
4.029999999999980709e+00 -9.900573718682780244e-01
4.039999999999981384e+00 -9.956525544178632670e-01
4.049999999999982059e+00 -1.001278554340878202e+00
4.059999999999982734e+00 -1.006935656050839345e+00
4.069999999999983409e+00 -1.012624143498578544e+00
4.079999999999984084e+00 -1.018344300085255005e+00
4.089999999999984759e+00 -1.024096408577639616e+00
4.099999999999985434e+00 -1.029880751025839203e+00
4.109999999999986109e+00 -1.035697608683621151e+00
4.119999999999986784e+00 -1.041547261931497603e+00
4.129999999999987459e+00 -1.047429990202720429e+00
4.139999999999988134e+00 -1.053346071912331761e+00
4.149999999999988809e+00 -1.059295784389411521e+00
4.159999999999989484e+00 -1.065279403812655179e+00
4.169999999999990159e+00 -1.071297205149407628e+00
4.179999999999990834e+00 -1.077349462098275534e+00
4.189999999999991509e+00 -1.083436447035429628e+00
4.199999999999992184e+00 -1.089558430964703506e+00
4.209999999999992859e+00 -1.095715683471587099e+00
4.219999999999993534e+00 -1.101908472681206730e+00
4.229999999999994209e+00 -1.108137065220371920e+00
4.239999999999994884e+00 -1.114401726183767760e+00
4.249999999999995559e+00 -1.120702719104355483e+00
4.259999999999996234e+00 -1.127040305928042052e+00
4.269999999999996909e+00 -1.133414746992668531e+00
4.279999999999997584e+00 -1.139826301011358289e+00
4.289999999999998259e+00 -1.146275225060257252e+00
4.299999999999998934e+00 -1.152761774570691067e+00
4.309999999999999609e+00 -1.159286203325755382e+00
4.320000000000000284e+00 -1.165848763461344584e+00
4.330000000000000959e+00 -1.172449705471617865e+00
4.340000000000001634e+00 -1.179089278218890868e+00
4.350000000000002309e+00 -1.185767728947934696e+00
4.360000000000002984e+00 -1.192485303304653854e+00
4.370000000000003659e+00 -1.199242245359104508e+00
4.380000000000004334e+00 -1.206038797632810411e+00
4.390000000000005009e+00 -1.212875201130320546e+00
4.400000000000005684e+00 -1.219751695374946987e+00
4.410000000000006359e+00 -1.226668518448612799e+00
4.420000000000007034e+00 -1.233625907035730274e+00
4.430000000000007709e+00 -1.240624096471024673e+00
4.440000000000008384e+00 -1.247663320791207342e+00
4.450000000000009059e+00 -1.254743812790397373e+00
4.460000000000009734e+00 -1.261865804079182807e+00
4.470000000000010409e+00 -1.269029525147203019e+00
4.480000000000011084e+00 -1.276235205429131714e+00
4.490000000000011759e+00 -1.283483073373927308e+00
4.500000000000012434e+00 -1.290773356517216808e+00
4.510000000000013110e+00 -1.298106281556668629e+00
4.520000000000013785e+00 -1.305482074430206030e+00
4.530000000000014460e+00 -1.312900960396907957e+00
4.540000000000015135e+00 -1.320363164120435862e+00
4.550000000000015810e+00 -1.327868909754824411e+00
4.560000000000016485e+00 -1.335418421032463554e+00
4.570000000000017160e+00 -1.343011921354101856e+00
4.580000000000017835e+00 -1.350649633880691480e+00
4.590000000000018510e+00 -1.358331781626894275e+00
4.600000000000019185e+00 -1.366058587556064019e+00
4.610000000000019860e+00 -1.373830274676518748e+00
4.620000000000020535e+00 -1.381647066138911528e+00
4.630000000000021210e+00 -1.389509185334509178e+00
4.640000000000021885e+00 -1.397416855994184637e+00
4.650000000000022560e+00 -1.405370302287926476e+00
4.660000000000023235e+00 -1.413369748924671265e+00
4.670000000000023910e+00 -1.421415421252261169e+00
4.680000000000024585e+00 -1.429507545357328047e+00
4.690000000000025260e+00 -1.437646348164910215e+00
4.700000000000025935e+00 -1.445832057537602022e+00
4.710000000000026610e+00 -1.454064902374043067e+00
4.720000000000027285e+00 -1.462345112706551431e+00
4.730000000000027960e+00 -1.470672919797709755e+00
4.740000000000028635e+00 -1.479048556235711631e+00
4.750000000000029310e+00 -1.487472256028282036e+00
4.760000000000029985e+00 -1.495944254694985931e+00
4.770000000000030660e+00 -1.504464789357742305e+00
4.780000000000031335e+00 -1.513034098829366680e+00
4.790000000000032010e+00 -1.521652423699965784e+00
4.800000000000032685e+00 -1.530320006421015400e+00
4.810000000000033360e+00 -1.539037091386953549e+00
4.820000000000034035e+00 -1.547803925014130888e+00
4.830000000000034710e+00 -1.556620755816960244e+00
4.840000000000035385e+00 -1.565487834481116058e+00
4.850000000000036060e+00 -1.574405413933639641e+00
4.860000000000036735e+00 -1.583373749409810571e+00
4.870000000000037410e+00 -1.592393098516654337e+00
4.880000000000038085e+00 -1.601463721292959885e+00
4.890000000000038760e+00 -1.610585880265687830e+00
4.900000000000039435e+00 -1.619759840502659864e+00
4.910000000000040110e+00 -1.628985869661424335e+00
4.920000000000040785e+00 -1.638264238034201847e+00
4.930000000000041460e+00 -1.647595218588821853e+00
4.940000000000042135e+00 -1.656979087005570284e+00
4.950000000000042810e+00 -1.666416121709875409e+00
4.960000000000043485e+00 -1.675906603900766179e+00
4.970000000000044160e+00 -1.685450817575048887e+00
4.980000000000044835e+00 -1.695049049547152853e+00
4.990000000000021529e+00 -1.704701589464585387e+00
5.000000000000000000e+00 -1.714408729819067778e+00
