-1.000010000000000066e+00 8.277120986964743299e-01
-1.000000000000000000e+00 8.276889981568905652e-01
-9.899999999999999911e-01 8.038926578375649168e-01
-9.799999999999999822e-01 7.787342216549750784e-01
-9.699999999999999734e-01 7.522563174419747423e-01
-9.599999999999999645e-01 7.245038087054576081e-01
-9.499999999999999556e-01 6.955237186107379177e-01
-9.399999999999999467e-01 6.653651503066640993e-01
-9.299999999999999378e-01 6.340792037264521008e-01
-9.200000000000000400e-01 6.017188890052244110e-01
-9.100000000000000311e-01 5.683390366609427646e-01
-9.000000000000000222e-01 5.339962046909360049e-01
-8.900000000000000133e-01 4.987485827414256390e-01
-8.800000000000000044e-01 4.626558935124246430e-01
-8.699999999999999956e-01 4.257792915650722709e-01
-8.599999999999999867e-01 3.881812597028553857e-01
-8.499999999999999778e-01 3.499255031022880380e-01
-8.399999999999999689e-01 3.110768413724361303e-01
-8.299999999999999600e-01 2.717010987261708199e-01
-8.200000000000000622e-01 2.318649924492512393e-01
-8.100000000000000533e-01 1.916360198561982975e-01
-8.000000000000000444e-01 1.510823439245168043e-01
-7.900000000000000355e-01 1.102726778010289926e-01
-7.800000000000000266e-01 6.927616837601355271e-02
-7.700000000000000178e-01 2.816227912242596360e-02
-7.600000000000000089e-01 -1.299932760129786716e-02
-7.500000000000000000e-01 -5.413890858541789419e-02
-7.399999999999999911e-01 -9.518675794006321855e-02
-7.299999999999999822e-01 -1.360733252031715024e-01
-7.199999999999999734e-01 -1.767293331850707805e-01
-7.099999999999999645e-01 -2.170858953500423016e-01
-6.999999999999999556e-01 -2.570746325359611340e-01
-6.899999999999999467e-01 -2.966277888142636043e-01
-6.799999999999999378e-01 -3.356783462939152418e-01
-6.699999999999999289e-01 -3.741601386748734104e-01
-6.599999999999999201e-01 -4.120079633586284373e-01
-6.499999999999999112e-01 -4.491576919258796763e-01
-6.400000000000000133e-01 -4.855463787941411979e-01
-6.300000000000000044e-01 -5.211123678711861995e-01
-6.199999999999999956e-01 -5.557953970236039209e-01
-6.099999999999999867e-01 -5.895367001834698195e-01
-5.999999999999999778e-01 -6.222791069201207836e-01
-5.899999999999999689e-01 -6.539671393083216211e-01
-5.800000000000000711e-01 -6.845471059286886151e-01
-5.700000000000000622e-01 -7.139671928411067681e-01
-5.600000000000000533e-01 -7.421775513769891530e-01
-5.500000000000000444e-01 -7.691303826016285816e-01
-5.400000000000000355e-01 -7.947800183035348409e-01
-5.300000000000000266e-01 -8.190829983735207209e-01
-5.200000000000000178e-01 -8.419981444424400330e-01
-5.100000000000000089e-01 -8.634866296527987650e-01
-5.000000000000000000e-01 -8.835120444460228262e-01
-4.899999999999999911e-01 -9.020404582539151006e-01
-4.799999999999999822e-01 -9.190404769897717596e-01
-4.699999999999999734e-01 -9.344832962417476407e-01
-4.599999999999999645e-01 -9.483427500783407904e-01
-4.499999999999999556e-01 -9.605953553832988767e-01
-4.399999999999999467e-01 -9.712203516448333351e-01
-4.299999999999999378e-01 -9.801997361317164037e-01
-4.200000000000000400e-01 -9.875182943966646087e-01
-4.100000000000000311e-01 -9.931636260553221573e-01
-4.000000000000000222e-01 -9.971261657971669523e-01
-3.900000000000000133e-01 -9.993991995927349326e-01
-3.800000000000000044e-01 -9.999788760697070344e-01
-3.699999999999999956e-01 -9.988642130385787521e-01
-3.599999999999999867e-01 -9.960570991568578059e-01
-3.499999999999999778e-01 -9.915622907289695087e-01
-3.399999999999999689e-01 -9.853874036472919373e-01
-3.299999999999999600e-01 -9.775429004879766515e-01
-3.199999999999999512e-01 -9.680420727834176953e-01
-3.099999999999999423e-01 -9.569010185014059644e-01
-2.999999999999999334e-01 -9.441386147691332997e-01
-2.900000000000000355e-01 -9.297764858882514583e-01
-2.800000000000000266e-01 -9.138389666951911572e-01
-2.700000000000000178e-01 -8.963530613288158699e-01
-2.600000000000000089e-01 -8.773483974752760428e-01
-2.500000000000000000e-01 -8.568571761675894960e-01
-2.399999999999999911e-01 -8.349141172250051923e-01
-2.299999999999999822e-01 -8.115564004246021979e-01
-2.199999999999999734e-01 -7.868236025047901094e-01
-2.099999999999999645e-01 -7.607576301074636671e-01
-1.999999999999999556e-01 -7.334026487724221166e-01
-1.899999999999999467e-01 -7.048050081043710779e-01
-1.799999999999999378e-01 -6.750131632392953884e-01
-1.699999999999999289e-01 -6.440775927432753623e-01
-1.600000000000000311e-01 -6.120507130828493070e-01
-1.500000000000000222e-01 -5.789867898118488121e-01
-1.400000000000000133e-01 -5.449418456251844400e-01
-1.300000000000000044e-01 -5.099735654353746428e-01
-1.199999999999999956e-01 -4.741411986326555805e-01
-1.099999999999999867e-01 -4.375054586942770385e-01
-9.999999999999997780e-02 -4.001284203130866524e-01
-8.999999999999996891e-02 -3.620734142197029048e-01
-7.999999999999996003e-02 -3.234049198764911148e-01
-6.999999999999995115e-02 -2.841884562251530966e-01
-5.999999999999994227e-02 -2.444904706730516020e-01
-4.999999999999993339e-02 -2.043782265063646131e-01
-4.000000000000003553e-02 -1.639196889208347774e-01
-3.000000000000002665e-02 -1.231834098632188929e-01
-2.000000000000001776e-02 -8.223841187856517632e-02
-1.000000000000000888e-02 -4.115407116011596950e-02
0.000000000000000000e+00 0.000000000000000000e+00
9.999999999999999547e-07 8.276878430924645312e-07
1.000100000000000121e-02 8.159863351021583167e-03
2.000099999999999795e-02 1.607408864291389600e-02
3.000099999999999642e-02 2.373009449801816856e-02
4.000100000000000183e-02 3.111490860771763331e-02
5.000100000000000378e-02 3.821601836863683377e-02
6.000100000000000572e-02 4.502139182420655805e-02
7.000100000000000766e-02 5.151949812084162528e-02
8.000100000000001654e-02 5.769932702690448723e-02
9.000100000000002542e-02 6.355040759316162025e-02
1.000010000000000343e-01 6.906282589316371789e-02
1.100010000000000432e-01 7.422724182151617389e-02
1.200010000000000521e-01 7.903490491942695428e-02
1.300010000000000610e-01 8.347766920129354173e-02
1.400010000000000698e-01 8.754800695705286517e-02
1.500010000000000787e-01 9.123902150694912505e-02
1.600010000000000876e-01 9.454445888709714363e-02
1.700010000000000965e-01 9.745871844604442336e-02
1.800010000000001054e-01 9.997686233437658165e-02
1.900010000000001142e-01 1.020946238712874821e-01
2.000010000000001231e-01 1.038084147739377489e-01
2.100010000000001320e-01 1.051153312373526300e-01
2.200010000000001409e-01 1.060131588545574072e-01
2.300010000000001498e-01 1.065003763686138416e-01
2.400010000000001587e-01 1.065761582502004201e-01
2.500010000000001398e-01 1.062403760963687854e-01
2.600010000000001487e-01 1.054935988481065651e-01
2.700010000000001575e-01 1.043370918263377967e-01
2.800010000000001664e-01 1.027728145879944072e-01
2.900010000000001753e-01 1.008034176057913262e-01
3.000010000000001842e-01 9.843223777733103863e-02
3.100010000000001931e-01 9.566329277114667129e-02
3.200010000000002020e-01 9.250127421926365723e-02
3.300010000000002108e-01 8.895153976781433602e-02
3.400010000000002197e-01 8.502010399917470096e-02
3.500010000000002286e-01 8.071362824100453137e-02
3.600010000000002375e-01 7.603940927945836148e-02
3.700010000000002464e-01 7.100536699569127974e-02
3.800010000000002552e-01 6.562003094660788516e-02
3.900010000000002641e-01 5.989252591259176112e-02
4.000010000000002730e-01 5.383255643670297602e-02
4.100010000000002819e-01 4.745039038154003075e-02
4.200010000000002908e-01 4.075684153162707074e-02
4.300010000000002997e-01 3.376325127080450489e-02
4.400010000000003085e-01 2.648146936566835724e-02
4.500010000000003174e-01 1.892383388761843116e-02
4.600010000000003263e-01 1.110315030753488037e-02
4.700010000000003352e-01 3.032669798504646075e-03
4.800010000000003441e-01 -5.273933216638906213e-03
4.900010000000003529e-01 -1.380258423492029471e-02
5.000010000000003618e-01 -2.253883252071211055e-02
5.100010000000002597e-01 -3.146787559070454016e-02
5.200010000000001575e-01 -4.057458429486744678e-02
5.300010000000000554e-01 -4.984352845090851691e-02
5.400009999999999533e-01 -5.925900298879299005e-02
5.500009999999998511e-01 -6.880505456102641026e-02
5.600009999999997490e-01 -7.846550857361257736e-02
5.700009999999996468e-01 -8.822399659188610854e-02
5.800009999999995447e-01 -9.806398407478383872e-02
5.900009999999994426e-01 -1.079687983905627535e-01
6.000009999999993404e-01 -1.179216570664954611e-01
6.100009999999992383e-01 -1.279056962246774010e-01
6.200009999999991361e-01 -1.379039991557650391e-01
6.300009999999990340e-01 -1.478996249822303877e-01
6.400009999999989319e-01 -1.578756373625653520e-01
6.500009999999988297e-01 -1.678151331878005581e-01
6.600009999999987276e-01 -1.777012712217156121e-01
6.700009999999986254e-01 -1.875173006362137740e-01
6.800009999999985233e-01 -1.972465893935113901e-01
6.900009999999984212e-01 -2.068726524270518563e-01
7.000009999999983190e-01 -2.163791795733952250e-01
7.100009999999982169e-01 -2.257500632077562852e-01
7.200009999999981147e-01 -2.349694255363661000e-01
7.300009999999980126e-01 -2.440216454994136308e-01
7.400009999999979105e-01 -2.528913852389836348e-01
7.500009999999978083e-01 -2.615636160871442906e-01
7.600009999999977062e-01 -2.700236440301508334e-01
7.700009999999976040e-01 -2.782571346056196271e-01
7.800009999999975019e-01 -2.862501371904870862e-01
7.900009999999973997e-01 -2.939891086386008379e-01
8.000009999999972976e-01 -3.014609362278920512e-01
8.100009999999971955e-01 -3.086529598782478123e-01
8.200009999999970933e-01 -3.155529936024382143e-01
8.300009999999969912e-01 -3.221493461537520697e-01
8.400009999999968890e-01 -3.284308408353565634e-01
8.500009999999967869e-01 -3.343868344378163049e-01
8.600009999999966848e-01 -3.400072352726845049e-01
8.700009999999965826e-01 -3.452825202716106601e-01
8.800009999999964805e-01 -3.502037511219923127e-01
8.900009999999963783e-01 -3.547625894118311418e-01
9.000009999999962762e-01 -3.589513107581324136e-01
9.100009999999961741e-01 -3.627628178949081628e-01
9.200009999999960719e-01 -3.661906526986112853e-01
9.300009999999959698e-01 -3.692290071306139621e-01
9.400009999999958676e-01 -3.718727330782293228e-01
9.500009999999957655e-01 -3.741173510774549182e-01
9.600009999999956634e-01 -3.759590579032075497e-01
9.700009999999955612e-01 -3.773947330121384947e-01
9.800009999999954591e-01 -3.784219438347652953e-01
9.900004999999978406e-01 -3.790389293043827101e-01
1.000000000000000000e+00 -3.792447057504823582e-01
1.009999999999999787e+00 -3.792037116706902244e-01
1.019999999999999574e+00 -3.790823397051854560e-01
1.029999999999999361e+00 -3.788831053453695086e-01
1.039999999999999147e+00 -3.786086560088749997e-01
1.049999999999998934e+00 -3.782617665562387210e-01
1.059999999999998721e+00 -3.778453345886055859e-01
1.069999999999998508e+00 -3.773623755382764511e-01
1.079999999999998295e+00 -3.768160175593882055e-01
1.089999999999998082e+00 -3.762094962276588683e-01
1.099999999999997868e+00 -3.755461490581048500e-01
1.109999999999997655e+00 -3.748294098500386529e-01
1.119999999999997442e+00 -3.740628028689241269e-01
1.129999999999997229e+00 -3.732499368749480073e-01
1.139999999999997016e+00 -3.723944990084257500e-01
1.149999999999996803e+00 -3.715002485424022671e-01
1.159999999999996589e+00 -3.705710105130322618e-01
1.169999999999996376e+00 -3.696106692385335846e-01
1.179999999999996163e+00 -3.686231617376944936e-01
1.189999999999995950e+00 -3.676124710590860101e-01
1.199999999999995737e+00 -3.665826195322830494e-01
1.209999999999995524e+00 -3.655376619525284032e-01
1.219999999999995310e+00 -3.644816787103878908e-01
1.229999999999995097e+00 -3.634187688780372572e-01
1.239999999999994884e+00 -3.623530432638956689e-01
1.249999999999994671e+00 -3.612886174473733947e-01
1.259999999999994458e+00 -3.602296048055357858e-01
1.269999999999994245e+00 -3.591801095434986046e-01
1.279999999999994031e+00 -3.581442197403644778e-01
1.289999999999993818e+00 -3.571260004224824369e-01
1.299999999999993605e+00 -3.561294866757677702e-01
1.309999999999993392e+00 -3.551586768087521273e-01
1.319999999999993179e+00 -3.542175255779482779e-01
1.329999999999992966e+00 -3.533099374870083964e-01
1.339999999999992752e+00 -3.524397601710294037e-01
1.349999999999992539e+00 -3.516107778772152304e-01
1.359999999999992326e+00 -3.508267050529417785e-01
1.369999999999992113e+00 -3.500911800520890571e-01
1.379999999999991900e+00 -3.494077589703040720e-01
1.389999999999991687e+00 -3.487799096196404491e-01
1.399999999999991473e+00 -3.482110056527832342e-01
1.409999999999991260e+00 -3.477043208468150182e-01
1.419999999999991047e+00 -3.472630235562090273e-01
1.429999999999990834e+00 -3.468901713444475510e-01
1.439999999999990621e+00 -3.465887058033618739e-01
1.449999999999990408e+00 -3.463614475689717476e-01
1.459999999999990195e+00 -3.462110915422693669e-01
1.469999999999989981e+00 -3.461402023230457647e-01
1.479999999999989768e+00 -3.461512098644961011e-01
1.489999999999989555e+00 -3.462464053559671795e-01
1.499999999999989342e+00 -3.464279373408227225e-01
1.509999999999989129e+00 -3.466978080760045877e-01
1.519999999999988916e+00 -3.470578701394580468e-01
1.529999999999988702e+00 -3.475098232911694174e-01
1.539999999999988489e+00 -3.480552115931349055e-01
1.549999999999988276e+00 -3.486954207931398653e-01
1.559999999999988063e+00 -3.494316759767821523e-01
1.569999999999987850e+00 -3.502650394917172227e-01
1.579999999999987637e+00 -3.511964091476426630e-01
1.589999999999987423e+00 -3.522265166950714899e-01
1.599999999999987210e+00 -3.533559265854721021e-01
1.609999999999986997e+00 -3.545850350148758712e-01
1.619999999999986784e+00 -3.559140692525721295e-01
1.629999999999986571e+00 -3.573430872560288685e-01
1.639999999999986358e+00 -3.588719775726909589e-01
1.649999999999986144e+00 -3.605004595288226477e-01
1.659999999999985931e+00 -3.622280837050741442e-01
1.669999999999985718e+00 -3.640542326979667176e-01
1.679999999999985505e+00 -3.659781221660058925e-01
1.689999999999985292e+00 -3.679988021586503288e-01
1.699999999999985079e+00 -3.701151587258844633e-01
1.709999999999984865e+00 -3.723259158056679841e-01
1.719999999999984652e+00 -3.746296373860638074e-01
1.729999999999984439e+00 -3.770247299383812645e-01
1.739999999999984226e+00 -3.795094451172117411e-01
1.749999999999984013e+00 -3.820818827227818737e-01
1.759999999999983800e+00 -3.847399939206052610e-01
1.769999999999983586e+00 -3.874815847129768343e-01
1.779999999999983373e+00 -3.903043196564285333e-01
1.789999999999983160e+00 -3.932057258188469961e-01
1.799999999999982947e+00 -3.961831969695485678e-01
1.809999999999982734e+00 -3.992339979952122531e-01
1.819999999999982521e+00 -4.023552695341882091e-01
1.829999999999982307e+00 -4.055440328213295031e-01
1.839999999999982094e+00 -4.087971947351380364e-01
1.849999999999981881e+00 -4.121115530386734171e-01
1.859999999999981668e+00 -4.154838018053439996e-01
1.869999999999981455e+00 -4.189105370203873857e-01
1.879999999999981242e+00 -4.223882623485488153e-01
1.889999999999981029e+00 -4.259133950581852623e-01
1.899999999999980815e+00 -4.294822720917575998e-01
1.909999999999980602e+00 -4.330911562724246711e-01
1.919999999999980389e+00 -4.367362426362234595e-01
1.929999999999980176e+00 -4.404136648791059927e-01
1.939999999999979963e+00 -4.441195019079096085e-01
1.949999999999979750e+00 -4.478497844841599629e-01
1.959999999999979536e+00 -4.516005019494517825e-01
1.969999999999979323e+00 -4.553676090210052041e-01
1.979999999999979110e+00 -4.591470326459088369e-01
1.989999999999978897e+00 -4.629346789023460196e-01
1.994999999999989448e+00 -4.648303021599272111e-01
2.000000000000000000e+00 -4.667264399267305741e-01
2.009999999999999787e+00 -4.705187499231725523e-01
2.019999999999999574e+00 -4.743102460445896007e-01
2.029999999999999361e+00 -4.781001369779872001e-01
2.039999999999999147e+00 -4.818876572285636373e-01
2.049999999999998934e+00 -4.856720684167462609e-01
2.059999999999998721e+00 -4.894526605292834898e-01
2.069999999999998508e+00 -4.932287531222736554e-01
2.079999999999998295e+00 -4.969996964740924783e-01
2.089999999999998082e+00 -5.007648726862652389e-01
2.099999999999997868e+00 -5.045236967304186360e-01
2.109999999999997655e+00 -5.082756174395386406e-01
2.119999999999997442e+00 -5.120201184418540219e-01
2.129999999999997229e+00 -5.157567190357640330e-01
2.139999999999997016e+00 -5.194849750043273318e-01
2.149999999999996803e+00 -5.232044793679322403e-01
2.159999999999996589e+00 -5.269148630738728079e-01
2.169999999999996376e+00 -5.306157956216627225e-01
2.179999999999996163e+00 -5.343069856230271419e-01
2.189999999999995950e+00 -5.379881812956236464e-01
2.199999999999995737e+00 -5.416591708896563162e-01
2.209999999999995524e+00 -5.453197830466591789e-01
2.219999999999995310e+00 -5.489698870898416239e-01
2.229999999999995097e+00 -5.526093932455041768e-01
2.239999999999994884e+00 -5.562382527951488242e-01
2.249999999999994671e+00 -5.598564581580263155e-01
2.259999999999994458e+00 -5.634640429039806664e-01
2.269999999999994245e+00 -5.670610816965695467e-01
2.279999999999994031e+00 -5.706476901665560320e-01
2.289999999999993818e+00 -5.742240247159867694e-01
2.299999999999993605e+00 -5.777902822531880700e-01
2.309999999999993392e+00 -5.813466998591294566e-01
2.319999999999993179e+00 -5.848935543857194386e-01
2.329999999999992966e+00 -5.884311619867145238e-01
2.339999999999992752e+00 -5.919598775820360537e-01
2.349999999999992539e+00 -5.954800942564026922e-01
2.359999999999992326e+00 -5.989922425932974193e-01
2.369999999999992113e+00 -6.024967899453973486e-01
2.379999999999991900e+00 -6.059942396427031586e-01
2.389999999999991687e+00 -6.094851301397089527e-01
2.399999999999991473e+00 -6.129700341030582811e-01
2.409999999999991260e+00 -6.164495574412320877e-01
2.419999999999991047e+00 -6.199243382779122680e-01
2.429999999999990834e+00 -6.233950458707605558e-01
2.439999999999990621e+00 -6.268623794774449420e-01
2.449999999999990408e+00 -6.303270671708348649e-01
2.459999999999990195e+00 -6.337898646053724550e-01
2.469999999999989981e+00 -6.372515537367100524e-01
2.479999999999989768e+00 -6.407129414967843717e-01
2.489999999999989555e+00 -6.441748584265704070e-01
2.499999999999989342e+00 -6.476381572688338917e-01
2.509999999999989129e+00 -6.511037115232645167e-01
2.519999999999988916e+00 -6.545724139664399477e-01
2.529999999999988702e+00 -6.580451751391269699e-01
2.539999999999988489e+00 -6.615229218034840430e-01
2.549999999999988276e+00 -6.650065953727781753e-01
2.559999999999988063e+00 -6.684971503162775441e-01
2.569999999999987850e+00 -6.719955525420222564e-01
2.579999999999987637e+00 -6.755027777602140571e-01
2.589999999999987423e+00 -6.790198098299964347e-01
2.599999999999987210e+00 -6.825476390924284376e-01
2.609999999999986997e+00 -6.860872606924751649e-01
2.619999999999986784e+00 -6.896396728928585462e-01
2.629999999999986571e+00 -6.932058753826257913e-01
2.639999999999986358e+00 -6.967868675833009950e-01
2.649999999999986144e+00 -7.003836469554898247e-01
2.659999999999985931e+00 -7.039972073088071047e-01
2.669999999999985718e+00 -7.076285371179902306e-01
2.679999999999985505e+00 -7.112786178480520194e-01
2.689999999999985292e+00 -7.149484222913106146e-01
2.699999999999985079e+00 -7.186389129191141922e-01
2.709999999999984865e+00 -7.223510402510534556e-01
2.719999999999984652e+00 -7.260857412444243764e-01
2.729999999999984439e+00 -7.298439377066712197e-01
2.739999999999984226e+00 -7.336265347334987030e-01
2.749999999999984013e+00 -7.374344191752999489e-01
2.759999999999983800e+00 -7.412684581344994861e-01
2.769999999999983586e+00 -7.451294974963560414e-01
2.779999999999983373e+00 -7.490183604957155739e-01
2.789999999999983160e+00 -7.529358463221422770e-01
2.799999999999982947e+00 -7.568827287657918790e-01
2.809999999999982734e+00 -7.608597549063202958e-01
2.819999999999982521e+00 -7.648676438470507488e-01
2.829999999999982307e+00 -7.689070854965425195e-01
2.839999999999982094e+00 -7.729787393996270239e-01
2.849999999999981881e+00 -7.770832336198915113e-01
2.859999999999981668e+00 -7.812211636755033162e-01
2.869999999999981455e+00 -7.853930915301788884e-01
2.879999999999981242e+00 -7.895995446410061236e-01
2.889999999999981029e+00 -7.938410150647342567e-01
2.899999999999980815e+00 -7.981179586240449986e-01
2.909999999999980602e+00 -8.024307941352177842e-01
2.919999999999980389e+00 -8.067799026984979749e-01
2.929999999999980176e+00 -8.111656270523699419e-01
2.939999999999979963e+00 -8.155882709928292673e-01
2.949999999999979750e+00 -8.200480988586386077e-01
2.959999999999979536e+00 -8.245453350834384132e-01
2.969999999999979323e+00 -8.290801638154722264e-01
2.979999999999979110e+00 -8.336527286055702701e-01
2.989999999999978897e+00 -8.382631321639207878e-01
2.994999999999989448e+00 -8.405825443039668388e-01
3.000000000000000000e+00 -8.429114360609214485e-01
3.009999999999999787e+00 -8.475976623800838272e-01
3.019999999999999574e+00 -8.523218083987992300e-01
3.029999999999999361e+00 -8.570838620007434905e-01
3.039999999999999147e+00 -8.618838032844556851e-01
3.049999999999998934e+00 -8.667216048280423912e-01
3.059999999999998721e+00 -8.715972319666250856e-01
3.069999999999998508e+00 -8.765106430820592820e-01
3.079999999999998295e+00 -8.814617899044352445e-01
3.089999999999998082e+00 -8.864506178248494628e-01
3.099999999999997868e+00 -8.914770662189166472e-01
3.109999999999997655e+00 -8.965410687804742373e-01
3.119999999999997442e+00 -9.016425538649138760e-01
3.129999999999997229e+00 -9.067814448415582040e-01
3.139999999999997016e+00 -9.119576604544863407e-01
3.149999999999996803e+00 -9.171711151911956517e-01
3.159999999999996589e+00 -9.224217196584760803e-01
3.169999999999996376e+00 -9.277093809648597755e-01
3.179999999999996163e+00 -9.330340031089984221e-01
3.189999999999995950e+00 -9.383954873733092450e-01
3.199999999999995737e+00 -9.437937327222237771e-01
3.209999999999995524e+00 -9.492286362043641512e-01
3.219999999999995310e+00 -9.547000933579652404e-01
3.229999999999995097e+00 -9.602079986188563065e-01
3.239999999999994884e+00 -9.657522457303100438e-01
3.249999999999994671e+00 -9.713327281540657943e-01
3.259999999999994458e+00 -9.769493394818289378e-01
3.269999999999994245e+00 -9.826019738465509024e-01
3.279999999999994031e+00 -9.882905263327913525e-01
3.289999999999993818e+00 -9.940148933854686675e-01
3.299999999999993605e+00 -9.997749732163048186e-01
3.309999999999993392e+00 -1.005570666207277197e+00
3.319999999999993179e+00 -1.011401875310392828e+00
3.329999999999992966e+00 -1.017268506443108178e+00
3.339999999999992752e+00 -1.023170468878724204e+00
3.349999999999992539e+00 -1.029107675631095509e+00
3.359999999999992326e+00 -1.035080043833001895e+00
3.369999999999992113e+00 -1.041087495107539729e+00
3.379999999999991900e+00 -1.047129955931906720e+00
3.389999999999991687e+00 -1.053207357992960835e+00
3.399999999999991473e+00 -1.059319638533952279e+00
3.409999999999991260e+00 -1.065466740691841219e+00
3.419999999999991047e+00 -1.071648613824628837e+00
3.429999999999990834e+00 -1.077865213828148372e+00
3.439999999999990621e+00 -1.084116503441777679e+00
3.449999999999990408e+00 -1.090402452542557077e+00
3.459999999999990195e+00 -1.096723038427212860e+00
3.469999999999989981e+00 -1.103078246081609315e+00
3.479999999999989768e+00 -1.109468068437171828e+00
3.489999999999989555e+00 -1.115892506613848534e+00
3.499999999999989342e+00 -1.122351570149195954e+00
3.509999999999989129e+00 -1.128845277213203380e+00
3.519999999999988916e+00 -1.135373654808489841e+00
3.529999999999988702e+00 -1.141936738955535491e+00
3.539999999999988489e+00 -1.148534574862633439e+00
3.549999999999988276e+00 -1.155167217080274478e+00
3.559999999999988063e+00 -1.161834729639701358e+00
3.569999999999987850e+00 -1.168537186175400366e+00
3.579999999999987637e+00 -1.175274670031320579e+00
3.589999999999987423e+00 -1.182047274350642274e+00
3.599999999999987210e+00 -1.188855102148941079e+00
3.609999999999986997e+00 -1.195698266370625262e+00
3.619999999999986784e+00 -1.202576889928549608e+00
3.629999999999986571e+00 -1.209491105726738347e+00
3.639999999999986358e+00 -1.216441056666180520e+00
3.649999999999986144e+00 -1.223426895633686007e+00
3.659999999999985931e+00 -1.230448785473821527e+00
3.669999999999985718e+00 -1.237506898943975253e+00
3.679999999999985505e+00 -1.244601418652624858e+00
3.689999999999985292e+00 -1.251732536980914023e+00
3.699999999999985079e+00 -1.258900455987671085e+00
3.709999999999984865e+00 -1.266105387298029239e+00
3.719999999999984652e+00 -1.273347551975838154e+00
3.729999999999984439e+00 -1.280627180380083052e+00
3.739999999999984226e+00 -1.287944512005553932e+00
3.749999999999984013e+00 -1.295299795308035629e+00
3.759999999999983800e+00 -1.302693287514314679e+00
3.769999999999983586e+00 -1.310125254417324303e+00
3.779999999999983373e+00 -1.317595970156775653e+00
3.789999999999983160e+00 -1.325105716985646609e+00
3.799999999999982947e+00 -1.332654785022922450e+00
3.809999999999982734e+00 -1.340243471993010083e+00
3.819999999999982521e+00 -1.347872082952265460e+00
3.829999999999982307e+00 -1.355540930003096722e+00
3.839999999999982094e+00 -1.363250331996130438e+00
3.849999999999981881e+00 -1.371000614220942770e+00
3.859999999999981668e+00 -1.378792108085880708e+00
3.869999999999981455e+00 -1.386625150787515803e+00
3.879999999999981242e+00 -1.394500084970291542e+00
3.889999999999981029e+00 -1.402417258376937870e+00
3.899999999999980815e+00 -1.410377023490249737e+00
3.909999999999980602e+00 -1.418379737166831855e+00
3.919999999999980389e+00 -1.426425760263434483e+00
3.929999999999980176e+00 -1.434515457256510196e+00
3.939999999999979963e+00 -1.442649195855638666e+00
3.949999999999979750e+00 -1.450827346611472057e+00
3.959999999999979536e+00 -1.459050282518867148e+00
3.969999999999979323e+00 -1.467318378615876551e+00
3.979999999999979110e+00 -1.475632011579277370e+00
3.989999999999978897e+00 -1.483991559317322961e+00
3.999999999999978684e+00 -1.492397400559128506e+00
4.009999999999979359e+00 -1.500849914448904254e+00
4.019999999999980034e+00 -1.509349480207430538e+00
4.029999999999980709e+00 -1.517896476977706577e+00
4.039999999999981384e+00 -1.526491283742427374e+00
4.049999999999982059e+00 -1.535134279247444500e+00
4.059999999999982734e+00 -1.543825841927939146e+00
4.069999999999983409e+00 -1.552566349837430471e+00
4.079999999999984084e+00 -1.561356180579740904e+00
4.089999999999984759e+00 -1.570195711244033232e+00
4.099999999999985434e+00 -1.579085318343029565e+00
4.109999999999986109e+00 -1.588025377754516576e+00
4.119999999999986784e+00 -1.597016264666237140e+00
4.129999999999987459e+00 -1.606058353524260074e+00
4.139999999999988134e+00 -1.615152017984916588e+00
4.149999999999988809e+00 -1.624297630870385589e+00
4.159999999999989484e+00 -1.633495564128000899e+00
4.169999999999990159e+00 -1.642746188793351658e+00
4.179999999999990834e+00 -1.652049874957236764e+00
4.189999999999991509e+00 -1.661406991736529948e+00
4.199999999999992184e+00 -1.670817907249005918e+00
4.209999999999992859e+00 -1.680282988592167737e+00
4.219999999999993534e+00 -1.689802601826113637e+00
4.229999999999994209e+00 -1.699377111960471032e+00
4.239999999999994884e+00 -1.709006882945421246e+00
4.249999999999995559e+00 -1.718692277666827195e+00
4.259999999999996234e+00 -1.728433657945476432e+00
4.269999999999996909e+00 -1.738231384540437352e+00
4.279999999999997584e+00 -1.748085817156524779e+00
4.289999999999998259e+00 -1.757997314455860716e+00
4.299999999999998934e+00 -1.767966234073513387e+00
4.309999999999999609e+00 -1.777992932637184831e+00
4.320000000000000284e+00 -1.788077765790915485e+00
4.330000000000000959e+00 -1.798221088222765829e+00
4.340000000000001634e+00 -1.808423253696427535e+00
4.350000000000002309e+00 -1.818684615086709977e+00
4.360000000000002984e+00 -1.829005524418843454e+00
4.370000000000003659e+00 -1.839386332911531641e+00
4.380000000000004334e+00 -1.849827391023679990e+00
4.390000000000005009e+00 -1.860329048504721916e+00
4.400000000000005684e+00 -1.870891654448456842e+00
4.410000000000006359e+00 -1.881515557350308177e+00
4.420000000000007034e+00 -1.892201105167906183e+00
4.430000000000007709e+00 -1.902948645384891391e+00
4.440000000000008384e+00 -1.913758525077830619e+00
4.450000000000009059e+00 -1.924631090986133053e+00
4.460000000000009734e+00 -1.935566689584847566e+00
4.470000000000010409e+00 -1.946565667160216728e+00
4.480000000000011084e+00 -1.957628369887862485e+00
4.490000000000011759e+00 -1.968755143913467176e+00
4.500000000000012434e+00 -1.979946335435815996e+00
4.510000000000013110e+00 -1.991202290792059459e+00
4.520000000000013785e+00 -2.002523356545050870e+00
4.530000000000014460e+00 -2.013909879572612027e+00
4.540000000000015135e+00 -2.025362207158573291e+00
4.550000000000015810e+00 -2.036880687085438346e+00
4.560000000000016485e+00 -2.048465667728510020e+00
4.570000000000017160e+00 -2.060117498151325943e+00
4.580000000000017835e+00 -2.071836528202234629e+00
4.590000000000018510e+00 -2.083623108611952990e+00
4.600000000000019185e+00 -2.095477591091937875e+00
4.610000000000019860e+00 -2.107400328433406855e+00
4.620000000000020535e+00 -2.119391674606838638e+00
4.630000000000021210e+00 -2.131451984861784776e+00
4.640000000000021885e+00 -2.143581615826824827e+00
4.650000000000022560e+00 -2.155780925609493970e+00
4.660000000000023235e+00 -2.168050273896015678e+00
4.670000000000023910e+00 -2.180390022050668009e+00
4.680000000000024585e+00 -2.192800533214617431e+00
4.690000000000025260e+00 -2.205282172404051444e+00
4.700000000000025935e+00 -2.217835306607443879e+00
4.710000000000026610e+00 -2.230460304881788591e+00
4.720000000000027285e+00 -2.243157538447637656e+00
4.730000000000027960e+00 -2.255927380782784208e+00
4.740000000000028635e+00 -2.268770207714430498e+00
4.750000000000029310e+00 -2.281686397509683939e+00
4.760000000000029985e+00 -2.294676330964229738e+00
4.770000000000030660e+00 -2.307740391489029097e+00
4.780000000000031335e+00 -2.320878965194895560e+00
4.790000000000032010e+00 -2.334092440974807392e+00
4.800000000000032685e+00 -2.347381210583814326e+00
4.810000000000033360e+00 -2.360745668716406342e+00
4.820000000000034035e+00 -2.374186213081210806e+00
4.830000000000034710e+00 -2.387703244472892727e+00
4.840000000000035385e+00 -2.401297166841135144e+00
4.850000000000036060e+00 -2.414968387356585477e+00
4.860000000000036735e+00 -2.428717316473652410e+00
4.870000000000037410e+00 -2.442544367990048482e+00
4.880000000000038085e+00 -2.456449959102979363e+00
4.890000000000038760e+00 -2.470434510461882560e+00
4.900000000000039435e+00 -2.484498446217624501e+00
4.910000000000040110e+00 -2.498642194068078304e+00
4.920000000000040785e+00 -2.512866185299997390e+00
4.930000000000041460e+00 -2.527170854827121449e+00
4.940000000000042135e+00 -2.541556641224445023e+00
4.950000000000042810e+00 -2.556023986758593214e+00
4.960000000000043485e+00 -2.570573337414250759e+00
4.970000000000044160e+00 -2.585205142916603194e+00
4.980000000000044835e+00 -2.599919856749748348e+00
4.990000000000021529e+00 -2.614717936171016444e+00
5.000000000000000000e+00 -2.629599842221334693e+00
