-1.000010000000000066e+00 -4.199500566749181374e-01
-1.000000000000000000e+00 -4.198891015602653209e-01
-9.899999999999999911e-01 -3.580308078649952486e-01
-9.799999999999999822e-01 -2.945579910924921996e-01
-9.699999999999999734e-01 -2.297568789226245856e-01
-9.599999999999999645e-01 -1.639196889208353880e-01
-9.499999999999999556e-01 -9.734331079679026111e-02
-9.399999999999999467e-01 -3.032796759420106070e-02
-9.299999999999999378e-01 3.682413815085872760e-02
-9.200000000000000400e-01 1.038101871780661850e-01
-9.100000000000000311e-01 1.703281090520546714e-01
-9.000000000000000222e-01 2.360779443348188511e-01
-8.900000000000000133e-01 3.007631972386901609e-01
-8.800000000000000044e-01 3.640921726601292763e-01
-8.699999999999999956e-01 4.257792915650723264e-01
-8.599999999999999867e-01 4.855463787941407539e-01
-8.499999999999999778e-01 5.431239174804320946e-01
-8.399999999999999689e-01 5.982522644231468290e-01
-8.299999999999999600e-01 6.506828209363794135e-01
-8.200000000000000622e-01 7.001791538931936287e-01
-8.100000000000000533e-01 7.465180619096827286e-01
-8.000000000000000444e-01 7.894905818611014370e-01
-7.900000000000000355e-01 8.289029311912433640e-01
-7.800000000000000266e-01 8.645773817657602667e-01
-7.700000000000000178e-01 8.963530613288157589e-01
-7.600000000000000089e-01 9.240866789489516897e-01
-7.500000000000000000e-01 9.476531711828022342e-01
-7.399999999999999911e-01 9.669462660428036482e-01
-7.299999999999999822e-01 9.818789622257194649e-01
-7.199999999999999734e-01 9.923839214409260201e-01
-7.099999999999999645e-01 9.984137720692611850e-01
-6.999999999999999556e-01 9.999413227831132067e-01
-6.899999999999999467e-01 9.969596851644327851e-01
-6.799999999999999378e-01 9.894823047677294703e-01
-6.699999999999999289e-01 9.775429004879772066e-01
-6.599999999999999201e-01 9.611953125068430914e-01
-6.499999999999999112e-01 9.405132595029239706e-01
-6.400000000000000133e-01 9.155900062208340850e-01
-6.300000000000000044e-01 8.865379428982269605e-01
-6.199999999999999956e-01 8.534880784473124482e-01
-6.099999999999999867e-01 8.165894496763289601e-01
-5.999999999999999778e-01 7.760084492150732816e-01
-5.899999999999999689e-01 7.319280751751680025e-01
-5.800000000000000711e-01 6.845471059286893922e-01
-5.700000000000000622e-01 6.340792037264533221e-01
-5.600000000000000533e-01 5.807519511981532601e-01
-5.500000000000000444e-01 5.248058250792011492e-01
-5.400000000000000355e-01 4.664931117922086479e-01
-5.300000000000000266e-01 4.060767697732361459e-01
-5.200000000000000178e-01 3.438292436731042456e-01
-5.100000000000000089e-01 2.800312357810620933e-01
-5.000000000000000000e-01 2.149704402110245161e-01
-4.899999999999999911e-01 1.489402455585077389e-01
-4.799999999999999822e-01 8.223841187856550938e-02
-4.699999999999999734e-01 1.516572795083362228e-02
-4.599999999999999645e-01 -5.197534511331271256e-02
-4.499999999999999556e-01 -1.188820378049063042e-01
-4.399999999999999467e-01 -1.852526375422402782e-01
-4.299999999999999378e-01 -2.507878492295516626e-01
-4.200000000000000400e-01 -3.151921449141722453e-01
-4.100000000000000311e-01 -3.781750964559222328e-01
-4.000000000000000222e-01 -4.394526851991361061e-01
-3.900000000000000133e-01 -4.987485827414249728e-01
-3.800000000000000044e-01 -5.557953970236033658e-01
-3.699999999999999956e-01 -6.103358781215918460e-01
-3.599999999999999867e-01 -6.621240783028435883e-01
-3.499999999999999778e-01 -7.109264611160706071e-01
-3.399999999999999689e-01 -7.565229545128754340e-01
-3.299999999999999600e-01 -7.987079432522995459e-01
-3.199999999999999512e-01 -8.372911961130717895e-01
-3.099999999999999423e-01 -8.720987237323496455e-01
-2.999999999999999334e-01 -9.029735632025619463e-01
-2.900000000000000355e-01 -9.297764858882514583e-01
-2.800000000000000266e-01 -9.523866252710552205e-01
-2.700000000000000178e-01 -9.707020219915803994e-01
-2.600000000000000089e-01 -9.846400836303355053e-01
-2.500000000000000000e-01 -9.941379571543594862e-01
-2.399999999999999911e-01 -9.991528123500170722e-01
-2.299999999999999822e-01 -9.996620349638284386e-01
-2.199999999999999734e-01 -9.956633286803835414e-01
-2.099999999999999645e-01 -9.871747254774673186e-01
-1.999999999999999556e-01 -9.742345043117043302e-01
-1.899999999999999467e-01 -9.569010185014059644e-01
-1.799999999999999378e-01 -9.352524325850278819e-01
-1.699999999999999289e-01 -9.093863698418623853e-01
-1.600000000000000311e-01 -8.794194720644555874e-01
-1.500000000000000222e-01 -8.454868735679320624e-01
-1.400000000000000133e-01 -8.077415918081638502e-01
-1.300000000000000044e-01 -7.663538373567532203e-01
-1.199999999999999956e-01 -7.215102463444701408e-01
-1.099999999999999867e-01 -6.734130388344073959e-01
-9.999999999999997780e-02 -6.222791069201206726e-01
-8.999999999999996891e-02 -5.683390366609425426e-01
-7.999999999999996003e-02 -5.118360682650004989e-01
-6.999999999999995115e-02 -4.530249992089454558e-01
-5.999999999999994227e-02 -3.921710352407242750e-01
-4.999999999999993339e-02 -3.295485944467399508e-01
-4.000000000000003553e-02 -2.654400697764087158e-01
-3.000000000000002665e-02 -2.001345556044418772e-01
-2.000000000000001776e-02 -1.339265440733735379e-01
-1.000000000000000888e-02 -6.711459709510199378e-02
0.000000000000000000e+00 0.000000000000000000e+00
9.999999999999999547e-07 -4.198860537538790288e-07
1.000100000000000121e-02 -3.891411827902490055e-03
2.000099999999999795e-02 -7.155509183544366339e-03
3.000099999999999642e-02 -9.777994559785240652e-03
4.000100000000000183e-02 -1.174704147309058554e-02
5.000100000000000378e-02 -1.305377073550726894e-02
6.000100000000000572e-02 -1.369228967637211962e-02
7.000100000000000766e-02 -1.365971893436853865e-02
8.000100000000001654e-02 -1.295620538310004143e-02
9.000100000000002542e-02 -1.158492148451824126e-02
1.000010000000000343e-01 -9.552050978635446415e-03
1.100010000000000432e-01 -6.866760999370724594e-03
1.200010000000000521e-01 -3.541160735488004929e-03
1.300010000000000610e-01 4.097531751395462087e-04
1.400010000000000698e-01 4.968164272183951333e-03
1.500010000000000787e-01 1.011351661534589871e-02
1.600010000000000876e-01 1.582260748040162368e-02
1.700010000000000965e-01 2.206969199079533012e-02
1.800010000000001054e-01 2.882659921294842761e-02
1.900010000000001142e-01 3.606285919175861165e-02
2.000010000000001231e-01 4.374584035342833632e-02
2.100010000000001320e-01 5.184089665601100683e-02
2.200010000000001409e-01 6.031152382410653184e-02
2.300010000000001498e-01 6.911952396317316838e-02
2.400010000000001587e-01 7.822517781113513813e-02
2.500010000000001398e-01 8.758742385052556423e-02
2.600010000000001487e-01 9.716404347346692394e-02
2.700010000000001575e-01 1.069118513644962132e-01
2.800010000000001664e-01 1.167868902427125349e-01
2.900010000000001753e-01 1.267446290850664514e-01
3.000010000000001842e-01 1.367401639369124899e-01
3.100010000000001931e-01 1.467284204042793305e-01
3.200010000000002020e-01 1.566643569147278536e-01
3.300010000000002108e-01 1.665031678302022200e-01
3.400010000000002197e-01 1.762004854959458577e-01
3.500010000000002286e-01 1.857125803143524767e-01
3.600010000000002375e-01 1.949965579415282313e-01
3.700010000000002464e-01 2.040105527173167732e-01
3.800010000000002552e-01 2.127139164565232110e-01
3.900010000000002641e-01 2.210674017499922039e-01
4.000010000000002730e-01 2.290333389489522808e-01
4.100010000000002819e-01 2.365758060345241331e-01
4.200010000000002908e-01 2.436607906063739948e-01
4.300010000000002997e-01 2.502563432600321547e-01
4.400010000000003085e-01 2.563327216612287796e-01
4.500010000000003174e-01 2.618625246675503337e-01
4.600010000000003263e-01 2.668208158926017592e-01
4.700010000000003352e-01 2.711852361554672464e-01
4.800010000000003441e-01 2.749361043083842215e-01
4.900010000000003529e-01 2.780565059879529510e-01
5.000010000000003618e-01 2.805323698896621254e-01
5.100010000000002597e-01 2.823525312217742833e-01
5.200010000000001575e-01 2.835087820524287427e-01
5.300010000000000554e-01 2.839959083229239845e-01
5.400009999999999533e-01 2.838117133602700015e-01
5.500009999999998511e-01 2.829570277829816516e-01
5.600009999999997490e-01 2.814357057554436881e-01
5.700009999999996468e-01 2.792546076077377371e-01
5.800009999999995447e-01 2.764235688993068596e-01
5.900009999999994426e-01 2.729553560659629396e-01
6.000009999999993404e-01 2.688656088502454078e-01
6.100009999999992383e-01 2.641727697747383030e-01
6.200009999999991361e-01 2.588980009763826584e-01
6.300009999999990340e-01 2.530650887768159385e-01
6.400009999999989319e-01 2.467003364190742398e-01
6.500009999999988297e-01 2.398324454543556694e-01
6.600009999999987276e-01 2.324923863137261515e-01
6.700009999999986254e-01 2.247132586484181516e-01
6.800009999999985233e-01 2.165301420685112055e-01
6.900009999999984212e-01 2.079799379530814230e-01
7.000009999999983190e-01 1.991012030451692616e-01
7.100009999999982169e-01 1.899339755819614284e-01
7.200009999999981147e-01 1.805195947442447824e-01
7.300009999999980126e-01 1.709005142393161536e-01
7.400009999999979105e-01 1.611201108579874142e-01
7.500009999999978083e-01 1.512224888689888691e-01
7.600009999999977062e-01 1.412522811328451589e-01
7.700009999999976040e-01 1.312544478320914199e-01
7.800009999999975019e-01 1.212740737254461576e-01
7.900009999999973997e-01 1.113561648402137949e-01
8.000009999999972976e-01 1.015454455197227490e-01
8.100009999999971955e-01 9.188615674100412967e-02
8.200009999999970933e-01 8.242185661218803805e-02
8.300009999999969912e-01 7.319522394926507303e-02
8.400009999999968890e-01 6.424786581797427287e-02
8.500009999999967869e-01 5.562012990869841245e-02
8.600009999999966848e-01 4.735092259045322466e-02
8.700009999999965826e-01 3.947753346444746181e-02
8.800009999999964805e-01 3.203546720838121309e-02
8.900009999999963783e-01 2.505828346977322096e-02
9.000009999999962762e-01 1.857744553030844445e-02
9.100009999999961741e-01 1.262217842365558410e-02
9.200009999999960719e-01 7.219337146532882332e-03
9.300009999999959698e-01 2.393285557440314598e-03
9.400009999999958676e-01 -1.834213491297075407e-03
9.500009999999957655e-01 -5.444096291029621240e-03
9.600009999999956634e-01 -8.420084247627822316e-03
9.700009999999955612e-01 -1.074875727430277955e-02
9.800009999999954591e-01 -1.241961436384261819e-02
9.900004999999978406e-01 -1.342508718450751391e-02
1.000000000000000000e+00 -1.376074259462488521e-02
1.009999999999999787e+00 -1.378071395534562725e-02
1.019999999999999574e+00 -1.383647474464442216e-02
1.029999999999999361e+00 -1.392168005768191358e-02
1.039999999999999147e+00 -1.402985221687609238e-02
1.049999999999998934e+00 -1.415440997513849053e-02
1.059999999999998721e+00 -1.428869819572012485e-02
1.069999999999998508e+00 -1.442601786269565728e-02
1.079999999999998295e+00 -1.455965629000558967e-02
1.089999999999998082e+00 -1.468291739195922048e-02
1.099999999999997868e+00 -1.478915187892833154e-02
1.109999999999997655e+00 -1.487178724200302095e-02
1.119999999999997442e+00 -1.492435739141205128e-02
1.129999999999997229e+00 -1.494053181505013671e-02
1.139999999999997016e+00 -1.491414412562439007e-02
1.149999999999996803e+00 -1.483921986768758396e-02
1.159999999999996589e+00 -1.471000345916380347e-02
1.169999999999996376e+00 -1.452098414587492566e-02
1.179999999999996163e+00 -1.426692085202722719e-02
1.189999999999995950e+00 -1.394286581459599529e-02
1.199999999999995737e+00 -1.354418689503002378e-02
1.209999999999995524e+00 -1.306658846766239890e-02
1.219999999999995310e+00 -1.250613079063226350e-02
1.229999999999995097e+00 -1.185924777196531790e-02
1.239999999999994884e+00 -1.112276305069773673e-02
1.249999999999994671e+00 -1.029390432052644175e-02
1.259999999999994458e+00 -9.370315831393888351e-03
1.269999999999994245e+00 -8.350069012632087978e-03
1.279999999999994031e+00 -7.231671169761254812e-03
1.289999999999993818e+00 -6.014072215725315730e-03
1.299999999999993605e+00 -4.696669406210064387e-03
1.309999999999993392e+00 -3.279310057690277593e-03
1.319999999999993179e+00 -1.762292235948886452e-03
1.329999999999992966e+00 -1.463634119633573562e-04
1.339999999999992752e+00 1.567282908779500791e-03
1.349999999999992539e+00 3.377012568340357831e-03
1.359999999999992326e+00 5.280758125485677384e-03
1.369999999999992113e+00 7.276028178716652944e-03
1.379999999999991900e+00 9.359918601127009338e-03
1.389999999999991687e+00 1.152912563642660530e-02
1.399999999999991473e+00 1.377996079707492598e-02
1.409999999999991260e+00 1.610836749734205486e-02
1.419999999999991047e+00 1.850993934629108564e-02
1.429999999999990834e+00 2.097994001819068061e-02
1.439999999999990621e+00 2.351332461075302666e-02
1.449999999999990408e+00 2.610476239488326855e-02
1.459999999999990195e+00 2.874866085335146815e-02
1.469999999999989981e+00 3.143919089998583466e-02
1.479999999999989768e+00 3.417031316566247062e-02
1.489999999999989555e+00 3.693580523255620557e-02
1.499999999999989342e+00 3.972928969384089543e-02
1.509999999999989129e+00 4.254426291230536256e-02
1.519999999999988916e+00 4.537412434819930451e-02
1.529999999999988702e+00 4.821220632405663620e-02
1.539999999999988489e+00 5.105180409227321608e-02
1.549999999999988276e+00 5.388620606985059652e-02
1.559999999999988063e+00 5.670872410396367302e-02
1.569999999999987850e+00 5.951272363187107284e-02
1.579999999999987637e+00 6.229165359916358224e-02
1.589999999999987423e+00 6.503907600143567225e-02
1.599999999999987210e+00 6.774869491616335171e-02
1.609999999999986997e+00 7.041438489387048805e-02
1.619999999999986784e+00 7.303021858055490367e-02
1.629999999999986571e+00 7.559049344681230409e-02
1.639999999999986358e+00 7.808975750312419084e-02
1.649999999999986144e+00 8.052283388534804687e-02
1.659999999999985931e+00 8.288484419954249283e-02
1.669999999999985718e+00 8.517123052085519286e-02
1.679999999999985505e+00 8.737777594727043351e-02
1.689999999999985292e+00 8.950062361553030865e-02
1.699999999999985079e+00 9.153629409347804891e-02
1.709999999999984865e+00 9.348170107039358023e-02
1.719999999999984652e+00 9.533416527456645140e-02
1.729999999999984439e+00 9.709142655534551414e-02
1.739999999999984226e+00 9.875165407518191052e-02
1.749999999999984013e+00 1.003134545657048127e-01
1.759999999999983800e+00 1.017758786105996127e-01
1.769999999999983586e+00 1.031384249269560460e-01
1.779999999999983373e+00 1.044010426257799273e-01
1.789999999999983160e+00 1.055641314414746817e-01
1.799999999999982947e+00 1.066285399292578040e-01
1.809999999999982734e+00 1.075955616386411323e-01
1.819999999999982521e+00 1.084669292802301205e-01
1.829999999999982307e+00 1.092448069121469689e-01
1.839999999999982094e+00 1.099317801813123607e-01
1.849999999999981881e+00 1.105308446635923508e-01
1.859999999999981668e+00 1.110453923553900157e-01
1.869999999999981455e+00 1.114791963775972894e-01
1.879999999999981242e+00 1.118363939608838925e-01
1.889999999999981029e+00 1.121214677890503691e-01
1.899999999999980815e+00 1.123392257845764464e-01
1.909999999999980602e+00 1.124947794275208968e-01
1.919999999999980389e+00 1.125935207055427517e-01
1.929999999999980176e+00 1.126410977989869555e-01
1.939999999999979963e+00 1.126433896106800309e-01
1.949999999999979750e+00 1.126064792552979310e-01
1.959999999999979536e+00 1.125366266278336885e-01
1.969999999999979323e+00 1.124402401749442365e-01
1.979999999999979110e+00 1.123238479961801844e-01
1.989999999999978897e+00 1.121940684064848676e-01
1.994999999999989448e+00 1.121262439161966606e-01
2.000000000000000000e+00 1.120575801310087216e-01
2.009999999999999787e+00 1.119199050586689864e-01
2.019999999999999574e+00 1.117818460959062871e-01
2.029999999999999361e+00 1.116430769513061944e-01
2.039999999999999147e+00 1.115033354704782487e-01
2.049999999999998934e+00 1.113624248182320392e-01
2.059999999999998721e+00 1.112202143661953635e-01
2.069999999999998508e+00 1.110766402818769427e-01
2.079999999999998295e+00 1.109317058165160130e-01
2.089999999999998082e+00 1.107854812904209840e-01
2.099999999999997868e+00 1.106381037758633334e-01
2.109999999999997655e+00 1.104897764789566639e-01
2.119999999999997442e+00 1.103407678233082889e-01
2.129999999999997229e+00 1.101914102395755990e-01
2.139999999999997016e+00 1.100420986663856598e-01
2.149999999999996803e+00 1.098932887693780808e-01
2.159999999999996589e+00 1.097454948864022423e-01
2.169999999999996376e+00 1.095992877081349848e-01
2.179999999999996163e+00 1.094552917045778229e-01
2.189999999999995950e+00 1.093141823090389153e-01
2.199999999999995737e+00 1.091766828722983279e-01
2.209999999999995524e+00 1.090435614006917409e-01
2.219999999999995310e+00 1.089156270928220011e-01
2.229999999999995097e+00 1.087937266905161515e-01
2.239999999999994884e+00 1.086787406604829698e-01
2.249999999999994671e+00 1.085715792238898109e-01
2.259999999999994458e+00 1.084731782517630860e-01
2.269999999999994245e+00 1.083844950447219319e-01
2.279999999999994031e+00 1.083065040160760828e-01
2.289999999999993818e+00 1.082401922977549585e-01
2.299999999999993605e+00 1.081865552888826576e-01
2.309999999999993392e+00 1.081465921670724667e-01
2.319999999999993179e+00 1.081213013826824304e-01
2.329999999999992966e+00 1.081116761563504919e-01
2.339999999999992752e+00 1.081187000001127135e-01
2.349999999999992539e+00 1.081433422823020740e-01
2.359999999999992326e+00 1.081865538562276075e-01
2.369999999999992113e+00 1.082492627723461165e-01
2.379999999999991900e+00 1.083323700932623673e-01
2.389999999999991687e+00 1.084367458304296289e-01
2.399999999999991473e+00 1.085632250208740240e-01
2.409999999999991260e+00 1.087126039616343187e-01
2.419999999999991047e+00 1.088856366188979130e-01
2.429999999999990834e+00 1.090830312280258452e-01
2.439999999999990621e+00 1.093054470997986971e-01
2.449999999999990408e+00 1.095534916472857140e-01
2.459999999999990195e+00 1.098277176467441218e-01
2.469999999999989981e+00 1.101286207449006516e-01
2.479999999999989768e+00 1.104566372238559163e-01
2.489999999999989555e+00 1.108121420336908164e-01
2.499999999999989342e+00 1.111954471016468049e-01
2.509999999999989129e+00 1.116067999255046933e-01
2.519999999999988916e+00 1.120463824575050199e-01
2.529999999999988702e+00 1.125143102838430109e-01
2.539999999999988489e+00 1.130106321034380495e-01
2.549999999999988276e+00 1.135353295083282310e-01
2.559999999999988063e+00 1.140883170666801560e-01
2.569999999999987850e+00 1.146694427080397899e-01
2.579999999999987637e+00 1.152784884090870127e-01
2.589999999999987423e+00 1.159151711768015014e-01
2.599999999999987210e+00 1.165791443246064762e-01
2.609999999999986997e+00 1.172699990357354560e-01
2.619999999999986784e+00 1.179872662067722594e-01
2.629999999999986571e+00 1.187304185630507630e-01
2.639999999999986358e+00 1.194988730363752000e-01
2.649999999999986144e+00 1.202919933943387421e-01
2.659999999999985931e+00 1.211090931093836004e-01
2.669999999999985718e+00 1.219494384546647298e-01
2.679999999999985505e+00 1.228122518127564983e-01
2.689999999999985292e+00 1.236967151822818967e-01
2.699999999999985079e+00 1.246019738666512139e-01
2.709999999999984865e+00 1.255271403282760823e-01
2.719999999999984652e+00 1.264712981908784895e-01
2.729999999999984439e+00 1.274335063718464722e-01
2.739999999999984226e+00 1.284128033260018287e-01
2.749999999999984013e+00 1.294082113816428514e-01
2.759999999999983800e+00 1.304187411493089033e-01
2.769999999999983586e+00 1.314433959833855581e-01
2.779999999999983373e+00 1.324811764764311228e-01
2.789999999999983160e+00 1.335310849659574750e-01
2.799999999999982947e+00 1.345921300333420279e-01
2.809999999999982734e+00 1.356633309745834681e-01
2.819999999999982521e+00 1.367437222227401716e-01
2.829999999999982307e+00 1.378323577021089430e-01
2.839999999999982094e+00 1.389283150945088696e-01
2.849999999999981881e+00 1.400306999984317069e-01
2.859999999999981668e+00 1.411386499623034640e-01
2.869999999999981455e+00 1.422513383736691284e-01
2.879999999999981242e+00 1.433679781867626124e-01
2.889999999999981029e+00 1.444878254716526478e-01
2.899999999999980815e+00 1.456101827689597616e-01
2.909999999999980602e+00 1.467344022350165200e-01
2.919999999999980389e+00 1.478598885632880500e-01
2.929999999999980176e+00 1.489861016688788786e-01
2.939999999999979963e+00 1.501125591240203283e-01
2.949999999999979750e+00 1.512388383335558084e-01
2.959999999999979536e+00 1.523645784406137960e-01
2.969999999999979323e+00 1.534894819538749899e-01
2.979999999999979110e+00 1.546133160890952318e-01
2.989999999999978897e+00 1.557359138188353920e-01
2.994999999999989448e+00 1.562967151095390195e-01
3.000000000000000000e+00 1.568571748299836532e-01
3.009999999999999787e+00 1.579770624357810516e-01
3.019999999999999574e+00 1.590955716674691545e-01
3.029999999999999361e+00 1.602126970017617447e-01
3.039999999999999147e+00 1.613284299720472159e-01
3.049999999999998934e+00 1.624427598159132180e-01
3.059999999999998721e+00 1.635556741330241870e-01
3.069999999999998508e+00 1.646671595503851060e-01
3.079999999999998295e+00 1.657772023919912296e-01
3.089999999999998082e+00 1.668857893498443823e-01
3.099999999999997868e+00 1.679929081533097779e-01
3.109999999999997655e+00 1.690985482337946932e-01
3.119999999999997442e+00 1.702027013817520584e-01
3.129999999999997229e+00 1.713053623930459735e-01
3.139999999999997016e+00 1.724065297017644272e-01
3.149999999999996803e+00 1.735062059966256676e-01
3.159999999999996589e+00 1.746043988181985307e-01
3.169999999999996376e+00 1.757011211342434931e-01
3.179999999999996163e+00 1.767963918905802179e-01
3.189999999999995950e+00 1.778902365349970816e-01
3.199999999999995737e+00 1.789826875118405991e-01
3.209999999999995524e+00 1.800737847250541701e-01
3.219999999999995310e+00 1.811635759675779278e-01
3.229999999999995097e+00 1.822521173151738505e-01
3.239999999999994884e+00 1.833394734828995287e-01
3.249999999999994671e+00 1.844257181426237624e-01
3.259999999999994458e+00 1.855109342001515504e-01
3.269999999999994245e+00 1.865952140307093055e-01
3.279999999999994031e+00 1.876786596717280597e-01
3.289999999999993818e+00 1.887613829720553582e-01
3.299999999999993605e+00 1.898435056969231538e-01
3.309999999999993392e+00 1.909251595881981678e-01
3.319999999999993179e+00 1.920064863796430432e-01
3.329999999999992966e+00 1.930876377671196242e-01
3.339999999999992752e+00 1.941687753338685596e-01
3.349999999999992539e+00 1.952500704312021274e-01
3.359999999999992326e+00 1.963317040151486559e-01
3.369999999999992113e+00 1.974138664397846743e-01
3.379999999999991900e+00 1.984967572081871301e-01
3.389999999999991687e+00 1.995805846821286089e-01
3.399999999999991473e+00 2.006655657518247315e-01
3.409999999999991260e+00 2.017519254672228146e-01
3.419999999999991047e+00 2.028398966324946595e-01
3.429999999999990834e+00 2.039297193655621454e-01
3.439999999999990621e+00 2.050216406246415934e-01
3.449999999999990408e+00 2.061159137039423328e-01
3.459999999999990195e+00 2.072127977007933441e-01
3.469999999999989981e+00 2.083125569566009194e-01
3.479999999999989768e+00 2.094154604741585712e-01
3.489999999999989555e+00 2.105217813139365068e-01
3.499999999999989342e+00 2.116317959720732389e-01
3.509999999999989129e+00 2.127457837428742005e-01
3.519999999999988916e+00 2.138640260686921479e-01
3.529999999999988702e+00 2.149868058801211734e-01
3.539999999999988489e+00 2.161144069294793080e-01
3.549999999999988276e+00 2.172471131205858663e-01
3.559999999999988063e+00 2.183852078378554218e-01
3.569999999999987850e+00 2.195289732777340741e-01
3.579999999999987637e+00 2.206786897854928486e-01
3.589999999999987423e+00 2.218346352003688071e-01
3.599999999999987210e+00 2.229970842120070629e-01
3.609999999999986997e+00 2.241663077311056573e-01
3.619999999999986784e+00 2.253425722771014994e-01
3.629999999999986571e+00 2.265261393856584649e-01
3.639999999999986358e+00 2.277172650386295183e-01
3.649999999999986144e+00 2.289161991190636625e-01
3.659999999999985931e+00 2.301231848937149160e-01
3.669999999999985718e+00 2.313384585253873416e-01
3.679999999999985505e+00 2.325622486173149484e-01
3.689999999999985292e+00 2.337947757916311042e-01
3.699999999999985079e+00 2.350362523038283802e-01
3.709999999999984865e+00 2.362868816949472983e-01
3.719999999999984652e+00 2.375468584830625618e-01
3.729999999999984439e+00 2.388163678954579316e-01
3.739999999999984226e+00 2.400955856426974233e-01
3.749999999999984013e+00 2.413846777356117301e-01
3.759999999999983800e+00 2.426838003460251858e-01
3.769999999999983586e+00 2.439930997118511802e-01
3.779999999999983373e+00 2.453127120869841304e-01
3.789999999999983160e+00 2.466427637362139380e-01
3.799999999999982947e+00 2.479833709751857462e-01
3.809999999999982734e+00 2.493346402552250596e-01
3.819999999999982521e+00 2.506966682926453083e-01
3.829999999999982307e+00 2.520695422419552689e-01
3.839999999999982094e+00 2.534533399121848274e-01
3.849999999999981881e+00 2.548481300253537252e-01
3.859999999999981668e+00 2.562539725159178050e-01
3.869999999999981455e+00 2.576709188698423358e-01
3.879999999999981242e+00 2.590990125017735290e-01
3.889999999999981029e+00 2.605382891686071067e-01
3.899999999999980815e+00 2.619887774175891360e-01
3.909999999999980602e+00 2.634504990669286340e-01
3.919999999999980389e+00 2.649234697167543451e-01
3.929999999999980176e+00 2.664076992881115324e-01
3.939999999999979963e+00 2.679031925875684506e-01
3.949999999999979750e+00 2.694099498948864801e-01
3.959999999999979536e+00 2.709279675711032676e-01
3.969999999999979323e+00 2.724572386842875060e-01
3.979999999999979110e+00 2.739977536501431721e-01
3.989999999999978897e+00 2.755495008845743055e-01
3.999999999999978684e+00 2.771124674673574040e-01
4.009999999999979359e+00 2.786866398010534041e-01
4.019999999999980034e+00 2.802720041222592773e-01
4.029999999999980709e+00 2.818685466223145308e-01
4.039999999999981384e+00 2.834762534220742758e-01
4.049999999999982059e+00 2.850951105457038559e-01
4.059999999999982734e+00 2.867251039010028091e-01
4.069999999999983409e+00 2.883662192663472568e-01
4.079999999999984084e+00 2.900184422843092857e-01
4.089999999999984759e+00 2.916817584619821324e-01
4.099999999999985434e+00 2.933561531780097265e-01
4.109999999999986109e+00 2.950416116962890634e-01
4.119999999999986784e+00 2.967381191862832890e-01
4.129999999999987459e+00 2.984456607498541802e-01
4.139999999999988134e+00 3.001642214544930631e-01
4.149999999999988809e+00 3.018937863727998439e-01
4.159999999999989484e+00 3.036343406280326840e-01
4.169999999999990159e+00 3.053858694455226508e-01
4.179999999999990834e+00 3.071483582097214726e-01
4.189999999999991509e+00 3.089217925266252718e-01
4.199999999999992184e+00 3.107061582912926667e-01
4.209999999999992859e+00 3.125014417601526540e-01
4.219999999999993534e+00 3.143076296277767523e-01
4.229999999999994209e+00 3.161247091077682980e-01
4.239999999999994884e+00 3.179526680174051267e-01
4.249999999999995559e+00 3.197914948656531697e-01
4.259999999999996234e+00 3.216411789441543934e-01
4.269999999999996909e+00 3.235017104207787986e-01
4.279999999999997584e+00 3.253730804353185957e-01
4.289999999999998259e+00 3.272552811968930109e-01
4.299999999999998934e+00 3.291483060826241869e-01
4.309999999999999609e+00 3.310521497371399779e-01
4.320000000000000284e+00 3.329668081724539430e-01
4.330000000000000959e+00 3.348922788677728968e-01
4.340000000000001634e+00 3.368285608687816568e-01
4.350000000000002309e+00 3.387756548859571226e-01
4.360000000000002984e+00 3.407335633914688189e-01
4.370000000000003659e+00 3.427022907142281416e-01
4.380000000000004334e+00 3.446818431326587051e-01
4.390000000000005009e+00 3.466722289647684585e-01
4.400000000000005684e+00 3.486734586551180626e-01
4.410000000000006359e+00 3.506855448582931745e-01
4.420000000000007034e+00 3.527085025185039413e-01
4.430000000000007709e+00 3.547423489449532674e-01
4.440000000000008384e+00 3.567871038826334606e-01
4.450000000000009059e+00 3.588427895782325128e-01
4.460000000000009734e+00 3.609094308408521967e-01
4.470000000000010409e+00 3.629870550972649768e-01
4.480000000000011084e+00 3.650756924414597093e-01
4.490000000000011759e+00 3.671753756782532574e-01
4.500000000000012434e+00 3.692861403607712867e-01
4.510000000000013110e+00 3.714080248216290459e-01
4.520000000000013785e+00 3.735410701976715764e-01
4.530000000000014460e+00 3.756853204481619968e-01
4.540000000000015135e+00 3.778408223663354826e-01
4.550000000000015810e+00 3.800076255842670947e-01
4.560000000000016485e+00 3.821857825710315293e-01
4.570000000000017160e+00 3.843753486241628936e-01
4.580000000000017835e+00 3.865763818544533104e-01
4.590000000000018510e+00 3.887889431641582960e-01
4.600000000000019185e+00 3.910130962187082226e-01
4.610000000000019860e+00 3.932489074120522066e-01
4.620000000000020535e+00 3.954964458257917426e-01
4.630000000000021210e+00 3.977557831822878809e-01
4.640000000000021885e+00 4.000269937919533336e-01
4.650000000000022560e+00 4.023101544949673203e-01
4.660000000000023235e+00 4.046053445976761642e-01
4.670000000000023910e+00 4.069126458039662997e-01
4.680000000000024585e+00 4.092321421419187755e-01
4.690000000000025260e+00 4.115639198860768788e-01
4.700000000000025935e+00 4.139080674756764333e-01
4.710000000000026610e+00 4.162646754292082529e-01
4.720000000000027285e+00 4.186338362556976112e-01
4.730000000000027960e+00 4.210156443631010714e-01
4.740000000000028635e+00 4.234101959642334601e-01
4.750000000000029310e+00 4.258175889806493641e-01
4.760000000000029985e+00 4.282379229449127522e-01
4.770000000000030660e+00 4.306712989016953097e-01
4.780000000000031335e+00 4.331178193081491323e-01
4.790000000000032010e+00 4.355775879340036405e-01
4.800000000000032685e+00 4.380507097618367984e-01
4.810000000000033360e+00 4.405372908879706673e-01
4.820000000000034035e+00 4.430374384244377683e-01
4.830000000000034710e+00 4.455512604024609025e-01
4.840000000000035385e+00 4.480788656778810219e-01
4.850000000000036060e+00 4.506203638389603139e-01
4.860000000000036735e+00 4.531758651169757179e-01
4.870000000000037410e+00 4.557454803000062782e-01
4.880000000000038085e+00 4.583293206503031292e-01
4.890000000000038760e+00 4.609274978256146515e-01
4.900000000000039435e+00 4.635401238048214578e-01
4.910000000000040110e+00 4.661673108182170511e-01
4.920000000000040785e+00 4.688091712827477386e-01
4.930000000000041460e+00 4.714658177425046781e-01
4.940000000000042135e+00 4.741373628147358410e-01
4.950000000000042810e+00 4.768239191416214773e-01
4.960000000000043485e+00 4.795255993480307954e-01
4.970000000000044160e+00 4.822425160054499282e-01
4.980000000000044835e+00 4.849747816022442204e-01
4.990000000000021529e+00 4.877225085203826804e-01
5.000000000000000000e+00 4.904858090187694808e-01
