-1.000010000000000066e+00 6.052043990290602027e-01
-1.000000000000000000e+00 6.051742151937649083e-01
-9.899999999999999911e-01 5.745620137248900194e-01
-9.799999999999999822e-01 5.431239174804324277e-01
-9.699999999999999734e-01 5.109051166379933173e-01
-9.599999999999999645e-01 4.779519235862360604e-01
-9.499999999999999556e-01 4.443117063539032685e-01
-9.399999999999999467e-01 4.100328205214155419e-01
-9.299999999999999378e-01 3.751645397129352855e-01
-9.200000000000000400e-01 3.397569847687982314e-01
-9.100000000000000311e-01 3.038610517001332778e-01
-9.000000000000000222e-01 2.675283385292205884e-01
-8.900000000000000133e-01 2.308110711207614074e-01
-8.800000000000000044e-01 1.937620281106580966e-01
-8.699999999999999956e-01 1.564344650402307302e-01
-8.599999999999999867e-01 1.188820378049060683e-01
-8.499999999999999778e-01 8.115872552743109980e-02
-8.399999999999999689e-01 4.331875296646164192e-02
-8.299999999999999600e-01 5.416512572073236935e-03
-8.200000000000000622e-01 -3.249351369978058235e-02
-8.100000000000000533e-01 -7.035683270146354806e-02
-8.000000000000000444e-01 -1.081190184239419205e-01
-7.900000000000000355e-01 -1.457257902305598152e-01
-7.800000000000000266e-01 -1.831230908818563541e-01
-7.700000000000000178e-01 -2.202571642392571749e-01
-7.600000000000000089e-01 -2.570746325359611340e-01
-7.500000000000000000e-01 -2.935225731039348696e-01
-7.399999999999999911e-01 -3.295485944467406725e-01
-7.299999999999999822e-01 -3.651009115488332846e-01
-7.199999999999999734e-01 -4.001284203130869299e-01
-7.099999999999999645e-01 -4.345807710195424556e-01
-6.999999999999999556e-01 -4.684084406997905403e-01
-6.899999999999999467e-01 -5.015628043229523048e-01
-6.799999999999999378e-01 -5.339962046909365601e-01
-6.699999999999999289e-01 -5.656620209424979562e-01
-6.599999999999999201e-01 -5.965147355676347907e-01
-6.499999999999999112e-01 -6.265099998359870970e-01
-6.400000000000000133e-01 -6.556046975451962355e-01
-6.300000000000000044e-01 -6.837570069975843490e-01
-6.199999999999999956e-01 -7.109264611160710512e-01
-6.099999999999999867e-01 -7.370740056129091444e-01
-5.999999999999999778e-01 -7.621620551276367950e-01
-5.899999999999999689e-01 -7.861545472535349521e-01
-5.800000000000000711e-01 -8.090169943749473402e-01
-5.700000000000000622e-01 -8.307165332409400804e-01
-5.600000000000000533e-01 -8.512219722040427206e-01
-5.500000000000000444e-01 -8.705038360561718758e-01
-5.400000000000000355e-01 -8.885344083972914753e-01
-5.300000000000000266e-01 -9.052877714758926775e-01
-5.200000000000000178e-01 -9.207398434440475787e-01
-5.100000000000000089e-01 -9.348684129734652348e-01
-5.000000000000000000e-01 -9.476531711828024562e-01
-4.899999999999999911e-01 -9.590757408303347553e-01
-4.799999999999999822e-01 -9.691197027300204603e-01
-4.699999999999999734e-01 -9.777706193529928091e-01
-4.599999999999999645e-01 -9.850160555805482776e-01
-4.499999999999999556e-01 -9.908455965788065534e-01
-4.399999999999999467e-01 -9.952508627693419374e-01
-4.299999999999999378e-01 -9.982255218742713820e-01
-4.200000000000000400e-01 -9.997652980184843496e-01
-4.100000000000000311e-01 -9.998679778759294035e-01
-4.000000000000000222e-01 -9.985334138511238189e-01
-3.900000000000000133e-01 -9.957635242913123186e-01
-3.800000000000000044e-01 -9.915622907289695087e-01
-3.699999999999999956e-01 -9.859357521586111783e-01
-3.599999999999999867e-01 -9.788919963561418802e-01
-3.499999999999999778e-01 -9.704411482532112609e-01
-3.399999999999999689e-01 -9.605953553832986547e-01
-3.299999999999999600e-01 -9.493687704204376576e-01
-3.199999999999999512e-01 -9.367775308356889319e-01
-3.099999999999999423e-01 -9.228397357005926338e-01
-2.999999999999999334e-01 -9.075754196709567845e-01
-2.900000000000000355e-01 -8.910065241883678988e-01
-2.800000000000000266e-01 -8.731568659408228683e-01
-2.700000000000000178e-01 -8.540521026278229400e-01
-2.600000000000000089e-01 -8.337196960791302125e-01
-2.500000000000000000e-01 -8.121888727802111241e-01
-2.399999999999999911e-01 -7.894905818611017700e-01
-2.299999999999999822e-01 -7.656574506090869647e-01
-2.199999999999999734e-01 -7.407237375691391179e-01
-2.099999999999999645e-01 -7.147252832995336647e-01
-1.999999999999999556e-01 -6.876994588534230957e-01
-1.899999999999999467e-01 -6.596851120604286800e-01
-1.799999999999999378e-01 -6.307225116854615621e-01
-1.699999999999999289e-01 -6.008532895450456879e-01
-1.600000000000000311e-01 -5.701203806643435623e-01
-1.500000000000000222e-01 -5.385679615609043625e-01
-1.400000000000000133e-01 -5.062413867438539938e-01
-1.300000000000000044e-01 -4.731871235197949721e-01
-1.199999999999999956e-01 -4.394526851991362726e-01
-1.099999999999999867e-01 -4.050865627988627371e-01
-9.999999999999997780e-02 -3.701381553399142321e-01
-8.999999999999996891e-02 -3.346576988393715202e-01
-7.999999999999996003e-02 -2.986961940995134235e-01
-6.999999999999995115e-02 -2.623053333975481904e-01
-5.999999999999994227e-02 -2.255374261813939685e-01
-4.999999999999993339e-02 -1.884453238783180273e-01
-4.000000000000003553e-02 -1.510823439245168598e-01
-3.000000000000002665e-02 -1.135021931248373639e-01
-2.000000000000001776e-02 -7.575889045281040957e-02
-1.000000000000000888e-02 -3.790668940195880687e-02
0.000000000000000000e+00 0.000000000000000000e+00
9.999999999999999547e-07 6.051727059787772000e-07
1.000100000000000121e-02 5.899961119130463748e-03
2.000099999999999795e-02 1.148902729270569537e-02
3.000099999999999642e-02 1.675977009145743213e-02
4.000100000000000183e-02 2.170461308927554289e-02
5.000100000000000378e-02 2.631644842466070514e-02
6.000100000000000572e-02 3.058864688432838888e-02
7.000100000000000766e-02 3.451506746802775194e-02
8.000100000000001654e-02 3.809006620623897610e-02
9.000100000000002542e-02 4.130850427557279658e-02
1.000010000000000343e-01 4.416575538480014412e-02
1.100010000000000432e-01 4.665771242502321503e-02
1.200010000000000521e-01 4.878079337332263954e-02
1.300010000000000610e-01 5.053194644169101135e-02
1.400010000000000698e-01 5.190865446377212339e-02
1.500010000000000787e-01 5.290893851312156171e-02
1.600010000000000876e-01 5.353136074778192671e-02
1.700010000000000965e-01 5.377502647708531924e-02
1.800010000000001054e-01 5.363958544771179476e-02
1.900010000000001142e-01 5.312523234715528508e-02
2.000010000000001231e-01 5.223270652387323326e-02
2.100010000000001320e-01 5.096329092452223791e-02
2.200010000000001409e-01 4.931881024980737382e-02
2.300010000000001498e-01 4.730162833159595043e-02
2.400010000000001587e-01 4.491464473506606020e-02
2.500010000000001398e-01 4.216129059077398933e-02
2.600010000000001487e-01 3.904552366263169816e-02
2.700010000000001575e-01 3.557182265888374217e-02
2.800010000000001664e-01 3.174518079426134898e-02
2.900010000000001753e-01 2.757109861256747813e-02
3.000010000000001842e-01 2.305557608001006925e-02
3.100010000000001931e-01 1.820510396064866504e-02
3.200010000000002020e-01 1.302665448635170059e-02
3.300010000000002108e-01 7.527671334675776343e-03
3.400010000000002197e-01 1.716058929073010705e-03
3.500010000000002286e-01 -4.399828923193253340e-03
3.600010000000002375e-01 -1.081120103909215951e-02
3.700010000000002464e-01 -1.750884149656769390e-02
3.800010000000002552e-01 -2.448312288181521759e-02
3.900010000000002641e-01 -3.172402012805007609e-02
4.000010000000002730e-01 -3.922112492587600391e-02
4.100010000000002819e-01 -4.696366068453933229e-02
4.200010000000002908e-01 -5.494049802256322640e-02
4.300010000000002997e-01 -6.314017076549520435e-02
4.400010000000003085e-01 -7.155089242777216973e-02
4.500010000000003174e-01 -8.016057315501144698e-02
4.600010000000003263e-01 -8.895683710237436981e-02
4.700010000000003352e-01 -9.792704022402212716e-02
4.800010000000003441e-01 -1.070582884480928282e-01
4.900010000000003529e-01 -1.163374562110743582e-01
5.000010000000003618e-01 -1.257512053249310591e-01
5.100010000000002597e-01 -1.352860041498641919e-01
5.200010000000001575e-01 -1.449281470451463105e-01
5.300010000000000554e-01 -1.546637740700705921e-01
5.400009999999999533e-01 -1.644788909066960125e-01
5.500009999999998511e-01 -1.743593889757509285e-01
5.600009999999997490e-01 -1.842910657167798338e-01
5.700009999999996468e-01 -1.942596450033816369e-01
5.800009999999995447e-01 -2.042507976641943224e-01
5.900009999999994426e-01 -2.142501620801280371e-01
6.000009999999993404e-01 -2.242433648282397829e-01
6.100009999999992383e-01 -2.342160413425752041e-01
6.200009999999991361e-01 -2.441538565622792534e-01
6.300009999999990340e-01 -2.540425255372950053e-01
6.400009999999989319e-01 -2.638678339620317281e-01
6.500009999999988297e-01 -2.736156586074860453e-01
6.600009999999987276e-01 -2.832719876224466526e-01
6.700009999999986254e-01 -2.928229406746008512e-01
6.800009999999985233e-01 -3.022547889025913315e-01
6.900009999999984212e-01 -3.115539746503435681e-01
7.000009999999983190e-01 -3.207071309552968486e-01
7.100009999999982169e-01 -3.297011007625262891e-01
7.200009999999981147e-01 -3.385229558371363190e-01
7.300009999999980126e-01 -3.471600153477404915e-01
7.400009999999979105e-01 -3.555998640943154876e-01
7.500009999999978083e-01 -3.638303703542274392e-01
7.600009999999977062e-01 -3.718397033207782032e-01
7.700009999999976040e-01 -3.796163501092051917e-01
7.800009999999975019e-01 -3.871491323056893696e-01
7.900009999999973997e-01 -3.944272220355835024e-01
8.000009999999972976e-01 -4.014401575277635748e-01
8.100009999999971955e-01 -4.081778581527307215e-01
8.200009999999970933e-01 -4.146306389128473491e-01
8.300009999999969912e-01 -4.207892243638786112e-01
8.400009999999968890e-01 -4.266447619478281328e-01
8.500009999999967869e-01 -4.321888347179029810e-01
8.600009999999966848e-01 -4.374134734373160138e-01
8.700009999999965826e-01 -4.423111680345351848e-01
8.800009999999964805e-01 -4.468748783985130868e-01
8.900009999999963783e-01 -4.510980444983795357e-01
9.000009999999962762e-01 -4.549745958130507195e-01
9.100009999999961741e-01 -4.584989600572002555e-01
9.200009999999960719e-01 -4.616660711910507975e-01
9.300009999999959698e-01 -4.644713767024657991e-01
9.400009999999958676e-01 -4.669108441508998952e-01
9.500009999999957655e-01 -4.689809669637038936e-01
9.600009999999956634e-01 -4.706787694768170827e-01
9.700009999999955612e-01 -4.720018112112410735e-01
9.800009999999954591e-01 -4.729481903842223112e-01
9.900004999999978406e-01 -4.735165276796157174e-01
1.000000000000000000e+00 -4.737060630076514456e-01
1.009999999999999787e+00 -4.736763106792566402e-01
1.019999999999999574e+00 -4.735891090631611511e-01
1.029999999999999361e+00 -4.734476015939261262e-01
1.039999999999999147e+00 -4.732550097662032718e-01
1.049999999999998934e+00 -4.730146285052805322e-01
1.059999999999998721e+00 -4.727298214305157287e-01
1.069999999999998508e+00 -4.724040160204454053e-01
1.079999999999998295e+00 -4.720406986859880805e-01
1.089999999999998082e+00 -4.716434097589661256e-01
1.099999999999997868e+00 -4.712157384031121499e-01
1.109999999999997655e+00 -4.707613174548844759e-01
1.119999999999997442e+00 -4.702838182015058321e-01
1.129999999999997229e+00 -4.697869451037314237e-01
1.139999999999997016e+00 -4.692744304709324243e-01
1.149999999999996803e+00 -4.687500290961489346e-01
1.159999999999996589e+00 -4.682175128588239588e-01
1.169999999999996376e+00 -4.676806653029770833e-01
1.179999999999996163e+00 -4.671432761986109017e-01
1.189999999999995950e+00 -4.666091360941680422e-01
1.199999999999995737e+00 -4.660820308678693680e-01
1.209999999999995524e+00 -4.655657362857650305e-01
1.219999999999995310e+00 -4.650640125743214504e-01
1.229999999999995097e+00 -4.645805990153451526e-01
1.239999999999994884e+00 -4.641192085710132975e-01
1.249999999999994671e+00 -4.636835225467368371e-01
1.259999999999994458e+00 -4.632771852995282713e-01
1.269999999999994245e+00 -4.629037989994801428e-01
1.279999999999994031e+00 -4.625669184518846344e-01
1.289999999999993818e+00 -4.622700459874367063e-01
1.299999999999993605e+00 -4.620166264278661172e-01
1.309999999999993392e+00 -4.618100421342347661e-01
1.319999999999993179e+00 -4.616536081450169915e-01
1.329999999999992966e+00 -4.615505674109517953e-01
1.339999999999992752e+00 -4.615040861335162337e-01
1.349999999999992539e+00 -4.615172492137208926e-01
1.359999999999992326e+00 -4.615930558177693266e-01
1.369999999999992113e+00 -4.617344150659555835e-01
1.379999999999991900e+00 -4.619441418509969144e-01
1.389999999999991687e+00 -4.622249527918120826e-01
1.399999999999991473e+00 -4.625794623285620633e-01
1.409999999999991260e+00 -4.630101789645656440e-01
1.419999999999991047e+00 -4.635195016604923834e-01
1.429999999999990834e+00 -4.641097163860157804e-01
1.439999999999990621e+00 -4.647829928338835792e-01
1.449999999999990408e+00 -4.655413813011283763e-01
1.459999999999990195e+00 -4.663868097419015535e-01
1.469999999999989981e+00 -4.673210809961672596e-01
1.479999999999989768e+00 -4.683458701982394778e-01
1.489999999999989555e+00 -4.694627223688876416e-01
1.499999999999989342e+00 -4.706730501944716427e-01
1.509999999999989129e+00 -4.719781319962991772e-01
1.519999999999988916e+00 -4.733791098931233732e-01
1.529999999999988702e+00 -4.748769881594230857e-01
1.539999999999988489e+00 -4.764726317818248069e-01
1.549999999999988276e+00 -4.781667652157419179e-01
1.559999999999988063e+00 -4.799599713440179660e-01
1.569999999999987850e+00 -4.818526906390713793e-01
1.579999999999987637e+00 -4.838452205297454345e-01
1.589999999999987423e+00 -4.859377149737741375e-01
1.599999999999987210e+00 -4.881301842364781374e-01
1.609999999999986997e+00 -4.904224948760090852e-01
1.619999999999986784e+00 -4.928143699351634210e-01
1.629999999999986571e+00 -4.953053893394898655e-01
1.639999999999986358e+00 -4.978949905011186838e-01
1.649999999999986144e+00 -5.005824691274444183e-01
1.659999999999985931e+00 -5.033669802334996835e-01
1.669999999999985718e+00 -5.062475393565651904e-01
1.679999999999985505e+00 -5.092230239712693951e-01
1.689999999999985292e+00 -5.122921751031443982e-01
1.699999999999985079e+00 -5.154535991383181193e-01
1.709999999999984865e+00 -5.187057698267417694e-01
1.719999999999984652e+00 -5.220470304760730373e-01
1.729999999999984439e+00 -5.254755963330615121e-01
1.739999999999984226e+00 -5.289895571490130788e-01
1.749999999999984013e+00 -5.325868799256454622e-01
1.759999999999983800e+00 -5.362654118373886281e-01
1.769999999999983586e+00 -5.400228833259286265e-01
1.779999999999983373e+00 -5.438569113625471019e-01
1.789999999999983160e+00 -5.477650028735668863e-01
1.799999999999982947e+00 -5.517445583239800611e-01
1.809999999999982734e+00 -5.557928754541071603e-01
1.819999999999982521e+00 -5.599071531639161492e-01
1.829999999999982307e+00 -5.640844955394176408e-01
1.839999999999982094e+00 -5.683219160153495375e-01
1.849999999999981881e+00 -5.726163416681661067e-01
1.859999999999981668e+00 -5.769646176331618692e-01
1.869999999999981455e+00 -5.813635116393802704e-01
1.879999999999981242e+00 -5.858097186557887914e-01
1.889999999999981029e+00 -5.902998656420416212e-01
1.899999999999980815e+00 -5.948305163970015741e-01
1.909999999999980602e+00 -5.993981764980511606e-01
1.919999999999980389e+00 -6.039992983240931590e-01
1.929999999999980176e+00 -6.086302861550207943e-01
1.939999999999979963e+00 -6.132875013403266129e-01
1.949999999999979750e+00 -6.179672675294213269e-01
1.959999999999979536e+00 -6.226658759561443102e-01
1.969999999999979323e+00 -6.273795907698662688e-01
1.979999999999979110e+00 -6.321046544055369809e-01
1.989999999999978897e+00 -6.368372929849007713e-01
1.994999999999989448e+00 -6.392052704099633331e-01
2.000000000000000000e+00 -6.415737217337484921e-01
2.009999999999999787e+00 -6.463106826573228325e-01
2.019999999999999574e+00 -6.510470562225723068e-01
2.029999999999999361e+00 -6.557822835870027456e-01
2.039999999999999147e+00 -6.605158377365796252e-01
2.049999999999998934e+00 -6.652472242432765359e-01
2.059999999999998721e+00 -6.699759819757825641e-01
2.069999999999998508e+00 -6.747016837623477370e-01
2.079999999999998295e+00 -6.794239370048141824e-01
2.089999999999998082e+00 -6.841423842429500413e-01
2.099999999999997868e+00 -6.888567036682747835e-01
2.109999999999997655e+00 -6.935666095866374059e-01
2.119999999999997442e+00 -6.982718528288829329e-01
2.129999999999997229e+00 -7.029722211090166928e-01
2.139999999999997016e+00 -7.076675393293511140e-01
2.149999999999996803e+00 -7.123576698321970602e-01
2.159999999999996589e+00 -7.170425125977377689e-01
2.169999999999996376e+00 -7.217220053878006247e-01
2.179999999999996163e+00 -7.263961238353203731e-01
2.189999999999995950e+00 -7.310648814793651029e-01
2.199999999999995737e+00 -7.357283297456749249e-01
2.209999999999995524e+00 -7.403865578727407692e-01
2.219999999999995310e+00 -7.450396927835299943e-01
2.229999999999995097e+00 -7.496878989030429929e-01
2.239999999999994884e+00 -7.543313779219631421e-01
2.249999999999994671e+00 -7.589703685067399341e-01
2.259999999999994458e+00 -7.636051459565218469e-01
2.269999999999994245e+00 -7.682360218074317793e-01
2.279999999999994031e+00 -7.728633433847549306e-01
2.289999999999993818e+00 -7.774874933036813873e-01
2.299999999999993605e+00 -7.821088889193223981e-01
2.309999999999993392e+00 -7.867279817267900377e-01
2.319999999999993179e+00 -7.913452567122030157e-01
2.329999999999992966e+00 -7.959612316555509937e-01
2.339999999999992752e+00 -8.005764563864207206e-01
2.349999999999992539e+00 -8.051915119936520204e-01
2.359999999999992326e+00 -8.098070099900612773e-01
2.369999999999992113e+00 -8.144235914334324589e-01
2.379999999999991900e+00 -8.190419260050390005e-01
2.389999999999991687e+00 -8.236627110470212676e-01
2.399999999999991473e+00 -8.282866705600037127e-01
2.409999999999991260e+00 -8.329145541623919069e-01
2.419999999999991047e+00 -8.375471360128458054e-01
2.429999999999990834e+00 -8.421852136974781189e-01
2.439999999999990621e+00 -8.468296070833769562e-01
2.449999999999990408e+00 -8.514811571401016410e-01
2.459999999999990195e+00 -8.561407247308444601e-01
2.469999999999989981e+00 -8.608091893749970636e-01
2.479999999999989768e+00 -8.654874479838996493e-01
2.489999999999989555e+00 -8.701764135715905901e-01
2.499999999999989342e+00 -8.748770139424090209e-01
2.509999999999989129e+00 -8.795901903573378755e-01
2.519999999999988916e+00 -8.843168961810036199e-01
2.529999999999988702e+00 -8.890580955112779016e-01
2.539999999999988489e+00 -8.938147617934506517e-01
2.549999999999988276e+00 -8.985878764209672687e-01
2.559999999999988063e+00 -9.033784273247404961e-01
2.569999999999987850e+00 -9.081874075530653734e-01
2.579999999999987637e+00 -9.130158138441781812e-01
2.589999999999987423e+00 -9.178646451935112971e-01
2.599999999999987210e+00 -9.227349014177036457e-01
2.609999999999986997e+00 -9.276275817174304272e-01
2.619999999999986784e+00 -9.325436832411186927e-01
2.629999999999986571e+00 -9.374841996516124487e-01
2.639999999999986358e+00 -9.424501196978483097e-01
2.649999999999986144e+00 -9.474424257935945004e-01
2.659999999999985931e+00 -9.524620926052962400e-01
2.669999999999985718e+00 -9.575100856510573299e-01
2.679999999999985505e+00 -9.625873599127720004e-01
2.689999999999985292e+00 -9.676948584634017525e-01
2.699999999999985079e+00 -9.728335111113706191e-01
2.709999999999984865e+00 -9.780042330640272841e-01
2.719999999999984652e+00 -9.832079236120949695e-01
2.729999999999984439e+00 -9.884454648370010199e-01
2.739999999999984226e+00 -9.937177203429430339e-01
2.749999999999984013e+00 -9.990255340155155261e-01
2.759999999999983800e+00 -1.004369728808680140e+00
2.769999999999983586e+00 -1.009751105561823570e+00
2.779999999999983373e+00 -1.015170441848604943e+00
2.789999999999983160e+00 -1.020628490859244675e+00
2.799999999999982947e+00 -1.026125980317863284e+00
2.809999999999982734e+00 -1.031663611436427042e+00
2.819999999999982521e+00 -1.037242057906801351e+00
2.829999999999982307e+00 -1.042861964932364049e+00
2.839999999999982094e+00 -1.048523948300568165e+00
2.849999999999981881e+00 -1.054228593497788413e+00
2.859999999999981668e+00 -1.059976454867723072e+00
2.869999999999981455e+00 -1.065768054814562049e+00
2.879999999999981242e+00 -1.071603883052065109e+00
2.889999999999981029e+00 -1.077484395899631409e+00
2.899999999999980815e+00 -1.083410015626369960e+00
2.909999999999980602e+00 -1.089381129844116503e+00
2.919999999999980389e+00 -1.095398090950266745e+00
2.929999999999980176e+00 -1.101461215621228229e+00
2.939999999999979963e+00 -1.107570784357220006e+00
2.949999999999979750e+00 -1.113727041079070945e+00
2.959999999999979536e+00 -1.119930192777600642e+00
2.969999999999979323e+00 -1.126180409216083644e+00
2.979999999999979110e+00 -1.132477822686225544e+00
2.989999999999978897e+00 -1.138822527818003083e+00
2.994999999999989448e+00 -1.142012633938554345e+00
3.000000000000000000e+00 -1.145214581328411141e+00
3.009999999999999787e+00 -1.151654003618742150e+00
3.019999999999999574e+00 -1.158140793059182716e+00
3.029999999999999361e+00 -1.164674940955714222e+00
3.039999999999999147e+00 -1.171256433184385992e+00
3.049999999999998934e+00 -1.177885250513427184e+00
3.059999999999998721e+00 -1.184561368932699255e+00
3.069999999999998508e+00 -1.191284759990018038e+00
3.079999999999998295e+00 -1.198055391133860281e+00
3.089999999999998082e+00 -1.204873226061963454e+00
3.099999999999997868e+00 -1.211738225075316144e+00
3.109999999999997655e+00 -1.218650345437031657e+00
3.119999999999997442e+00 -1.225609541735588115e+00
3.129999999999997229e+00 -1.232615766251913270e+00
3.139999999999997016e+00 -1.239668969329786430e+00
3.149999999999996803e+00 -1.246769099749024390e+00
3.159999999999996589e+00 -1.253916105100916001e+00
3.169999999999996376e+00 -1.261109932165364711e+00
3.179999999999996163e+00 -1.268350527289197949e+00
3.189999999999995950e+00 -1.275637836765098232e+00
3.199999999999995737e+00 -1.282971807210613546e+00
3.209999999999995524e+00 -1.290352385946698544e+00
3.219999999999995310e+00 -1.297779521375246770e+00
3.229999999999995097e+00 -1.305253163355068358e+00
3.239999999999994884e+00 -1.312773263575772509e+00
3.249999999999994671e+00 -1.320339775929020076e+00
3.259999999999994458e+00 -1.327952656876609572e+00
3.269999999999994245e+00 -1.335611865814869015e+00
3.279999999999994031e+00 -1.343317365434830268e+00
3.289999999999993818e+00 -1.351069122077666718e+00
3.299999999999993605e+00 -1.358867106084883813e+00
3.309999999999993392e+00 -1.366711292142760437e+00
3.319999999999993179e+00 -1.374601659620544591e+00
3.329999999999992966e+00 -1.382538192901916707e+00
3.339999999999992752e+00 -1.390520881709246925e+00
3.349999999999992539e+00 -1.398549721420176084e+00
3.359999999999992326e+00 -1.406624713376069202e+00
3.369999999999992113e+00 -1.414745865181896711e+00
3.379999999999991900e+00 -1.422913190997110444e+00
3.389999999999991687e+00 -1.431126711817099828e+00
3.399999999999991473e+00 -1.439386455744821047e+00
3.409999999999991260e+00 -1.447692458252209269e+00
3.419999999999991047e+00 -1.456044762430999340e+00
3.429999999999990834e+00 -1.464443419232592580e+00
3.439999999999990621e+00 -1.472888487696626392e+00
3.449999999999990408e+00 -1.481380035167917386e+00
3.459999999999990195e+00 -1.489918137501466511e+00
3.469999999999989981e+00 -1.498502879255231290e+00
3.479999999999989768e+00 -1.507134353870387855e+00
3.489999999999989555e+00 -1.515812663838824292e+00
3.499999999999989342e+00 -1.524537920857624185e+00
3.509999999999989129e+00 -1.533310245970317842e+00
3.519999999999988916e+00 -1.542129769694699615e+00
3.529999999999988702e+00 -1.550996632137025433e+00
3.539999999999988489e+00 -1.559910983092428260e+00
3.549999999999988276e+00 -1.568872982131406024e+00
3.559999999999988063e+00 -1.577882798672259002e+00
3.569999999999987850e+00 -1.586940612039369869e+00
3.579999999999987637e+00 -1.596046611507246693e+00
3.589999999999987423e+00 -1.605200996330261365e+00
3.599999999999987210e+00 -1.614403975758043730e+00
3.609999999999986997e+00 -1.623655769036507435e+00
3.619999999999986784e+00 -1.632956605394507932e+00
3.629999999999986571e+00 -1.642306724016149078e+00
3.639999999999986358e+00 -1.651706373998781396e+00
3.649999999999986144e+00 -1.661155814296749078e+00
3.659999999999985931e+00 -1.670655313650969642e+00
3.669999999999985718e+00 -1.680205150504445299e+00
3.679999999999985505e+00 -1.689805612903828136e+00
3.689999999999985292e+00 -1.699456998387181006e+00
3.699999999999985079e+00 -1.709159613858094895e+00
3.709999999999984865e+00 -1.718913775446344383e+00
3.719999999999984652e+00 -1.728719808355280607e+00
3.729999999999984439e+00 -1.738578046696181767e+00
3.739999999999984226e+00 -1.748488833309798984e+00
3.749999999999984013e+00 -1.758452519575354422e+00
3.759999999999983800e+00 -1.768469465207265445e+00
3.769999999999983586e+00 -1.778540038039887694e+00
3.779999999999983373e+00 -1.788664613800586833e+00
3.789999999999983160e+00 -1.798843575871463374e+00
3.799999999999982947e+00 -1.809077315040075407e+00
3.809999999999982734e+00 -1.819366229239516519e+00
3.819999999999982521e+00 -1.829710723278221485e+00
3.829999999999982307e+00 -1.840111208559890077e+00
3.839999999999982094e+00 -1.850568102793930025e+00
3.849999999999981881e+00 -1.861081829696836776e+00
3.859999999999981668e+00 -1.871652818684936825e+00
3.869999999999981455e+00 -1.882281504558940055e+00
3.879999999999981242e+00 -1.892968327180750476e+00
3.889999999999981029e+00 -1.903713731143003240e+00
3.899999999999980815e+00 -1.914518165431800423e+00
3.909999999999980602e+00 -1.925382083083132523e+00
3.919999999999980389e+00 -1.936305940833477512e+00
3.929999999999980176e+00 -1.947290198765081692e+00
3.939999999999979963e+00 -1.958335319946430175e+00
3.949999999999979750e+00 -1.969441770068425690e+00
3.959999999999979536e+00 -1.980610017076797513e+00
3.969999999999979323e+00 -1.991840530801269438e+00
3.979999999999979110e+00 -2.003133782582019240e+00
3.989999999999978897e+00 -2.014490244893966775e+00
3.999999999999978684e+00 -2.025910390968252539e+00
4.009999999999979359e+00 -2.037394694418425800e+00
4.019999999999980034e+00 -2.048943628932346606e+00
4.029999999999980709e+00 -2.060557668142692034e+00
4.039999999999981384e+00 -2.072237285567783527e+00
4.049999999999982059e+00 -2.083982954558893042e+00
4.059999999999982734e+00 -2.095795148250804374e+00
4.069999999999983409e+00 -2.107674339515706485e+00
4.079999999999984084e+00 -2.119621000920481890e+00
4.089999999999984759e+00 -2.131635604687451391e+00
4.099999999999985434e+00 -2.143718622658631556e+00
4.109999999999986109e+00 -2.155870526263558684e+00
4.119999999999986784e+00 -2.168091786490722317e+00
4.129999999999987459e+00 -2.180382873862651838e+00
4.139999999999988134e+00 -2.192744258414689895e+00
4.149999999999988809e+00 -2.205176409677485516e+00
4.159999999999989484e+00 -2.217679796663228675e+00
4.169999999999990159e+00 -2.230254887855651180e+00
4.179999999999990834e+00 -2.242902151203802763e+00
4.189999999999991509e+00 -2.255622054119614361e+00
4.199999999999992184e+00 -2.268415063479253035e+00
4.209999999999992859e+00 -2.281281645628262744e+00
4.219999999999993534e+00 -2.294222266390487874e+00
4.229999999999994209e+00 -2.307237391080763977e+00
4.239999999999994884e+00 -2.320327484521358397e+00
4.249999999999995559e+00 -2.333493011062136357e+00
4.259999999999996234e+00 -2.346734434604425434e+00
4.269999999999996909e+00 -2.360052218628541976e+00
4.279999999999997584e+00 -2.373446826224941297e+00
4.289999999999998259e+00 -2.386918720128945903e+00
4.299999999999998934e+00 -2.400468362759001995e+00
4.309999999999999609e+00 -2.414096216258410532e+00
4.320000000000000284e+00 -2.427802742540471126e+00
4.330000000000000959e+00 -2.441588403336975244e+00
4.340000000000001634e+00 -2.455453660249978132e+00
4.350000000000002309e+00 -2.469398974806773950e+00
4.360000000000002984e+00 -2.483424808517999516e+00
4.370000000000003659e+00 -2.497531622938776952e+00
4.380000000000004334e+00 -2.511719879732812188e+00
4.390000000000005009e+00 -2.525990040739355624e+00
4.400000000000005684e+00 -2.540342568042927685e+00
4.410000000000006359e+00 -2.554777924045709359e+00
4.420000000000007034e+00 -2.569296571542496910e+00
4.430000000000007709e+00 -2.583898973798106180e+00
4.440000000000008384e+00 -2.598585594627124351e+00
4.450000000000009059e+00 -2.613356898475884371e+00
4.460000000000009734e+00 -2.628213350506553247e+00
4.470000000000010409e+00 -2.643155416683208081e+00
4.480000000000011084e+00 -2.658183563859776388e+00
4.490000000000011759e+00 -2.673298259869718141e+00
4.500000000000012434e+00 -2.688499973617314520e+00
4.510000000000013110e+00 -2.703789175170439041e+00
4.520000000000013785e+00 -2.719166335854670713e+00
4.530000000000014460e+00 -2.734631928348620011e+00
4.540000000000015135e+00 -2.750186426780327320e+00
4.550000000000015810e+00 -2.765830306824594853e+00
4.560000000000016485e+00 -2.781564045801115270e+00
4.570000000000017160e+00 -2.797388122773252217e+00
4.580000000000017835e+00 -2.813303018647333342e+00
4.590000000000018510e+00 -2.829309216272313243e+00
4.600000000000019185e+00 -2.845407200539659343e+00
4.610000000000019860e+00 -2.861597458483322587e+00
4.620000000000020535e+00 -2.877880479379645973e+00
4.630000000000021210e+00 -2.894256754847065682e+00
4.640000000000021885e+00 -2.910726778945467608e+00
4.650000000000022560e+00 -2.927291048275049157e+00
4.660000000000023235e+00 -2.943950062074549123e+00
4.670000000000023910e+00 -2.960704322318702175e+00
4.680000000000024585e+00 -2.977554333814779852e+00
4.690000000000025260e+00 -2.994500604298077295e+00
4.700000000000025935e+00 -3.011543644526208041e+00
4.710000000000026610e+00 -3.028683968372075874e+00
4.720000000000027285e+00 -3.045922092915382073e+00
4.730000000000027960e+00 -3.063258538532545927e+00
4.740000000000028635e+00 -3.080693828984900406e+00
4.750000000000029310e+00 -3.098228491505043536e+00
4.760000000000029985e+00 -3.115863056881216231e+00
4.770000000000030660e+00 -3.133598059539588032e+00
4.780000000000031335e+00 -3.151434037624331719e+00
4.790000000000032010e+00 -3.169371533075370451e+00
4.800000000000032685e+00 -3.187411091703688637e+00
4.810000000000033360e+00 -3.205553263264094621e+00
4.820000000000034035e+00 -3.223798601525334817e+00
4.830000000000034710e+00 -3.242147664337453605e+00
4.840000000000035385e+00 -3.260601013696306616e+00
4.850000000000036060e+00 -3.279159215805131922e+00
4.860000000000036735e+00 -3.297822841133090765e+00
4.870000000000037410e+00 -3.316592464470696999e+00
4.880000000000038085e+00 -3.335468664982049081e+00
4.890000000000038760e+00 -3.354452026253798014e+00
4.900000000000039435e+00 -3.373543136340771298e+00
4.910000000000040110e+00 -3.392742587808196486e+00
4.920000000000040785e+00 -3.412050977770456850e+00
4.930000000000041460e+00 -3.431468907926327638e+00
4.940000000000042135e+00 -3.450996984590638750e+00
4.950000000000042810e+00 -3.470635818722322075e+00
4.960000000000043485e+00 -3.490386025948800874e+00
4.970000000000044160e+00 -3.510248226586686116e+00
4.980000000000044835e+00 -3.530223045658750003e+00
4.990000000000021529e+00 -3.550311112907109212e+00
5.000000000000000000e+00 -3.570513062802818105e+00
