-1.000010000000000066e+00 -1.081825585512794230e-01
-1.000000000000000000e+00 -1.081190184239411434e-01
-9.899999999999999911e-01 -4.440101824925968971e-02
-9.799999999999999822e-01 1.949830490682214271e-02
-9.699999999999999734e-01 8.331800171834281843e-02
-9.599999999999999645e-01 1.467974480340075716e-01
-9.499999999999999556e-01 2.096774092029593528e-01
-9.399999999999999467e-01 2.717010987261725408e-01
-9.299999999999999378e-01 3.326152269101836367e-01
-9.200000000000000400e-01 3.921710352407252187e-01
-9.100000000000000311e-01 4.501253122521161609e-01
-9.000000000000000222e-01 5.062413867438542159e-01
-8.900000000000000133e-01 5.602900942883550783e-01
-8.800000000000000044e-01 6.120507130828497511e-01
-8.699999999999999956e-01 6.613118653236523814e-01
-8.599999999999999867e-01 7.078723804218065574e-01
-8.499999999999999778e-01 7.515421165349421839e-01
-8.399999999999999689e-01 7.921427370604027240e-01
-8.299999999999999600e-01 8.295084389186512253e-01
-8.200000000000000622e-01 8.634866296527990981e-01
-8.100000000000000533e-01 8.939385505791624942e-01
-8.000000000000000444e-01 9.207398434440478008e-01
-7.900000000000000355e-01 9.437810582726737785e-01
-7.800000000000000266e-01 9.629681003363042002e-01
-7.700000000000000178e-01 9.782226144122798672e-01
-7.600000000000000089e-01 9.894823047677293593e-01
-7.500000000000000000e-01 9.967011895602229110e-01
-7.399999999999999911e-01 9.998497886164537940e-01
-7.299999999999999822e-01 9.989152438221131636e-01
-7.199999999999999734e-01 9.939013716313055413e-01
-7.099999999999999645e-01 9.848286474810781232e-01
-6.999999999999999556e-01 9.717341221747055613e-01
-6.899999999999999467e-01 9.546712705752012917e-01
-6.799999999999999378e-01 9.337097732269585837e-01
-6.699999999999999289e-01 9.089352317973187212e-01
-6.599999999999999201e-01 8.804488195001390904e-01
-6.499999999999999112e-01 8.483668679289444459e-01
-6.400000000000000133e-01 8.128203919869390059e-01
-6.300000000000000044e-01 7.739545548539352726e-01
-6.199999999999999956e-01 7.319280751751672254e-01
-6.099999999999999867e-01 6.869125788928681642e-01
-5.999999999999999778e-01 6.390918983675752951e-01
-5.899999999999999689e-01 5.886613216513956193e-01
-5.800000000000000711e-01 5.358267949789967677e-01
-5.700000000000000622e-01 4.808040817331745154e-01
-5.600000000000000533e-01 4.238178813195701000e-01
-5.500000000000000444e-01 3.651009115488330070e-01
-5.400000000000000355e-01 3.048929582735721566e-01
-5.300000000000000266e-01 2.434398961611331236e-01
-5.200000000000000178e-01 1.809926846011355450e-01
-5.100000000000000089e-01 1.178063428482419572e-01
-5.000000000000000000e-01 5.413890858541720030e-02
-4.899999999999999911e-01 -9.749615839333869438e-03
-4.799999999999999822e-01 -7.359832519944874141e-02
-4.699999999999999734e-01 -1.371464768634262088e-01
-4.599999999999999645e-01 -2.001345556044420160e-01
-4.499999999999999556e-01 -2.623053333975490231e-01
-4.399999999999999467e-01 -3.234049198764921140e-01
-4.299999999999999378e-01 -3.831837991603414539e-01
-4.200000000000000400e-01 -4.413978488157866975e-01
-4.100000000000000311e-01 -4.978093367939014358e-01
-4.000000000000000222e-01 -5.521878922701247694e-01
-3.900000000000000133e-01 -6.043114464227965499e-01
-3.800000000000000044e-01 -6.539671393083212880e-01
-3.699999999999999956e-01 -7.009521891295142915e-01
-3.599999999999999867e-01 -7.450747203472379843e-01
-3.499999999999999778e-01 -7.861545472535348411e-01
-3.399999999999999689e-01 -8.240239098063223411e-01
-3.299999999999999600e-01 -8.585281587206841092e-01
-3.199999999999999512e-01 -8.895263870190157629e-01
-3.099999999999999423e-01 -9.168920054609165371e-01
-2.999999999999999334e-01 -9.405132595029243037e-01
-2.900000000000000355e-01 -9.602936856769432872e-01
-2.800000000000000266e-01 -9.761525055236353055e-01
-2.700000000000000178e-01 -9.880249554720407223e-01
-2.600000000000000089e-01 -9.958625513182816080e-01
-2.500000000000000000e-01 -9.996332862232839567e-01
-2.399999999999999911e-01 -9.993217614209379818e-01
-2.299999999999999822e-01 -9.949292491029229080e-01
-2.199999999999999734e-01 -9.864736872233829112e-01
-2.099999999999999645e-01 -9.739896062446785630e-01
-1.999999999999999556e-01 -9.575279881233577095e-01
-1.899999999999999467e-01 -9.371560581122215794e-01
-1.799999999999999378e-01 -9.129570102287076772e-01
-1.699999999999999289e-01 -8.850296675107169886e-01
-1.600000000000000311e-01 -8.534880784473124482e-01
-1.500000000000000222e-01 -8.184610512323718945e-01
-1.400000000000000133e-01 -7.800916277431909629e-01
-1.300000000000000044e-01 -7.385364993921725851e-01
-1.199999999999999956e-01 -6.939653672371344229e-01
-1.099999999999999867e-01 -6.465602489633758276e-01
-9.999999999999997780e-02 -5.965147355676341245e-01
-8.999999999999996891e-02 -5.440332007794402847e-01
-7.999999999999996003e-02 -4.893299664484146438e-01
-6.999999999999995115e-02 -4.326284273058542684e-01
-5.999999999999994227e-02 -3.741601386748724112e-01
-4.999999999999993339e-02 -3.141638708546630743e-01
-4.000000000000003553e-02 -2.528846340405547233e-01
-3.000000000000002665e-02 -1.905726777618393375e-01
-2.000000000000001776e-02 -1.274824689234398956e-01
-1.000000000000000888e-02 -6.387165262483313066e-02
0.000000000000000000e+00 0.000000000000000000e+00
9.999999999999999547e-07 -1.081158414057776903e-07
1.000100000000000121e-02 -7.628953598964356578e-04
2.000099999999999795e-02 -8.873783305979919891e-04
3.000099999999999642e-02 -3.730488629699925136e-04
4.000100000000000183e-02 7.779926980653899173e-04
5.000100000000000378e-02 2.561045764281141487e-03
6.000100000000000572e-02 4.968828783460056166e-03
7.000100000000000766e-02 7.991508953178936420e-03
8.000100000000001654e-02 1.161674238156436625e-02
9.000100000000002542e-02 1.582972449514936930e-02
1.000010000000000343e-01 2.061325049758718636e-02
1.100010000000000432e-01 2.594778562974858413e-02
1.200010000000000521e-01 3.181154494496742091e-02
1.300010000000000610e-01 3.818058227346686484e-02
1.400010000000000698e-01 4.502888801270669983e-02
1.500010000000000787e-01 5.232849534428640759e-02
1.600010000000000876e-01 6.004959444364347393e-02
1.700010000000000965e-01 6.816065421614134201e-02
1.800010000000001054e-01 7.662855106240663849e-02
1.900010000000001142e-01 8.541870414706913273e-02
2.000010000000001231e-01 9.449521661849985543e-02
2.100010000000001320e-01 1.038210222028401603e-01
2.200010000000001409e-01 1.133580365736673590e-01
2.300010000000001498e-01 1.230673128791398840e-01
2.400010000000001587e-01 1.329092007914869644e-01
2.500010000000001398e-01 1.428435084293231683e-01
2.600010000000001487e-01 1.528296664915365088e-01
2.700010000000001575e-01 1.628268939324671594e-01
2.800010000000001664e-01 1.727943645017993579e-01
2.900010000000001753e-01 1.826913734690582825e-01
3.000010000000001842e-01 1.924775038518493908e-01
3.100010000000001931e-01 2.021127914690043492e-01
3.200010000000002020e-01 2.115578881445967230e-01
3.300010000000002108e-01 2.207742223963418127e-01
3.400010000000002197e-01 2.297241569521680515e-01
3.500010000000002286e-01 2.383711424517008237e-01
3.600010000000002375e-01 2.466798667049788230e-01
3.700010000000002464e-01 2.546163988988667803e-01
3.800010000000002552e-01 2.621483281622605799e-01
3.900010000000002641e-01 2.692448959242179640e-01
4.000010000000002730e-01 2.758771215244964492e-01
4.100010000000002819e-01 2.820179205635355291e-01
4.200010000000002908e-01 2.876422155085704424e-01
4.300010000000002997e-01 2.927270381041891523e-01
4.400010000000003085e-01 2.972516231691124666e-01
4.500010000000003174e-01 3.011974933961543144e-01
4.600010000000003263e-01 3.045485348090593569e-01
4.700010000000003352e-01 3.072910625680707053e-01
4.800010000000003441e-01 3.094138768554940411e-01
4.900010000000003529e-01 3.109083086130345341e-01
5.000010000000003618e-01 3.117682549441267437e-01
5.100010000000002597e-01 3.119902040366829277e-01
5.200010000000001575e-01 3.115732495044811201e-01
5.300010000000000554e-01 3.105190940886265460e-01
5.400009999999999533e-01 3.088320427039701888e-01
5.500009999999998511e-01 3.065189848588815713e-01
5.600009999999997490e-01 3.035893665201685465e-01
5.700009999999996468e-01 3.000551515380418532e-01
5.800009999999995447e-01 2.959307727886547057e-01
5.900009999999994426e-01 2.912330732337396477e-01
6.000009999999993404e-01 2.859812371380411333e-01
6.100009999999992383e-01 2.801967117254346440e-01
6.200009999999991361e-01 2.739031195936702523e-01
6.300009999999990340e-01 2.671261622454170759e-01
6.400009999999989319e-01 2.598935151295647117e-01
6.500009999999988297e-01 2.522347146214073410e-01
6.600009999999987276e-01 2.441810374032563624e-01
6.700009999999986254e-01 2.357653727380612518e-01
6.800009999999985233e-01 2.270220881576426875e-01
6.900009999999984212e-01 2.179868891140343268e-01
7.000009999999983190e-01 2.086966731670832909e-01
7.100009999999982169e-01 1.991893793037715910e-01
7.200009999999981147e-01 1.895038330046019404e-01
7.300009999999980126e-01 1.796795876897591682e-01
7.400009999999979105e-01 1.697567631925427645e-01
7.500009999999978083e-01 1.597758819197056257e-01
7.600009999999977062e-01 1.497777033677805680e-01
7.700009999999976040e-01 1.398030576711898065e-01
7.800009999999975019e-01 1.298926788618862960e-01
7.900009999999973997e-01 1.200870385214543590e-01
8.000009999999972976e-01 1.104261805049938094e-01
8.100009999999971955e-01 1.009495574117353217e-01
8.200009999999970933e-01 9.169586947020119672e-02
8.300009999999969912e-01 8.270290649586548026e-02
8.400009999999968890e-01 7.400739356672003666e-02
8.500009999999967869e-01 6.564484104696999278e-02
8.600009999999966848e-01 5.764939957132554638e-02
8.700009999999965826e-01 5.005372058209892061e-02
8.800009999999964805e-01 4.288882298863912895e-02
8.900009999999963783e-01 3.618396649363549850e-02
9.000009999999962762e-01 2.996653210359272526e-02
9.100009999999961741e-01 2.426191031145056784e-02
9.200009999999960719e-01 1.909339740795763796e-02
9.300009999999959698e-01 1.448210034533379056e-02
9.400009999999958676e-01 1.044685054137917818e-02
9.500009999999957655e-01 7.004126977360379536e-03
9.600009999999956634e-01 4.167988898769481657e-03
9.700009999999955612e-01 1.950018412277340716e-03
9.800009999999954591e-01 3.592731443050256254e-04
9.900004999999978406e-01 -5.977186563311266123e-04
1.000000000000000000e+00 -9.171449104940418689e-04
1.009999999999999787e+00 -9.214902531303148471e-04
1.019999999999999574e+00 -9.302740053371755030e-04
1.029999999999999361e+00 -9.371084095107050501e-04
1.039999999999999147e+00 -9.356136693164838168e-04
1.049999999999998934e+00 -9.194440024618332017e-04
1.059999999999998721e+00 -8.823135555360769053e-04
1.069999999999998508e+00 -8.180220738550494182e-04
1.079999999999998295e+00 -7.204802218110492509e-04
1.089999999999998082e+00 -5.837344502374849139e-04
1.099999999999997868e+00 -4.019913092596704243e-04
1.109999999999997655e+00 -1.696411073376284477e-04
1.119999999999997442e+00 1.187191801151834690e-04
1.129999999999997229e+00 4.682638460909178263e-04
1.139999999999997016e+00 8.839173214306695302e-04
1.149999999999996803e+00 1.370334064644193172e-03
1.159999999999996589e+00 1.931879554231091204e-03
1.169999999999996376e+00 2.572612461126221571e-03
1.179999999999996163e+00 3.296268074072730356e-03
1.189999999999995950e+00 4.106243045609465729e-03
1.199999999999995737e+00 5.005581520966450801e-03
1.209999999999995524e+00 5.996962706514650382e-03
1.219999999999995310e+00 7.082689928537452308e-03
1.229999999999995097e+00 8.264681227005198777e-03
1.239999999999994884e+00 9.544461522765494699e-03
1.249999999999994671e+00 1.092315639013660515e-02
1.259999999999994458e+00 1.240148746033513730e-02
1.269999999999994245e+00 1.397976947450930811e-02
1.279999999999994031e+00 1.565790899841249320e-02
1.289999999999993818e+00 1.743540480396600298e-02
1.299999999999993605e+00 1.931134991615290897e-02
1.309999999999993392e+00 2.128443531688386375e-02
1.319999999999993179e+00 2.335295529070924303e-02
1.329999999999992966e+00 2.551481439054703940e-02
1.339999999999992752e+00 2.776753599498012204e-02
1.349999999999992539e+00 3.010827242217697583e-02
1.359999999999992326e+00 3.253381655913310105e-02
1.369999999999992113e+00 3.504061495874210425e-02
1.379999999999991900e+00 3.762478235121114595e-02
1.389999999999991687e+00 4.028211751055975343e-02
1.399999999999991473e+00 4.300812041140698871e-02
1.409999999999991260e+00 4.579801060598285428e-02
1.419999999999991047e+00 4.864674674631664503e-02
1.429999999999990834e+00 5.154904717187842877e-02
1.439999999999990621e+00 5.449941147859865831e-02
1.449999999999990408e+00 5.749214298118332511e-02
1.459999999999990195e+00 6.052137197699399007e-02
1.469999999999989981e+00 6.358107971648864487e-02
1.479999999999989768e+00 6.666512298233395750e-02
1.489999999999989555e+00 6.976725917681374234e-02
1.499999999999989342e+00 7.288117181508287079e-02
1.509999999999989129e+00 7.600049632015816459e-02
1.519999999999988916e+00 7.911884601430597963e-02
1.529999999999988702e+00 8.222983820068391347e-02
1.539999999999988489e+00 8.532712022872546154e-02
1.549999999999988276e+00 8.840439543682297729e-02
1.559999999999988063e+00 9.145544886636539084e-02
1.569999999999987850e+00 9.447417264212060184e-02
1.579999999999987637e+00 9.745459091531545603e-02
1.589999999999987423e+00 1.003908842675516472e-01
1.599999999999987210e+00 1.032774134758979445e-01
1.609999999999986997e+00 1.061087425421078645e-01
1.619999999999986784e+00 1.088796608919171127e-01
1.629999999999986571e+00 1.115852046537641196e-01
1.639999999999986358e+00 1.142206769300366659e-01
1.649999999999986144e+00 1.167816669780616795e-01
1.659999999999985931e+00 1.192640682225077353e-01
1.669999999999985718e+00 1.216640950256419329e-01
1.679999999999985505e+00 1.239782981469555734e-01
1.689999999999985292e+00 1.262035788290251648e-01
1.699999999999985079e+00 1.283372014520855753e-01
1.709999999999984865e+00 1.303768047056372004e-01
1.719999999999984652e+00 1.323204112314649017e-01
1.729999999999984439e+00 1.341664356986889683e-01
1.739999999999984226e+00 1.359136912778716733e-01
1.749999999999984013e+00 1.375613944877405737e-01
1.759999999999983800e+00 1.391091683947359436e-01
1.769999999999983586e+00 1.405570441523158465e-01
1.779999999999983373e+00 1.419054608737330692e-01
1.789999999999983160e+00 1.431552638388030874e-01
1.799999999999982947e+00 1.443077010419865081e-01
1.809999999999982734e+00 1.453644180958826582e-01
1.819999999999982521e+00 1.463274515109470875e-01
1.829999999999982307e+00 1.471992203788771714e-01
1.839999999999982094e+00 1.479825164936288684e-01
1.849999999999981881e+00 1.486804929504077222e-01
1.859999999999981668e+00 1.492966512691934755e-01
1.869999999999981455e+00 1.498348270953823169e-01
1.879999999999981242e+00 1.502991745359420483e-01
1.889999999999981029e+00 1.506941491950476164e-01
1.899999999999980815e+00 1.510244899784750350e-01
1.909999999999980602e+00 1.512951997410605376e-01
1.919999999999980389e+00 1.515115248562556027e-01
1.929999999999980176e+00 1.516789337912114455e-01
1.939999999999979963e+00 1.518030947748857384e-01
1.949999999999979750e+00 1.518898526503740798e-01
1.959999999999979536e+00 1.519452050059793002e-01
1.969999999999979323e+00 1.519752776825545326e-01
1.979999999999979110e+00 1.519862997569143559e-01
1.989999999999978897e+00 1.519845781043077659e-01
1.994999999999989448e+00 1.519809242446958919e-01
2.000000000000000000e+00 1.519764716771614677e-01
2.009999999999999787e+00 1.519672846371480923e-01
2.019999999999999574e+00 1.519580266318679151e-01
2.029999999999999361e+00 1.519486852126823995e-01
2.039999999999999147e+00 1.519393117904591084e-01
2.049999999999998934e+00 1.519300214256223969e-01
2.059999999999998721e+00 1.519209923582745814e-01
2.069999999999998508e+00 1.519124652803065800e-01
2.079999999999998295e+00 1.519047423524707008e-01
2.089999999999998082e+00 1.518981859704294224e-01
2.099999999999997868e+00 1.518932172848194984e-01
2.109999999999997655e+00 1.518903144813749662e-01
2.119999999999997442e+00 1.518900108281326933e-01
2.129999999999997229e+00 1.518928924976951367e-01
2.139999999999997016e+00 1.518995961734437017e-01
2.149999999999996803e+00 1.519108064494783528e-01
2.159999999999996589e+00 1.519272530349015382e-01
2.169999999999996376e+00 1.519497077738632129e-01
2.179999999999996163e+00 1.519789814935367800e-01
2.189999999999995950e+00 1.520159206928976825e-01
2.199999999999995737e+00 1.520614040858270233e-01
2.209999999999995524e+00 1.521163390126574200e-01
2.219999999999995310e+00 1.521816577348152622e-01
2.229999999999995097e+00 1.522583136276913773e-01
2.239999999999994884e+00 1.523472772872872527e-01
2.249999999999994671e+00 1.524495325665366774e-01
2.259999999999994458e+00 1.525660725574890797e-01
2.269999999999994245e+00 1.526978955357626289e-01
2.279999999999994031e+00 1.528460008838289641e-01
2.289999999999993818e+00 1.530113850097777617e-01
2.299999999999993605e+00 1.531950372782278635e-01
2.309999999999993392e+00 1.533979359700024525e-01
2.319999999999993179e+00 1.536210442870674653e-01
2.329999999999992966e+00 1.538653064190486641e-01
2.339999999999992752e+00 1.541316436873903517e-01
2.349999999999992539e+00 1.544209507829022165e-01
2.359999999999992326e+00 1.547340921120592128e-01
2.369999999999992113e+00 1.550718982669753720e-01
2.379999999999991900e+00 1.554351626334671277e-01
2.389999999999991687e+00 1.558246381510582923e-01
2.399999999999991473e+00 1.562410342381577721e-01
2.409999999999991260e+00 1.566850138949670013e-01
2.419999999999991047e+00 1.571571909959479929e-01
2.429999999999990834e+00 1.576581277829090799e-01
2.439999999999990621e+00 1.581883325689457942e-01
2.449999999999990408e+00 1.587482576626136344e-01
2.459999999999990195e+00 1.593382975208096353e-01
2.469999999999989981e+00 1.599587871379062054e-01
2.479999999999989768e+00 1.606100006777153866e-01
2.489999999999989555e+00 1.612921503538703727e-01
2.499999999999989342e+00 1.620053855631966022e-01
2.509999999999989129e+00 1.627497922756113435e-01
2.519999999999988916e+00 1.635253926830433913e-01
2.529999999999988702e+00 1.643321451088066709e-01
2.539999999999988489e+00 1.651699441777977062e-01
2.549999999999988276e+00 1.660386212468219214e-01
2.559999999999988063e+00 1.669379450932915454e-01
2.569999999999987850e+00 1.678676228594825348e-01
2.579999999999987637e+00 1.688273012484944324e-01
2.589999999999987423e+00 1.698165679670291528e-01
2.599999999999987210e+00 1.708349534090967403e-01
2.609999999999986997e+00 1.718819325737722392e-01
2.619999999999986784e+00 1.729569272091720789e-01
2.629999999999986571e+00 1.740593081738943670e-01
2.639999999999986358e+00 1.751883980062796664e-01
2.649999999999986144e+00 1.763434736910000356e-01
2.659999999999985931e+00 1.775237696116780395e-01
2.669999999999985718e+00 1.787284806774783186e-01
2.679999999999985505e+00 1.799567656109030411e-01
2.689999999999985292e+00 1.812077503833650904e-01
2.699999999999985079e+00 1.824805317845086261e-01
2.709999999999984865e+00 1.837741811107009016e-01
2.719999999999984652e+00 1.850877479576326090e-01
2.729999999999984439e+00 1.864202641015382522e-01
2.739999999999984226e+00 1.877707474531871146e-01
2.749999999999984013e+00 1.891382060684972111e-01
2.759999999999983800e+00 1.905216421993941867e-01
2.769999999999983586e+00 1.919200563683723382e-01
2.779999999999983373e+00 1.933324514501180147e-01
2.789999999999983160e+00 1.947578367435275071e-01
2.799999999999982947e+00 1.961952320174898123e-01
2.809999999999982734e+00 1.976436715139125722e-01
2.819999999999982521e+00 1.991022078916437621e-01
2.829999999999982307e+00 2.005699160951829874e-01
2.839999999999982094e+00 2.020458971323835506e-01
2.849999999999981881e+00 2.035292817457182712e-01
2.859999999999981668e+00 2.050192339621162152e-01
2.869999999999981455e+00 2.065149545068737658e-01
2.879999999999981242e+00 2.080156840676985197e-01
2.889999999999981029e+00 2.095207063955564220e-01
2.899999999999980815e+00 2.110293512296589624e-01
2.909999999999980602e+00 2.125409970346455180e-01
2.919999999999980389e+00 2.140550735387829195e-01
2.929999999999980176e+00 2.155710640628168140e-01
2.939999999999979963e+00 2.170885076299642891e-01
2.949999999999979750e+00 2.186070008484312099e-01
2.959999999999979536e+00 2.201261995587663889e-01
2.969999999999979323e+00 2.216458202393251919e-01
2.979999999999979110e+00 2.231656411641031734e-01
2.989999999999978897e+00 2.246855033082112707e-01
2.994999999999989448e+00 2.254454175493317003e-01
3.000000000000000000e+00 2.262053111917063652e-01
3.009999999999999787e+00 2.277250300120456927e-01
3.019999999999999574e+00 2.292446566419287235e-01
3.029999999999999361e+00 2.307641902562268810e-01
3.039999999999999147e+00 2.322836302246981677e-01
3.049999999999998934e+00 2.338029767497494804e-01
3.059999999999998721e+00 2.353222315007987564e-01
3.069999999999998508e+00 2.368413982426460507e-01
3.079999999999998295e+00 2.383604834552876806e-01
3.089999999999998082e+00 2.398794969426421286e-01
3.099999999999997868e+00 2.413984524277018595e-01
3.109999999999997655e+00 2.429173681316805777e-01
3.119999999999997442e+00 2.444362673347908743e-01
3.129999999999997229e+00 2.459551789163621494e-01
3.139999999999997016e+00 2.474741378720930196e-01
3.149999999999996803e+00 2.489931858063260672e-01
3.159999999999996589e+00 2.505123713973344546e-01
3.169999999999996376e+00 2.520317508337202583e-01
3.179999999999996163e+00 2.535513882201425595e-01
3.189999999999995950e+00 2.550713559507182260e-01
3.199999999999995737e+00 2.565917350485704129e-01
3.209999999999995524e+00 2.581126154701386399e-01
3.219999999999995310e+00 2.596340963730070506e-01
3.229999999999995097e+00 2.611562863461575623e-01
3.239999999999994884e+00 2.626793036017074368e-01
3.249999999999994671e+00 2.642032761273483410e-01
3.259999999999994458e+00 2.657283417988644536e-01
3.269999999999994245e+00 2.672546484522695942e-01
3.279999999999994031e+00 2.687823539152697228e-01
3.289999999999993818e+00 2.703116259979214120e-01
3.299999999999993605e+00 2.718426424425250398e-01
3.309999999999993392e+00 2.733755908329568718e-01
3.319999999999993179e+00 2.749106684638107923e-01
3.329999999999992966e+00 2.764480821698837021e-01
3.339999999999992752e+00 2.779880481167010253e-01
3.349999999999992539e+00 2.795307915529378628e-01
3.359999999999992326e+00 2.810765465257466511e-01
3.369999999999992113e+00 2.826255555601540626e-01
3.379999999999991900e+00 2.841780693038363226e-01
3.389999999999991687e+00 2.857343461387235606e-01
3.399999999999991473e+00 2.872946517610194261e-01
3.409999999999991260e+00 2.888592587313508209e-01
3.419999999999991047e+00 2.904284459968851650e-01
3.429999999999990834e+00 2.920024983873664715e-01
3.439999999999990621e+00 2.935817060871285245e-01
3.449999999999990408e+00 2.951663640852410508e-01
3.459999999999990195e+00 2.967567716060346417e-01
3.469999999999989981e+00 2.983532315223298426e-01
3.479999999999989768e+00 2.999560497537667181e-01
3.489999999999989555e+00 3.015655346526919245e-01
3.499999999999989342e+00 3.031819963801112849e-01
3.509999999999989129e+00 3.048057462742559953e-01
3.519999999999988916e+00 3.064370962143417310e-01
3.529999999999988702e+00 3.080763579821180209e-01
3.539999999999988489e+00 3.097238426238161368e-01
3.549999999999988276e+00 3.113798598151003016e-01
3.559999999999988063e+00 3.130447172316160320e-01
3.569999999999987850e+00 3.147187199277062253e-01
3.579999999999987637e+00 3.164021697258318500e-01
3.589999999999987423e+00 3.180953646191909678e-01
3.599999999999987210e+00 3.197985981899754138e-01
3.609999999999986997e+00 3.215121590456411216e-01
3.619999999999986784e+00 3.232363302754938661e-01
3.629999999999986571e+00 3.249713889298099234e-01
3.639999999999986358e+00 3.267176055236186705e-01
3.649999999999986144e+00 3.284752435671735027e-01
3.659999999999985931e+00 3.302445591250284807e-01
3.669999999999985718e+00 3.320258004055215428e-01
3.679999999999985505e+00 3.338192073823406103e-01
3.689999999999985292e+00 3.356250114497177361e-01
3.699999999999985079e+00 3.374434351126601173e-01
3.709999999999984865e+00 3.392746917134821238e-01
3.719999999999984652e+00 3.411189851957557861e-01
3.729999999999984439e+00 3.429765099066432454e-01
3.739999999999984226e+00 3.448474504384190231e-01
3.749999999999984013e+00 3.467319815098284241e-01
3.759999999999983800e+00 3.486302678877671868e-01
3.769999999999983586e+00 3.505424643496022896e-01
3.779999999999983373e+00 3.524687156862872928e-01
3.789999999999983160e+00 3.544091567462598902e-01
3.799999999999982947e+00 3.563639125199422608e-01
3.809999999999982734e+00 3.583330982644991058e-01
3.819999999999982521e+00 3.603168196683441127e-01
3.829999999999982307e+00 3.623151730547227167e-01
3.839999999999982094e+00 3.643282456235399369e-01
3.849999999999981881e+00 3.663561157304458527e-01
3.859999999999981668e+00 3.683988532020387452e-01
3.869999999999981455e+00 3.704565196858988774e-01
3.879999999999981242e+00 3.725291690340233330e-01
3.889999999999981029e+00 3.746168477180962797e-01
3.899999999999980815e+00 3.767195952748984000e-01
3.909999999999980602e+00 3.788374447800370581e-01
3.919999999999980389e+00 3.809704233480620261e-01
3.929999999999980176e+00 3.831185526569250710e-01
3.939999999999979963e+00 3.852818494946408934e-01
3.949999999999979750e+00 3.874603263259178143e-01
3.959999999999979536e+00 3.896539918764433397e-01
3.969999999999979323e+00 3.918628517324394545e-01
3.979999999999979110e+00 3.940869089530383285e-01
3.989999999999978897e+00 3.963261646929781556e-01
3.999999999999978684e+00 3.985806188350646817e-01
4.009999999999979359e+00 4.008502706176582109e-01
4.019999999999980034e+00 4.031351191281087321e-01
4.029999999999980709e+00 4.054351634404675941e-01
4.039999999999981384e+00 4.077504026209771704e-01
4.049999999999982059e+00 4.100808357332103027e-01
4.059999999999982734e+00 4.124264618495728230e-01
4.069999999999983409e+00 4.147872800691213557e-01
4.079999999999984084e+00 4.171632895416247933e-01
4.089999999999984759e+00 4.195544894977700223e-01
4.099999999999985434e+00 4.219608792853894452e-01
4.109999999999986109e+00 4.243824584115618581e-01
4.119999999999986784e+00 4.268192265904148797e-01
4.129999999999987459e+00 4.292711837964337529e-01
4.139999999999988134e+00 4.317383303230588609e-01
4.149999999999988809e+00 4.342206668463324259e-01
4.159999999999989484e+00 4.367181944933348214e-01
4.169999999999990159e+00 4.392309149151307213e-01
4.179999999999990834e+00 4.417588303639273795e-01
4.189999999999991509e+00 4.443019437741298483e-01
4.199999999999992184e+00 4.468602588469621772e-01
4.209999999999992859e+00 4.494337801383088693e-01
4.219999999999993534e+00 4.520225131494182147e-01
4.229999999999994209e+00 4.546264644200967431e-01
4.239999999999994884e+00 4.572456416240143207e-01
4.249999999999995559e+00 4.598800536657307592e-01
4.259999999999996234e+00 4.625297107790476980e-01
4.269999999999996909e+00 4.651946246262839701e-01
4.279999999999997584e+00 4.678748083980691641e-01
4.289999999999998259e+00 4.705702769132478758e-01
4.299999999999998934e+00 4.732810467184866976e-01
4.309999999999999609e+00 4.760071361871767714e-01
4.320000000000000284e+00 4.787485656172286164e-01
4.330000000000000959e+00 4.815053573273595511e-01
4.340000000000001634e+00 4.842775357514803591e-01
4.350000000000002309e+00 4.870651275307960604e-01
4.360000000000002984e+00 4.898681616032443675e-01
4.370000000000003659e+00 4.926866692899069533e-01
4.380000000000004334e+00 4.955206843780401993e-01
4.390000000000005009e+00 4.983702432003865868e-01
4.400000000000005684e+00 5.012353847104430438e-01
4.410000000000006359e+00 5.041161505533784393e-01
4.420000000000007034e+00 5.070125851323109556e-01
4.430000000000007709e+00 5.099247356696742228e-01
4.440000000000008384e+00 5.128526522634226925e-01
4.450000000000009059e+00 5.157963879378449912e-01
4.460000000000009734e+00 5.187559986887796404e-01
4.470000000000010409e+00 5.217315435230467369e-01
4.480000000000011084e+00 5.247230844919362758e-01
4.490000000000011759e+00 5.277306867186145611e-01
4.500000000000012434e+00 5.307544184193384584e-01
4.510000000000013110e+00 5.337943509183897817e-01
4.520000000000013785e+00 5.368505586566690857e-01
4.530000000000014460e+00 5.399231191939140029e-01
4.540000000000015135e+00 5.430121132045327981e-01
4.550000000000015810e+00 5.461176244670702395e-01
4.560000000000016485e+00 5.492397398473488623e-01
4.570000000000017160e+00 5.523785492753542359e-01
4.580000000000017835e+00 5.555341457159593821e-01
4.590000000000018510e+00 5.587066251336065825e-01
4.600000000000019185e+00 5.618960864510921249e-01
4.610000000000019860e+00 5.651026315026212998e-01
4.620000000000020535e+00 5.683263649813262708e-01
4.630000000000021210e+00 5.715673943814604252e-01
4.640000000000021885e+00 5.748258299355052392e-01
4.650000000000022560e+00 5.781017845464473393e-01
4.660000000000023235e+00 5.813953737155013179e-01
4.670000000000023910e+00 5.847067154655740673e-01
4.680000000000024585e+00 5.880359302607829353e-01
4.690000000000025260e+00 5.913831409223566649e-01
4.700000000000025935e+00 5.947484725412619522e-01
4.710000000000026610e+00 5.981320523879134488e-01
4.720000000000027285e+00 6.015340098193346918e-01
4.730000000000027960e+00 6.049544761841499918e-01
4.740000000000028635e+00 6.083935847257949669e-01
4.750000000000029310e+00 6.118514704843410756e-01
4.760000000000029985e+00 6.153282701973349367e-01
4.770000000000030660e+00 6.188241222000575581e-01
4.780000000000031335e+00 6.223391663256103712e-01
4.790000000000032010e+00 6.258735438052369648e-01
4.800000000000032685e+00 6.294273971692865288e-01
4.810000000000033360e+00 6.330008701492242373e-01
4.820000000000034035e+00 6.365941075810882532e-01
4.830000000000034710e+00 6.402072553107880371e-01
4.840000000000035385e+00 6.438404601016302076e-01
4.850000000000036060e+00 6.474938695444503178e-01
4.860000000000036735e+00 6.511676319707164762e-01
4.870000000000037410e+00 6.548618963689607497e-01
4.880000000000038085e+00 6.585768123048788558e-01
4.890000000000038760e+00 6.623125298454251020e-01
4.900000000000039435e+00 6.660691994872118826e-01
4.910000000000040110e+00 6.698469720895066093e-01
4.920000000000040785e+00 6.736459988120993003e-01
4.930000000000041460e+00 6.774664310582954041e-01
4.940000000000042135e+00 6.813084204232650043e-01
4.950000000000042810e+00 6.851721186479614589e-01
4.960000000000043485e+00 6.890576775787959907e-01
4.970000000000044160e+00 6.929652491332336517e-01
4.980000000000044835e+00 6.968949852714507731e-01
4.990000000000021529e+00 7.008470379741615908e-01
5.000000000000000000e+00 7.048215592267565999e-01
