-1.000010000000000066e+00 -5.612439987654067597e-01
-1.000000000000000000e+00 -5.611870653623821648e-01
-9.899999999999999911e-01 -5.029679304057027567e-01
-9.799999999999999822e-01 -4.423696541872073618e-01
-9.699999999999999734e-01 -3.796788789570889611e-01
-9.599999999999999645e-01 -3.151921449141727449e-01
-9.499999999999999556e-01 -2.492144875100777979e-01
-9.399999999999999467e-01 -1.820579945690943002e-01
-9.299999999999999378e-01 -1.140403300488942451e-01
-9.200000000000000400e-01 -4.548323142498980620e-02
-9.100000000000000311e-01 2.328901219338103123e-02
-9.000000000000000222e-01 9.195109401711912267e-02
-8.900000000000000133e-01 1.601782283449627031e-01
-8.800000000000000044e-01 2.276476868663334097e-01
-8.699999999999999956e-01 2.940403252323042227e-01
-8.599999999999999867e-01 3.590420926736941909e-01
-8.499999999999999778e-01 4.223455175254887117e-01
-8.399999999999999689e-01 4.836511616307504480e-01
-8.299999999999999600e-01 5.426690367443933738e-01
-8.200000000000000622e-01 5.991199762369372461e-01
-8.100000000000000533e-01 6.527369556098102654e-01
-8.000000000000000444e-01 7.032663555758795759e-01
-7.900000000000000355e-01 7.504691617305948581e-01
-7.800000000000000266e-01 7.941220951390421945e-01
-7.700000000000000178e-01 8.340186684910125825e-01
-7.600000000000000089e-01 8.699701628282408006e-01
-7.500000000000000000e-01 9.018065202237086631e-01
-7.399999999999999911e-01 9.293771481904463672e-01
-7.299999999999999822e-01 9.525516320148228466e-01
-7.199999999999999734e-01 9.712203516448333351e-01
-7.099999999999999645e-01 9.852950002153830766e-01
-6.999999999999999556e-01 9.947090017578360532e-01
-6.899999999999999467e-01 9.994178261179730294e-01
-6.799999999999999378e-01 9.993991995927348215e-01
-6.699999999999999289e-01 9.946532102893987926e-01
-6.599999999999999201e-01 9.852023077088118974e-01
-6.499999999999999112e-01 9.710911965546574764e-01
-6.400000000000000133e-01 9.523866252710551095e-01
-6.300000000000000044e-01 9.291770703087595118e-01
-6.199999999999999956e-01 9.015723176134363692e-01
-6.099999999999999867e-01 8.697029433156677758e-01
-5.999999999999999778e-01 8.337196960791299905e-01
-5.899999999999999689e-01 7.937927840285539105e-01
-5.800000000000000711e-01 7.501110696304601477e-01
-5.700000000000000622e-01 7.028811763350283348e-01
-5.600000000000000533e-01 6.523265112048924896e-01
-5.500000000000000444e-01 5.986862081540005320e-01
-5.400000000000000355e-01 5.422139967952560591e-01
-5.300000000000000266e-01 4.831770022475137538e-01
-5.200000000000000178e-01 4.218544815790894464e-01
-5.100000000000000089e-01 3.585365028646675944e-01
-5.000000000000000000e-01 2.935225731039347030e-01
-4.899999999999999911e-01 2.271202214921649865e-01
-4.799999999999999822e-01 1.596435447441807709e-01
-4.699999999999999734e-01 9.141172135259813258e-02
-4.599999999999999645e-01 2.274750180822667639e-02
-4.499999999999999556e-01 -4.602431807581602863e-02
-4.399999999999999467e-01 -1.145784335147800592e-01
-4.299999999999999378e-01 -1.825905695105033422e-01
-4.200000000000000400e-01 -2.497390147385251391e-01
-4.100000000000000311e-01 -3.157061433085047719e-01
-4.000000000000000222e-01 -3.801799171996917970e-01
-3.900000000000000133e-01 -4.428553622646377308e-01
-3.800000000000000044e-01 -5.034360108193359773e-01
-3.699999999999999956e-01 -5.616353039960517712e-01
-3.599999999999999867e-01 -6.171779472254206311e-01
-3.499999999999999778e-01 -6.698012124361105712e-01
-3.399999999999999689e-01 -7.192561808123766331e-01
-3.299999999999999600e-01 -7.653089202310100481e-01
-3.199999999999999512e-01 -8.077415918081639612e-01
-3.099999999999999423e-01 -8.463534803218617508e-01
-2.999999999999999334e-01 -8.809619436360816014e-01
-2.900000000000000355e-01 -9.114032766354456250e-01
-2.800000000000000266e-01 -9.375334855839206893e-01
-2.700000000000000178e-01 -9.592289692446673843e-01
-2.600000000000000089e-01 -9.763871035391864517e-01
-2.500000000000000000e-01 -9.889267269802175520e-01
-2.399999999999999911e-01 -9.967885245821874740e-01
-2.299999999999999822e-01 -9.999353084332299746e-01
-2.199999999999999734e-01 -9.983521936016248599e-01
-2.099999999999999645e-01 -9.920466685445683552e-01
-1.999999999999999556e-01 -9.810485596862391633e-01
-1.899999999999999467e-01 -9.654098903327074099e-01
-1.799999999999999378e-01 -9.452046345910469771e-01
-1.699999999999999289e-01 -9.205283674566698826e-01
-1.600000000000000311e-01 -8.914978127240329453e-01
-1.500000000000000222e-01 -8.582502908591980173e-01
-1.400000000000000133e-01 -8.209430694459211031e-01
-1.300000000000000044e-01 -7.797526192777908260e-01
-1.199999999999999956e-01 -7.348737796152521318e-01
-1.099999999999999867e-01 -6.865188365560236372e-01
-9.999999999999997780e-02 -6.349165188784039460e-01
-8.999999999999996891e-02 -5.803109161073315425e-01
-7.999999999999996003e-02 -5.229603239209710264e-01
-6.999999999999995115e-02 -4.631360223592840830e-01
-5.999999999999994227e-02 -4.011209926139147064e-01
-4.999999999999993339e-02 -3.372085784692288035e-01
-4.000000000000003553e-02 -2.717010987261716526e-01
-3.000000000000002665e-02 -2.049084171724561976e-01
-2.000000000000001776e-02 -1.371464768634257370e-01
-1.000000000000000888e-02 -6.873580564673031912e-02
0.000000000000000000e+00 0.000000000000000000e+00
9.999999999999999547e-07 -5.611842186211985591e-07
9.735910585157228625e-03 -5.189831495406089200e-03
1.973591058515722710e-02 -9.934369175376597111e-03
2.973591058515722557e-02 -1.406277231206102575e-02
3.973591058515722751e-02 -1.755551193041651747e-02
4.973591058515722946e-02 -2.039606686698120300e-02
5.973591058515723140e-02 -2.257100065925096363e-02
6.973591058515724028e-02 -2.407002544027433619e-02
7.973591058515724916e-02 -2.488605051196909543e-02
8.973591058515725805e-02 -2.501521590979813997e-02
9.973591058515726693e-02 -2.445691065470140951e-02
1.097359105851572758e-01 -2.321377564489100764e-02
1.197359105851572847e-01 -2.129169116339610368e-02
1.297359105851572936e-01 -1.869974906324544869e-02
1.397359105851573025e-01 -1.545020976110811697e-02
1.497359105851573113e-01 -1.155844424302207053e-02
1.597359105851573202e-01 -7.042861356481557034e-03
1.697359105851573291e-01 -1.924820732821058873e-03
1.797359105851573380e-01 3.771468248213134984e-03
1.897359105851573469e-01 1.001906097378442440e-02
1.997359105851573557e-01 1.678840505149984536e-02
2.097359105851573646e-01 2.404748009827507166e-02
2.197359105851573735e-01 3.176194920330056154e-02
2.297359105851573824e-01 3.989532134865800272e-02
2.397359105851573913e-01 4.840912401930430597e-02
2.497359105851574002e-01 5.726308518594258601e-02
2.597359105851573813e-01 6.641532379996388513e-02
2.697359105851573902e-01 7.582254789937961648e-02
2.797359105851573990e-01 8.544025938866307845e-02
2.897359105851574079e-01 9.522296452384942933e-02
2.997359105851574168e-01 1.051243891072566744e-01
3.097359105851574257e-01 1.150976973739123999e-01
3.197359105851574346e-01 1.250957135343087612e-01
3.297359105851574435e-01 1.350711449255431462e-01
3.397359105851574523e-01 1.449768057152939216e-01
3.497359105851574612e-01 1.547658401004655404e-01
3.597359105851574701e-01 1.643919439447280584e-01
3.697359105851574790e-01 1.738095838065598087e-01
3.797359105851574879e-01 1.829742123217458494e-01
3.897359105851574967e-01 1.918424789215290582e-01
3.997359105851575056e-01 2.003724348896735452e-01
4.097359105851575145e-01 2.085237317884789110e-01
4.197359105851575234e-01 2.162578123151492893e-01
4.297359105851575323e-01 2.235380926857278017e-01
4.397359105851575412e-01 2.303301356838828307e-01
4.497359105851575500e-01 2.366018135559901925e-01
4.597359105851575589e-01 2.423234599819839297e-01
4.697359105851575678e-01 2.474680104031224126e-01
4.797359105851575767e-01 2.520111300428910517e-01
4.897359105851575856e-01 2.559313290154762721e-01
4.997359105851575944e-01 2.592100639773239346e-01
5.097359105851574368e-01 2.618318258409500499e-01
5.197359105851573347e-01 2.637842131360991216e-01
5.297359105851572325e-01 2.650579906712368095e-01
5.397359105851571304e-01 2.656471332178962363e-01
5.497359105851570282e-01 2.655488540112418416e-01
5.597359105851569261e-01 2.647636179320375649e-01
5.697359105851568239e-01 2.632951393076656821e-01
5.797359105851567218e-01 2.611503643425979737e-01
5.897359105851566197e-01 2.583394382614267459e-01
5.997359105851565175e-01 2.548756573198759368e-01
6.097359105851564154e-01 2.507754059107900613e-01
6.197359105851563132e-01 2.460580790626022418e-01
6.297359105851562111e-01 2.407459906968798802e-01
6.397359105851561090e-01 2.348642680789082837e-01
6.497359105851560068e-01 2.284407329605825931e-01
6.597359105851559047e-01 2.215057699778266442e-01
6.697359105851558025e-01 2.140921829250456432e-01
6.797359105851557004e-01 2.062350395864641361e-01
6.897359105851555983e-01 1.979715058583287057e-01
6.997359105851554961e-01 1.893406699466113619e-01
7.097359105851553940e-01 1.803833574717944588e-01
7.197359105851552918e-01 1.711419383553292872e-01
7.297359105851551897e-01 1.616601264012350880e-01
7.397359105851550876e-01 1.519827725208583724e-01
7.497359105851549854e-01 1.421556525788818526e-01
7.597359105851548833e-01 1.322252508641147684e-01
7.697359105851547811e-01 1.222385402092921319e-01
7.797359105851546790e-01 1.122427597999610810e-01
7.897359105851545769e-01 1.022851917234640640e-01
7.997359105851544747e-01 9.241293731498764763e-02
8.097359105851543726e-01 8.267269435860608029e-02
8.197359105851542704e-01 7.311053619720414565e-02
8.297359105851541683e-01 6.377169379613474576e-02
8.397359105851540662e-01 5.470034179149457776e-02
8.497359105851539640e-01 4.593938953505341538e-02
8.597359105851538619e-01 3.753027812423725962e-02
8.697359105851537597e-01 2.951278437725507811e-02
8.797359105851536576e-01 2.192483268060677060e-02
8.897359105851535555e-01 1.480231559897282438e-02
8.997359105851534533e-01 8.178924096035003477e-03
9.097359105851533512e-01 2.085988169328150885e-03
9.197359105851532490e-01 -3.447671347083845414e-03
9.297359105851531469e-01 -8.395879110967147119e-03
9.397359105851530447e-01 -1.273522908696274498e-02
9.497359105851529426e-01 -1.644519526073684110e-02
9.597359105851528405e-01 -1.950822873566291499e-02
9.697359105851527383e-01 -2.190984072615112521e-02
9.797359105851526362e-01 -2.363867115431165719e-02
9.897359105851525340e-01 -2.468654215502472452e-02
9.948679552925762115e-01 -2.495816800106525832e-02
1.000000000000000000e+00 -2.504874719617619303e-02
1.009999999999999787e+00 -2.507584756851118091e-02
1.019999999999999574e+00 -2.515322470998101675e-02
1.029999999999999361e+00 -2.527482116816829119e-02
1.039999999999999147e+00 -2.543437033326724148e-02
1.049999999999998934e+00 -2.562542606893523228e-02
1.059999999999998721e+00 -2.584139320696227440e-02
1.069999999999998508e+00 -2.607555874292922030e-02
1.079999999999998295e+00 -2.632112359031711299e-02
1.089999999999998082e+00 -2.657123474151797116e-02
1.099999999999997868e+00 -2.681901768397962002e-02
1.109999999999997655e+00 -2.705760891805285631e-02
1.119999999999997442e+00 -2.728018842275082428e-02
1.129999999999997229e+00 -2.748001191584394445e-02
1.139999999999997016e+00 -2.765044275569539939e-02
1.149999999999996803e+00 -2.778498333393449732e-02
1.159999999999996589e+00 -2.787730581047424480e-02
1.169999999999996376e+00 -2.792128204549018319e-02
1.179999999999996163e+00 -2.791101258677610580e-02
1.189999999999995950e+00 -2.784085457536053868e-02
1.199999999999995737e+00 -2.770544843738469154e-02
1.209999999999995524e+00 -2.749974323598385062e-02
1.219999999999995310e+00 -2.721902056325260777e-02
1.229999999999995097e+00 -2.685891685928004646e-02
1.239999999999994884e+00 -2.641544405268128615e-02
1.249999999999994671e+00 -2.588500842499144236e-02
1.259999999999994458e+00 -2.526442760968954787e-02
1.269999999999994245e+00 -2.455094564544359204e-02
1.279999999999994031e+00 -2.374224601237172327e-02
1.289999999999993818e+00 -2.283646258965545475e-02
1.299999999999993605e+00 -2.183218848267311218e-02
1.309999999999993392e+00 -2.072848267789935764e-02
1.319999999999993179e+00 -1.952487449409178594e-02
1.329999999999992966e+00 -1.822136580870954009e-02
1.339999999999992752e+00 -1.681843104903254366e-02
1.349999999999992539e+00 -1.531701494802335979e-02
1.359999999999992326e+00 -1.371852807554690273e-02
1.369999999999992113e+00 -1.202484016608625084e-02
1.379999999999991900e+00 -1.023827127451583559e-02
1.389999999999991687e+00 -8.361580801766995211e-03
1.399999999999991473e+00 -6.397954442296758214e-03
1.409999999999991260e+00 -4.350989115100990789e-03
1.419999999999991047e+00 -2.224675949551305383e-03
1.429999999999990834e+00 -2.338140653619820430e-05
1.439999999999990621e+00 2.248173375792709896e-03
1.449999999999990408e+00 4.584934913970484943e-03
1.459999999999990195e+00 6.981541283230053088e-03
1.469999999999989981e+00 9.432347480503864776e-03
1.479999999999989768e+00 1.193145212644386444e-02
1.489999999999989555e+00 1.447272538015373887e-02
1.499999999999989342e+00 1.704983793459105557e-02
1.509999999999989129e+00 1.965629095548510757e-02
1.519999999999988916e+00 2.228544682215323133e-02
1.529999999999988702e+00 2.493056052480527654e-02
1.539999999999988489e+00 2.758481156982052832e-02
1.549999999999988276e+00 3.024133624207859389e-02
1.559999999999988063e+00 3.289326007173684618e-02
1.569999999999987850e+00 3.553373035187988582e-02
1.579999999999987637e+00 3.815594855322590462e-02
1.589999999999987423e+00 4.075320248256178446e-02
1.599999999999987210e+00 4.331889803279086182e-02
1.609999999999986997e+00 4.584659037440924623e-02
1.619999999999986784e+00 4.833001444086853365e-02
1.629999999999986571e+00 5.076311456362296581e-02
1.639999999999986358e+00 5.314007311668116768e-02
1.649999999999986144e+00 5.545533803516787541e-02
1.659999999999985931e+00 5.770364907772723706e-02
1.669999999999985718e+00 5.988006270854111246e-02
1.679999999999985505e+00 6.197997548126539524e-02
1.689999999999985292e+00 6.399914581427346150e-02
1.699999999999985079e+00 6.593371405420549169e-02
1.709999999999984865e+00 6.778022073291885274e-02
1.719999999999984652e+00 6.953562293148053686e-02
1.729999999999984439e+00 7.119730867379654715e-02
1.739999999999984226e+00 7.276310928179348381e-02
1.749999999999984013e+00 7.423130963370969115e-02
1.759999999999983800e+00 7.560065627697230839e-02
1.769999999999983586e+00 7.687036335728446301e-02
1.779999999999983373e+00 7.804011633587695784e-02
1.789999999999983160e+00 7.911007347734104467e-02
1.799999999999982947e+00 8.008086510100449751e-02
1.809999999999982734e+00 8.095359059939218060e-02
1.819999999999982521e+00 8.172981323787437136e-02
1.829999999999982307e+00 8.241155276010157793e-02
1.839999999999982094e+00 8.300127583420366384e-02
1.849999999999981881e+00 8.350188438494468568e-02
1.859999999999981668e+00 8.391670186702480938e-02
1.869999999999981455e+00 8.424945754445925528e-02
1.879999999999981242e+00 8.450426885039621916e-02
1.889999999999981029e+00 8.468562191081527302e-02
1.899999999999980815e+00 8.479835032423324592e-02
1.909999999999980602e+00 8.484761229779384795e-02
1.919999999999980389e+00 8.483886624789201136e-02
1.929999999999980176e+00 8.477784498074737718e-02
1.939999999999979963e+00 8.467052857505635854e-02
1.949999999999979750e+00 8.452311609499982281e-02
1.959999999999979536e+00 8.434199626738592137e-02
1.969999999999979323e+00 8.413371726171946230e-02
1.979999999999979110e+00 8.390495571581517431e-02
1.989999999999978897e+00 8.366248515469804081e-02
1.994999999999989448e+00 8.353824433596164500e-02
2.000000000000000000e+00 8.341314390246939992e-02
2.009999999999999787e+00 8.316256508335710673e-02
2.019999999999999574e+00 8.291145891574931703e-02
2.029999999999999361e+00 8.265935273385174864e-02
2.039999999999999147e+00 8.240583551648821004e-02
2.049999999999998934e+00 8.215055983132626971e-02
2.059999999999998721e+00 8.189324347830195805e-02
2.069999999999998508e+00 8.163367082448420853e-02
2.079999999999998295e+00 8.137169382406263252e-02
2.089999999999998082e+00 8.110723271863458372e-02
2.099999999999997868e+00 8.084027641447867618e-02
2.109999999999997655e+00 8.057088253503036368e-02
2.119999999999997442e+00 8.029917714831132092e-02
2.129999999999997229e+00 8.002535417060188672e-02
2.139999999999997016e+00 7.974967444917734072e-02
2.149999999999996803e+00 7.947246452844693165e-02
2.159999999999996589e+00 7.919411510533196086e-02
2.169999999999996376e+00 7.891507918118938203e-02
2.179999999999996163e+00 7.863586991902267453e-02
2.189999999999995950e+00 7.835705821611577138e-02
2.199999999999995737e+00 7.807927000357206548e-02
2.209999999999995524e+00 7.780318328553216534e-02
2.219999999999995310e+00 7.752952493207553031e-02
2.229999999999995097e+00 7.725906724097623968e-02
2.239999999999994884e+00 7.699262428457639973e-02
2.249999999999994671e+00 7.673104805905736625e-02
2.259999999999994458e+00 7.647522445432340665e-02
2.269999999999994245e+00 7.622606906356110823e-02
2.279999999999994031e+00 7.598452285229621850e-02
2.289999999999993818e+00 7.575154770743408594e-02
2.299999999999993605e+00 7.552812188733773469e-02
2.309999999999993392e+00 7.531523539446555171e-02
2.319999999999993179e+00 7.511388529245700829e-02
2.329999999999992966e+00 7.492507098981758540e-02
2.339999999999992752e+00 7.474978951251196047e-02
2.349999999999992539e+00 7.458903078782712359e-02
2.359999999999992326e+00 7.444377296181368953e-02
2.369999999999992113e+00 7.431497777245484049e-02
2.379999999999991900e+00 7.420358600044883735e-02
2.389999999999991687e+00 7.411051301912374711e-02
2.399999999999991473e+00 7.403664446453421533e-02
2.409999999999991260e+00 7.398283204622167764e-02
2.419999999999991047e+00 7.394988951845386793e-02
2.429999999999990834e+00 7.393858883100058732e-02
2.439999999999990621e+00 7.394965647765328054e-02
2.449999999999990408e+00 7.398377005976068677e-02
2.459999999999990195e+00 7.404155508103578420e-02
2.469999999999989981e+00 7.412358198879517857e-02
2.479999999999989768e+00 7.423036347562654569e-02
2.489999999999989555e+00 7.436235205424772399e-02
2.499999999999989342e+00 7.451993791702897496e-02
2.509999999999989129e+00 7.470344709030317387e-02
2.519999999999988916e+00 7.491313989219453018e-02
2.529999999999988702e+00 7.514920970126058586e-02
2.539999999999988489e+00 7.541178204177204081e-02
2.549999999999988276e+00 7.570091398995726362e-02
2.559999999999988063e+00 7.601659390402006056e-02
2.569999999999987850e+00 7.635874147920775068e-02
2.579999999999987637e+00 7.672720812766906096e-02
2.589999999999987423e+00 7.712177768130509814e-02
2.599999999999987210e+00 7.754216741428870963e-02
2.609999999999986997e+00 7.798802938041550503e-02
2.619999999999986784e+00 7.845895205896061264e-02
2.629999999999986571e+00 7.895446230125596765e-02
2.639999999999986358e+00 7.947402756878033103e-02
2.649999999999986144e+00 8.001705845217550739e-02
2.659999999999985931e+00 8.058291145927327925e-02
2.669999999999985718e+00 8.117089205894503778e-02
2.679999999999985505e+00 8.178025796637619638e-02
2.689999999999985292e+00 8.241022265422533188e-02
2.699999999999985079e+00 8.305995907305945003e-02
2.709999999999984865e+00 8.372860356346711885e-02
2.719999999999984652e+00 8.441525994134425892e-02
2.729999999999984439e+00 8.511900373702839528e-02
2.739999999999984226e+00 8.583888656822938334e-02
2.749999999999984013e+00 8.657394062607176588e-02
2.759999999999983800e+00 8.732318325302884654e-02
2.769999999999983586e+00 8.808562159109394052e-02
2.779999999999983373e+00 8.886025727820197340e-02
2.789999999999983160e+00 8.964609117068636501e-02
2.799999999999982947e+00 9.044212806943313643e-02
2.809999999999982734e+00 9.124738142737637281e-02
2.819999999999982521e+00 9.206087801606782639e-02
2.829999999999982307e+00 9.288166252924663635e-02
2.839999999999982094e+00 9.370880210163352875e-02
2.849999999999981881e+00 9.454139072157448365e-02
2.859999999999981668e+00 9.537855351666137127e-02
2.869999999999981455e+00 9.621945089205743984e-02
2.879999999999981242e+00 9.706328250195279950e-02
2.889999999999981029e+00 9.790929103536392952e-02
2.899999999999980815e+00 9.875676579836960289e-02
2.909999999999980602e+00 9.960504607583862968e-02
2.919999999999980389e+00 1.004535242567476810e-01
2.929999999999980176e+00 1.013016487083057415e-01
2.939999999999979963e+00 1.021489263852901896e-01
2.949999999999979750e+00 1.029949251622516021e-01
2.959999999999979536e+00 1.038392758775555369e-01
2.969999999999979323e+00 1.046816740795926959e-01
2.979999999999979110e+00 1.055218814668972549e-01
2.989999999999978897e+00 1.063597270153627677e-01
2.994999999999989448e+00 1.067777293613374895e-01
3.000000000000000000e+00 1.071951079961305092e-01
3.009999999999999787e+00 1.080279867852938780e-01
3.019999999999999574e+00 1.088583575664296699e-01
3.029999999999999361e+00 1.096862126521679498e-01
3.039999999999999147e+00 1.105115399349710786e-01
3.049999999999998934e+00 1.113343235135483000e-01
3.059999999999998721e+00 1.121545443372156531e-01
3.069999999999998508e+00 1.129721808651531906e-01
3.079999999999998295e+00 1.137872097374410113e-01
3.089999999999998082e+00 1.145996064547000204e-01
3.099999999999997868e+00 1.154093460631226004e-01
3.109999999999997655e+00 1.162164038416527434e-01
3.119999999999997442e+00 1.170207559880653142e-01
3.129999999999997229e+00 1.178223803006989839e-01
3.139999999999997016e+00 1.186212568526181788e-01
3.149999999999996803e+00 1.194173686550151631e-01
3.159999999999996589e+00 1.202107023067141151e-01
3.169999999999996376e+00 1.210012486267049853e-01
3.179999999999996163e+00 1.217890032667151429e-01
3.189999999999995950e+00 1.225739673009211134e-01
3.199999999999995737e+00 1.233561477900111253e-01
3.209999999999995524e+00 1.241355583169301002e-01
3.219999999999995310e+00 1.249122194917731687e-01
3.229999999999995097e+00 1.256861594234392199e-01
3.239999999999994884e+00 1.264574141558136577e-01
3.249999999999994671e+00 1.272260280664169463e-01
3.259999999999994458e+00 1.279920542256334781e-01
3.269999999999994245e+00 1.287555547148213353e-01
3.279999999999994031e+00 1.295166009017982844e-01
3.289999999999993818e+00 1.302752736724009652e-01
3.299999999999993605e+00 1.310316636170219540e-01
3.309999999999993392e+00 1.317858711712421582e-01
3.319999999999993179e+00 1.325380067098935188e-01
3.329999999999992966e+00 1.332881905941070422e-01
3.339999999999992752e+00 1.340365531711235902e-01
3.349999999999992539e+00 1.347832347268683173e-01
3.359999999999992326e+00 1.355283853915130454e-01
3.369999999999992113e+00 1.362721649984734162e-01
3.379999999999991900e+00 1.370147428975076742e-01
3.389999999999991687e+00 1.377562977228012076e-01
3.399999999999991473e+00 1.384970171171338582e-01
3.409999999999991260e+00 1.392370974134346795e-01
3.419999999999991047e+00 1.399767432752306584e-01
3.429999999999990834e+00 1.407161672976897926e-01
3.439999999999990621e+00 1.414555895711460398e-01
3.449999999999990408e+00 1.421952372091705719e-01
3.459999999999990195e+00 1.429353438434216028e-01
3.469999999999989981e+00 1.436761490876624359e-01
3.479999999999989768e+00 1.444178979734828394e-01
3.489999999999989555e+00 1.451608403603930619e-01
3.499999999999989342e+00 1.459052303230807535e-01
3.509999999999989129e+00 1.466513255187292530e-01
3.519999999999988916e+00 1.473993865373899315e-01
3.529999999999988702e+00 1.481496762384814925e-01
3.539999999999988489e+00 1.489024590765546385e-01
3.549999999999988276e+00 1.496580004195114943e-01
3.559999999999988063e+00 1.504165658625046809e-01
3.569999999999987850e+00 1.511784205407614434e-01
3.579999999999987637e+00 1.519438284445832898e-01
3.589999999999987423e+00 1.527130517397614351e-01
3.599999999999987210e+00 1.534863500966224814e-01
3.609999999999986997e+00 1.542639800308781839e-01
3.619999999999986784e+00 1.550461942593971965e-01
3.629999999999986571e+00 1.558332410739461105e-01
3.639999999999986358e+00 1.566253637358621387e-01
3.649999999999986144e+00 1.574227998945207652e-01
3.659999999999985931e+00 1.582257810323491332e-01
3.669999999999985718e+00 1.590345319390102652e-01
3.679999999999985505e+00 1.598492702172456259e-01
3.689999999999985292e+00 1.606702058227131025e-01
3.699999999999985079e+00 1.614975406399973279e-01
3.709999999999984865e+00 1.623314680967978263e-01
3.719999999999984652e+00 1.631721728181200481e-01
3.729999999999984439e+00 1.640198303221047371e-01
3.739999999999984226e+00 1.648746067589348940e-01
3.749999999999984013e+00 1.657366586940548225e-01
3.759999999999983800e+00 1.666061329367272137e-01
3.769999999999983586e+00 1.674831664147387877e-01
3.779999999999983373e+00 1.683678860958473800e-01
3.789999999999983160e+00 1.692604089563420622e-01
3.799999999999982947e+00 1.701608419968649033e-01
3.809999999999982734e+00 1.710692823054195677e-01
3.819999999999982521e+00 1.719858171672687674e-01
3.829999999999982307e+00 1.729105242212006510e-01
3.839999999999982094e+00 1.738434716614250253e-01
3.849999999999981881e+00 1.747847184841443413e-01
3.859999999999981668e+00 1.757343147776330994e-01
3.869999999999981455e+00 1.766923020544536871e-01
3.879999999999981242e+00 1.776587136242369913e-01
3.889999999999981029e+00 1.786335750052645832e-01
3.899999999999980815e+00 1.796169043729055614e-01
3.909999999999980602e+00 1.806087130427869725e-01
3.919999999999980389e+00 1.816090059864120532e-01
3.929999999999980176e+00 1.826177823767876351e-01
3.939999999999979963e+00 1.836350361614794979e-01
3.949999999999979750e+00 1.846607566603852002e-01
3.959999999999979536e+00 1.856949291853967621e-01
3.969999999999979323e+00 1.867375356790218766e-01
3.979999999999979110e+00 1.877885553689432052e-01
3.989999999999978897e+00 1.888479654354192350e-01
3.999999999999978684e+00 1.899157416905089546e-01
4.009999999999979359e+00 1.909918592526746450e-01
4.019999999999980034e+00 1.920762930672601232e-01
4.029999999999980709e+00 1.931690180196660722e-01
4.039999999999981384e+00 1.942700088958042026e-01
4.049999999999982059e+00 1.953792403410115897e-01
4.059999999999982734e+00 1.964966868253213150e-01
4.069999999999983409e+00 1.976223226152537815e-01
4.079999999999984084e+00 1.987561217522621770e-01
4.089999999999984759e+00 1.998980580379339789e-01
4.099999999999985434e+00 2.010481050260184421e-01
4.109999999999986109e+00 2.022062360213178756e-01
4.119999999999986784e+00 2.033724240854480059e-01
4.129999999999987459e+00 2.045466420494399806e-01
4.139999999999988134e+00 2.057288625331245846e-01
4.149999999999988809e+00 2.069190579712068823e-01
4.159999999999989484e+00 2.081172006459080237e-01
4.169999999999990159e+00 2.093232627260197265e-01
4.179999999999990834e+00 2.105372163121867202e-01
4.189999999999991509e+00 2.117590334882030467e-01
4.199999999999992184e+00 2.129886863780794670e-01
4.209999999999992859e+00 2.142261472086120222e-01
4.219999999999993534e+00 2.154713883771558758e-01
4.229999999999994209e+00 2.167243825242838595e-01
4.239999999999994884e+00 2.179851026109859147e-01
4.249999999999995559e+00 2.192535220000443041e-01
4.259999999999996234e+00 2.205296145411998754e-01
4.269999999999996909e+00 2.218133546597060857e-01
4.279999999999997584e+00 2.231047174478523742e-01
4.289999999999998259e+00 2.244036787590236726e-01
4.299999999999998934e+00 2.257102153038512415e-01
4.309999999999999609e+00 2.270243047479999221e-01
4.320000000000000284e+00 2.283459258111294743e-01
4.330000000000000959e+00 2.296750583665615186e-01
4.340000000000001634e+00 2.310116835411810399e-01
4.350000000000002309e+00 2.323557838150996369e-01
4.360000000000002984e+00 2.337073431206092289e-01
4.370000000000003659e+00 2.350663469399579542e-01
4.380000000000004334e+00 2.364327824014860469e-01
4.390000000000005009e+00 2.378066383736666956e-01
4.400000000000005684e+00 2.391879055566072110e-01
4.410000000000006359e+00 2.405765765705775994e-01
4.420000000000007034e+00 2.419726460411478208e-01
4.430000000000007709e+00 2.433761106805309715e-01
4.440000000000008384e+00 2.447869693647476419e-01
4.450000000000009059e+00 2.462052232062466040e-01
4.460000000000009734e+00 2.476308756216379636e-01
4.470000000000010409e+00 2.490639323942187011e-01
4.480000000000011084e+00 2.505044017309947524e-01
4.490000000000011759e+00 2.519522943139298476e-01
4.500000000000012434e+00 2.534076233451787452e-01
4.510000000000013110e+00 2.548704045860907819e-01
4.520000000000013785e+00 2.563406563897995816e-01
4.530000000000014460e+00 2.578183997272443517e-01
4.540000000000015135e+00 2.593036582064997542e-01
4.550000000000015810e+00 2.607964580853233683e-01
4.560000000000016485e+00 2.622968282768606274e-01
4.570000000000017160e+00 2.638048003484810833e-01
4.580000000000017835e+00 2.653204085137506607e-01
4.590000000000018510e+00 2.668436896175787054e-01
4.600000000000019185e+00 2.683746831146092693e-01
4.610000000000019860e+00 2.699134310409597171e-01
4.620000000000020535e+00 2.714599779794393264e-01
4.630000000000021210e+00 2.730143710184135264e-01
4.640000000000021885e+00 2.745766597045072865e-01
4.650000000000022560e+00 2.761468959893720876e-01
4.660000000000023235e+00 2.777251341707681620e-01
4.670000000000023910e+00 2.793114308282404479e-01
4.680000000000024585e+00 2.809058447536925684e-01
4.690000000000025260e+00 2.825084368771876298e-01
4.700000000000025935e+00 2.841192701883263338e-01
4.710000000000026610e+00 2.857384096535744433e-01
4.720000000000027285e+00 2.873659221299308397e-01
4.730000000000027960e+00 2.890018762753443493e-01
4.740000000000028635e+00 2.906463424563032194e-01
4.750000000000029310e+00 2.922993926530340625e-01
4.760000000000029985e+00 2.939611003627591312e-01
4.770000000000030660e+00 2.956315405014694475e-01
4.780000000000031335e+00 2.973107893046778583e-01
4.790000000000032010e+00 2.989989242276223647e-01
4.800000000000032685e+00 3.006960238453910694e-01
4.810000000000033360e+00 3.024021677534416419e-01
4.820000000000034035e+00 3.041174364689854803e-01
4.830000000000034710e+00 3.058419113337032536e-01
4.840000000000035385e+00 3.075756744182521207e-01
4.850000000000036060e+00 3.093188084290159345e-01
4.860000000000036735e+00 3.110713966175400191e-01
4.870000000000037410e+00 3.128335226930785140e-01
4.880000000000038085e+00 3.146052707386681191e-01
4.890000000000038760e+00 3.163867251311251461e-01
4.900000000000039435e+00 3.181779704653444618e-01
4.910000000000040110e+00 3.199790914832583710e-01
4.920000000000040785e+00 3.217901730077912248e-01
4.930000000000041460e+00 3.236112998821225051e-01
4.940000000000042135e+00 3.254425569145454333e-01
4.950000000000042810e+00 3.272840288291821720e-01
4.960000000000043485e+00 3.291358002227884327e-01
4.970000000000044160e+00 3.309979555278521612e-01
4.980000000000044835e+00 3.328705789821605476e-01
4.990000000000021529e+00 3.347537546049753066e-01
5.000000000000000000e+00 3.366475661799593899e-01
