-1.000010000000000066e+00 6.896551724137946204e-02
-1.000000000000000000e+00 6.896551724137944817e-02
-9.899999999999999911e-01 6.896551724137944817e-02
-9.799999999999999822e-01 6.896551724137944817e-02
-9.699999999999999734e-01 6.896551724137944817e-02
-9.599999999999999645e-01 6.896551724137944817e-02
-9.499999999999999556e-01 6.896551724137944817e-02
-9.399999999999999467e-01 6.896551724137944817e-02
-9.299999999999999378e-01 6.896551724137946204e-02
-9.200000000000000400e-01 6.896551724137944817e-02
-9.100000000000000311e-01 6.896551724137946204e-02
-9.000000000000000222e-01 6.896551724137944817e-02
-8.900000000000000133e-01 6.896551724137944817e-02
-8.800000000000000044e-01 6.896551724137944817e-02
-8.699999999999999956e-01 6.896551724137943429e-02
-8.599999999999999867e-01 6.896551724137943429e-02
-8.499999999999999778e-01 6.896551724137943429e-02
-8.399999999999999689e-01 6.896551724137946204e-02
-8.299999999999999600e-01 6.896551724137944817e-02
-8.200000000000000622e-01 6.896551724137946204e-02
-8.100000000000000533e-01 6.896551724137944817e-02
-8.000000000000000444e-01 6.896551724137946204e-02
-7.900000000000000355e-01 6.896551724137946204e-02
-7.800000000000000266e-01 6.896551724137944817e-02
-7.700000000000000178e-01 6.896551724137944817e-02
-7.600000000000000089e-01 6.896551724137944817e-02
-7.500000000000000000e-01 6.896551724137944817e-02
-7.399999999999999911e-01 6.896551724137944817e-02
-7.299999999999999822e-01 6.896551724137944817e-02
-7.199999999999999734e-01 6.896551724137944817e-02
-7.099999999999999645e-01 6.896551724137944817e-02
-6.999999999999999556e-01 6.896551724137944817e-02
-6.899999999999999467e-01 6.896551724137944817e-02
-6.799999999999999378e-01 6.896551724137944817e-02
-6.699999999999999289e-01 6.896551724137944817e-02
-6.599999999999999201e-01 6.896551724137943429e-02
-6.499999999999999112e-01 6.896551724137943429e-02
-6.400000000000000133e-01 6.896551724137946204e-02
-6.300000000000000044e-01 6.896551724137944817e-02
-6.199999999999999956e-01 6.896551724137946204e-02
-6.099999999999999867e-01 6.896551724137944817e-02
-5.999999999999999778e-01 6.896551724137943429e-02
-5.899999999999999689e-01 6.896551724137943429e-02
-5.800000000000000711e-01 6.896551724137946204e-02
-5.700000000000000622e-01 6.896551724137944817e-02
-5.600000000000000533e-01 6.896551724137946204e-02
-5.500000000000000444e-01 6.896551724137944817e-02
-5.400000000000000355e-01 6.896551724137944817e-02
-5.300000000000000266e-01 6.896551724137944817e-02
-5.200000000000000178e-01 6.896551724137944817e-02
-5.100000000000000089e-01 6.896551724137944817e-02
-5.000000000000000000e-01 6.896551724137944817e-02
-4.899999999999999911e-01 6.896551724137944817e-02
-4.799999999999999822e-01 6.896551724137944817e-02
-4.699999999999999734e-01 6.896551724137944817e-02
-4.599999999999999645e-01 6.896551724137944817e-02
-4.499999999999999556e-01 6.896551724137944817e-02
-4.399999999999999467e-01 6.896551724137943429e-02
-4.299999999999999378e-01 6.896551724137943429e-02
-4.200000000000000400e-01 6.896551724137946204e-02
-4.100000000000000311e-01 6.896551724137944817e-02
-4.000000000000000222e-01 6.896551724137946204e-02
-3.900000000000000133e-01 6.896551724137944817e-02
-3.800000000000000044e-01 6.896551724137944817e-02
-3.699999999999999956e-01 6.896551724137944817e-02
-3.599999999999999867e-01 6.896551724137944817e-02
-3.499999999999999778e-01 6.896551724137944817e-02
-3.399999999999999689e-01 6.896551724137944817e-02
-3.299999999999999600e-01 6.896551724137944817e-02
-3.199999999999999512e-01 6.896551724137944817e-02
-3.099999999999999423e-01 6.896551724137943429e-02
-2.999999999999999334e-01 6.896551724137943429e-02
-2.900000000000000355e-01 6.896551724137946204e-02
-2.800000000000000266e-01 6.896551724137944817e-02
-2.700000000000000178e-01 6.896551724137946204e-02
-2.600000000000000089e-01 6.896551724137944817e-02
-2.500000000000000000e-01 6.896551724137944817e-02
-2.399999999999999911e-01 6.896551724137944817e-02
-2.299999999999999822e-01 6.896551724137944817e-02
-2.199999999999999734e-01 6.896551724137944817e-02
-2.099999999999999645e-01 6.896551724137944817e-02
-1.999999999999999556e-01 6.896551724137944817e-02
-1.899999999999999467e-01 6.896551724137944817e-02
-1.799999999999999378e-01 6.896551724137943429e-02
-1.699999999999999289e-01 6.896551724137943429e-02
-1.600000000000000311e-01 6.896551724137946204e-02
-1.500000000000000222e-01 6.896551724137944817e-02
-1.400000000000000133e-01 6.896551724137946204e-02
-1.300000000000000044e-01 6.896551724137946204e-02
-1.199999999999999956e-01 6.896551724137944817e-02
-1.099999999999999867e-01 6.896551724137944817e-02
-9.999999999999997780e-02 6.896551724137944817e-02
-8.999999999999996891e-02 6.896551724137944817e-02
-7.999999999999996003e-02 6.896551724137944817e-02
-6.999999999999995115e-02 6.896551724137944817e-02
-5.999999999999994227e-02 6.896551724137943429e-02
-4.999999999999993339e-02 6.896551724137944817e-02
-4.000000000000003553e-02 6.896551724137946204e-02
-3.000000000000002665e-02 6.896551724137946204e-02
-2.000000000000001776e-02 6.896551724137946204e-02
-1.000000000000000888e-02 6.896551724137944817e-02
0.000000000000000000e+00 6.896551724137944817e-02
9.999999999999999547e-07 6.896558620689668961e-02
1.000100000000000121e-02 6.965524137931047854e-02
2.000099999999999795e-02 7.034489655172426747e-02
3.000099999999999642e-02 7.103455172413805641e-02
4.000100000000000183e-02 7.172420689655184534e-02
5.000100000000000378e-02 7.241386206896563427e-02
6.000100000000000572e-02 7.310351724137942320e-02
7.000100000000000766e-02 7.379317241379321213e-02
8.000100000000001654e-02 7.448282758620700106e-02
9.000100000000002542e-02 7.517248275862078999e-02
1.000010000000000343e-01 7.586213793103457892e-02
1.100010000000000432e-01 7.655179310344836785e-02
1.200010000000000521e-01 7.724144827586215678e-02
1.300010000000000610e-01 7.793110344827594571e-02
1.400010000000000698e-01 7.862075862068973464e-02
1.500010000000000787e-01 7.931041379310352357e-02
1.600010000000000876e-01 8.000006896551731250e-02
1.700010000000000965e-01 8.068972413793110143e-02
1.800010000000001054e-01 8.137937931034489036e-02
1.900010000000001142e-01 8.206903448275867929e-02
2.000010000000001231e-01 8.275868965517246822e-02
2.100010000000001320e-01 8.344834482758625716e-02
2.200010000000001409e-01 8.413800000000004609e-02
2.300010000000001498e-01 8.482765517241383502e-02
2.400010000000001587e-01 8.551731034482762395e-02
2.500010000000001398e-01 8.620696551724141288e-02
2.600010000000001487e-01 8.689662068965520181e-02
2.700010000000001575e-01 8.758627586206899074e-02
2.800010000000001664e-01 8.827593103448277967e-02
2.900010000000001753e-01 8.896558620689656860e-02
3.000010000000001842e-01 8.965524137931035753e-02
3.100010000000001931e-01 9.034489655172414646e-02
3.200010000000002020e-01 9.103455172413793539e-02
3.300010000000002108e-01 9.172420689655172432e-02
3.400010000000002197e-01 9.241386206896551325e-02
3.500010000000002286e-01 9.310351724137930218e-02
3.600010000000002375e-01 9.379317241379309111e-02
3.700010000000002464e-01 9.448282758620688004e-02
3.800010000000002552e-01 9.517248275862066897e-02
3.900010000000002641e-01 9.586213793103445790e-02
4.000010000000002730e-01 9.655179310344824684e-02
4.100010000000002819e-01 9.724144827586203577e-02
4.200010000000002908e-01 9.793110344827582470e-02
4.300010000000002997e-01 9.862075862068961363e-02
4.400010000000003085e-01 9.931041379310340256e-02
4.500010000000003174e-01 1.000000689655171915e-01
4.600010000000003263e-01 1.006897241379309804e-01
4.700010000000003352e-01 1.013793793103447693e-01
4.800010000000003441e-01 1.020690344827585583e-01
4.900010000000003529e-01 1.027586896551723472e-01
5.000010000000003618e-01 1.034483448275861361e-01
5.100010000000002597e-01 1.041379999999999251e-01
5.200010000000001575e-01 1.048276551724137140e-01
5.300010000000000554e-01 1.055173103448275029e-01
5.400009999999999533e-01 1.062069655172412919e-01
5.500009999999998511e-01 1.068966206896550808e-01
5.600009999999997490e-01 1.075862758620688697e-01
5.700009999999996468e-01 1.082759310344826587e-01
5.800009999999995447e-01 1.089655862068964476e-01
5.900009999999994426e-01 1.096552413793102365e-01
6.000009999999993404e-01 1.103448965517240254e-01
6.100009999999992383e-01 1.110345517241378144e-01
6.200009999999991361e-01 1.117242068965516033e-01
6.300009999999990340e-01 1.124138620689653922e-01
6.400009999999989319e-01 1.131035172413791812e-01
6.500009999999988297e-01 1.137931724137929701e-01
6.600009999999987276e-01 1.144828275862067590e-01
6.700009999999986254e-01 1.151724827586205480e-01
6.800009999999985233e-01 1.158621379310343369e-01
6.900009999999984212e-01 1.165517931034481258e-01
7.000009999999983190e-01 1.172414482758619148e-01
7.100009999999982169e-01 1.179311034482757037e-01
7.200009999999981147e-01 1.186207586206894926e-01
7.300009999999980126e-01 1.193104137931032815e-01
7.400009999999979105e-01 1.200000689655170705e-01
7.500009999999978083e-01 1.206897241379308594e-01
7.600009999999977062e-01 1.213793793103446483e-01
7.700009999999976040e-01 1.220690344827584373e-01
7.800009999999975019e-01 1.227586896551722262e-01
7.900009999999973997e-01 1.234483448275860151e-01
8.000009999999972976e-01 1.241379999999998041e-01
8.100009999999971955e-01 1.248276551724135930e-01
8.200009999999970933e-01 1.255173103448273819e-01
8.300009999999969912e-01 1.262069655172411708e-01
8.400009999999968890e-01 1.268966206896549598e-01
8.500009999999967869e-01 1.275862758620687487e-01
8.600009999999966848e-01 1.282759310344825376e-01
8.700009999999965826e-01 1.289655862068963266e-01
8.800009999999964805e-01 1.296552413793101155e-01
8.900009999999963783e-01 1.303448965517239044e-01
9.000009999999962762e-01 1.310345517241376934e-01
9.100009999999961741e-01 1.317242068965514823e-01
9.200009999999960719e-01 1.324138620689652712e-01
9.300009999999959698e-01 1.331035172413790602e-01
9.400009999999958676e-01 1.337931724137928491e-01
9.500009999999957655e-01 1.344828275862066380e-01
9.600009999999956634e-01 1.351724827586204269e-01
9.700009999999955612e-01 1.358621379310342159e-01
9.800009999999954591e-01 1.365517931034480048e-01
9.900004999999978406e-01 1.372414137931033395e-01
1.000000000000000000e+00 1.379310344827586743e-01
1.009999999999999787e+00 1.386241379310345356e-01
1.019999999999999574e+00 1.393241379310345418e-01
1.029999999999999361e+00 1.400310344827586928e-01
1.039999999999999147e+00 1.407448275862069609e-01
1.049999999999998934e+00 1.414655172413793738e-01
1.059999999999998721e+00 1.421931034482759315e-01
1.069999999999998508e+00 1.429275862068966341e-01
1.079999999999998295e+00 1.436689655172414537e-01
1.089999999999998082e+00 1.444172413793104182e-01
1.099999999999997868e+00 1.451724137931035274e-01
1.109999999999997655e+00 1.459344827586207816e-01
1.119999999999997442e+00 1.467034482758621527e-01
1.129999999999997229e+00 1.474793103448276688e-01
1.139999999999997016e+00 1.482620689655173296e-01
1.149999999999996803e+00 1.490517241379311075e-01
1.159999999999996589e+00 1.498482758620690303e-01
1.169999999999996376e+00 1.506517241379310978e-01
1.179999999999996163e+00 1.514620689655173102e-01
1.189999999999995950e+00 1.522793103448276397e-01
1.199999999999995737e+00 1.531034482758621140e-01
1.209999999999995524e+00 1.539344827586207332e-01
1.219999999999995310e+00 1.547724137931034971e-01
1.229999999999995097e+00 1.556172413793103781e-01
1.239999999999994884e+00 1.564689655172414040e-01
1.249999999999994671e+00 1.573275862068965747e-01
1.259999999999994458e+00 1.581931034482758902e-01
1.269999999999994245e+00 1.590655172413793228e-01
1.279999999999994031e+00 1.599448275862069002e-01
1.289999999999993818e+00 1.608310344827586225e-01
1.299999999999993605e+00 1.617241379310344895e-01
1.309999999999993392e+00 1.626241379310344737e-01
1.319999999999993179e+00 1.635310344827586027e-01
1.329999999999992966e+00 1.644448275862068765e-01
1.339999999999992752e+00 1.653655172413792951e-01
1.349999999999992539e+00 1.662931034482758308e-01
1.359999999999992326e+00 1.672275862068965113e-01
1.369999999999992113e+00 1.681689655172413367e-01
1.379999999999991900e+00 1.691172413793103069e-01
1.389999999999991687e+00 1.700724137931033941e-01
1.399999999999991473e+00 1.710344827586206262e-01
1.409999999999991260e+00 1.720034482758620031e-01
1.419999999999991047e+00 1.729793103448275249e-01
1.429999999999990834e+00 1.739620689655171637e-01
1.439999999999990621e+00 1.749517241379309473e-01
1.449999999999990408e+00 1.759482758620688758e-01
1.459999999999990195e+00 1.769517241379309491e-01
1.469999999999989981e+00 1.779620689655171395e-01
1.479999999999989768e+00 1.789793103448274747e-01
1.489999999999989555e+00 1.800034482758619547e-01
1.499999999999989342e+00 1.810344827586205796e-01
1.509999999999989129e+00 1.820724137931033215e-01
1.519999999999988916e+00 1.831172413793102083e-01
1.529999999999988702e+00 1.841689655172412399e-01
1.539999999999988489e+00 1.852275862068964163e-01
1.549999999999988276e+00 1.862931034482757098e-01
1.559999999999988063e+00 1.873655172413791481e-01
1.569999999999987850e+00 1.884448275862067312e-01
1.579999999999987637e+00 1.895310344827584592e-01
1.589999999999987423e+00 1.906241379310343043e-01
1.599999999999987210e+00 1.917241379310342941e-01
1.609999999999986997e+00 1.928310344827584288e-01
1.619999999999986784e+00 1.939448275862067084e-01
1.629999999999986571e+00 1.950655172413791050e-01
1.639999999999986358e+00 1.961931034482756464e-01
1.649999999999986144e+00 1.973275862068963327e-01
1.659999999999985931e+00 1.984689655172411638e-01
1.669999999999985718e+00 1.996172413793101119e-01
1.679999999999985505e+00 2.007724137931032049e-01
1.689999999999985292e+00 2.019344827586204427e-01
1.699999999999985079e+00 2.031034482758617976e-01
1.709999999999984865e+00 2.042793103448272973e-01
1.719999999999984652e+00 2.054620689655169419e-01
1.729999999999984439e+00 2.066517241379307313e-01
1.739999999999984226e+00 2.078482758620686655e-01
1.749999999999984013e+00 2.090517241379307167e-01
1.759999999999983800e+00 2.102620689655169128e-01
1.769999999999983586e+00 2.114793103448272538e-01
1.779999999999983373e+00 2.127034482758617118e-01
1.789999999999983160e+00 2.139344827586203146e-01
1.799999999999982947e+00 2.151724137931030623e-01
1.809999999999982734e+00 2.164172413793099548e-01
1.819999999999982521e+00 2.176689655172409643e-01
1.829999999999982307e+00 2.189275862068961187e-01
1.839999999999982094e+00 2.201931034482754179e-01
1.849999999999981881e+00 2.214655172413788620e-01
1.859999999999981668e+00 2.227448275862064231e-01
1.869999999999981455e+00 2.240310344827581290e-01
1.879999999999981242e+00 2.253241379310339798e-01
1.889999999999981029e+00 2.266241379310339754e-01
1.899999999999980815e+00 2.279310344827580881e-01
1.909999999999980602e+00 2.292448275862063456e-01
1.919999999999980389e+00 2.305655172413787479e-01
1.929999999999980176e+00 2.318931034482752951e-01
1.939999999999979963e+00 2.332275862068959593e-01
1.949999999999979750e+00 2.345689655172407684e-01
1.959999999999979536e+00 2.359172413793097223e-01
1.969999999999979323e+00 2.372724137931028210e-01
1.979999999999979110e+00 2.386344827586200368e-01
1.989999999999978897e+00 2.400034482758613974e-01
1.994999999999989448e+00 2.406905172413800753e-01
2.000000000000000000e+00 2.413793103448297894e-01
2.009999999999999787e+00 2.427620804597723225e-01
2.019999999999999574e+00 2.441518160919562419e-01
2.029999999999999361e+00 2.455485862068987613e-01
2.039999999999999147e+00 2.469524597701171498e-01
2.049999999999998934e+00 2.483635057471286489e-01
2.059999999999998721e+00 2.497817931034505001e-01
2.069999999999998508e+00 2.512073908045999171e-01
2.079999999999998295e+00 2.526403678160941690e-01
2.089999999999998082e+00 2.540807931034504974e-01
2.099999999999997868e+00 2.555287356321861436e-01
2.109999999999997655e+00 2.569842643678183491e-01
2.119999999999997442e+00 2.584474482758642999e-01
2.129999999999997229e+00 2.599183563218412929e-01
2.139999999999997016e+00 2.613970574712665695e-01
2.149999999999996803e+00 2.628836206896573713e-01
2.159999999999996589e+00 2.643781149425309396e-01
2.169999999999996376e+00 2.658806091954045159e-01
2.179999999999996163e+00 2.673911724137953416e-01
2.189999999999995950e+00 2.689098735632206028e-01
2.199999999999995737e+00 2.704367816091975962e-01
2.209999999999995524e+00 2.719719655172435635e-01
2.219999999999995310e+00 2.735154942528757460e-01
2.229999999999995097e+00 2.750674367816113852e-01
2.239999999999994884e+00 2.766278620689677226e-01
2.249999999999994671e+00 2.781968390804619995e-01
2.259999999999994458e+00 2.797744367816114019e-01
2.269999999999994245e+00 2.813607241379332269e-01
2.279999999999994031e+00 2.829557701149447158e-01
2.289999999999993818e+00 2.845596436781631100e-01
2.299999999999993605e+00 2.861724137931056511e-01
2.309999999999993392e+00 2.877941494252895804e-01
2.319999999999993179e+00 2.894249195402320840e-01
2.329999999999992966e+00 2.910647931034504587e-01
2.339999999999992752e+00 2.927138390804619461e-01
2.349999999999992539e+00 2.943721264367837875e-01
2.359999999999992326e+00 2.960397241379332245e-01
2.369999999999992113e+00 2.977167011494274984e-01
2.379999999999991900e+00 2.994031264367837952e-01
2.389999999999991687e+00 3.010990689655194119e-01
2.399999999999991473e+00 3.028045977011515899e-01
2.409999999999991260e+00 3.045197816091975707e-01
2.419999999999991047e+00 3.062446896551745956e-01
2.429999999999990834e+00 3.079793908045999062e-01
2.439999999999990621e+00 3.097239540229906885e-01
2.449999999999990408e+00 3.114784482758642392e-01
2.459999999999990195e+00 3.132429425287378000e-01
2.469999999999989981e+00 3.150175057471286122e-01
2.479999999999989768e+00 3.168022068965539173e-01
2.489999999999989555e+00 3.185971149425309012e-01
2.499999999999989342e+00 3.204022988505768610e-01
2.509999999999989129e+00 3.222178275862090380e-01
2.519999999999988916e+00 3.240437701149446736e-01
2.529999999999988702e+00 3.258801954023010095e-01
2.539999999999988489e+00 3.277271724137952869e-01
2.549999999999988276e+00 3.295847701149446918e-01
2.559999999999988063e+00 3.314530574712665212e-01
2.569999999999987850e+00 3.333321034482780165e-01
2.579999999999987637e+00 3.352219770114964192e-01
2.589999999999987423e+00 3.371227471264389708e-01
2.599999999999987210e+00 3.390344827586228571e-01
2.609999999999986997e+00 3.409572528735653751e-01
2.619999999999986784e+00 3.428911264367837664e-01
2.629999999999986571e+00 3.448361724137952722e-01
2.639999999999986358e+00 3.467924597701171341e-01
2.649999999999986144e+00 3.487600574712665380e-01
2.659999999999985931e+00 3.507390344827607809e-01
2.669999999999985718e+00 3.527294597701171042e-01
2.679999999999985505e+00 3.547314022988527493e-01
2.689999999999985292e+00 3.567449310344849578e-01
2.699999999999985079e+00 3.587701149425309155e-01
2.709999999999984865e+00 3.608070229885079194e-01
2.719999999999984652e+00 3.628557241379332110e-01
2.729999999999984439e+00 3.649162873563240317e-01
2.739999999999984226e+00 3.669887816091975674e-01
2.749999999999984013e+00 3.690732758620711151e-01
2.759999999999983800e+00 3.711698390804619163e-01
2.769999999999983586e+00 3.732785402298872124e-01
2.779999999999983373e+00 3.753994482758642448e-01
2.789999999999983160e+00 3.775326321839101995e-01
2.799999999999982947e+00 3.796781609195423735e-01
2.809999999999982734e+00 3.818361034482780081e-01
2.819999999999982521e+00 3.840065287356343449e-01
2.829999999999982307e+00 3.861895057471285697e-01
2.839999999999982094e+00 3.883851034482779796e-01
2.849999999999981881e+00 3.905933908045998160e-01
2.859999999999981668e+00 3.928144367816113203e-01
2.869999999999981455e+00 3.950483103448296784e-01
2.879999999999981242e+00 3.972950804597721874e-01
2.889999999999981029e+00 3.995548160919560887e-01
2.899999999999980815e+00 4.018275862068986237e-01
2.909999999999980602e+00 4.041134597701170339e-01
2.919999999999980389e+00 4.064125057471285052e-01
2.929999999999980176e+00 4.087247931034503345e-01
2.939999999999979963e+00 4.110503908045997634e-01
2.949999999999979750e+00 4.133893678160940333e-01
2.959999999999979536e+00 4.157417931034503300e-01
2.969999999999979323e+00 4.181077356321859506e-01
2.979999999999979110e+00 4.204872643678181365e-01
2.989999999999978897e+00 4.228804482758641292e-01
2.994999999999989448e+00 4.240821824712689425e-01
3.000000000000000000e+00 4.252873563218462216e-01
3.009999999999999787e+00 4.277080574976125371e-01
3.019999999999999574e+00 4.301426211446431891e-01
3.029999999999999361e+00 4.325911172629382517e-01
3.039999999999999147e+00 4.350536165421528545e-01
3.049999999999998934e+00 4.375301903615973487e-01
3.059999999999998721e+00 4.400209107902371963e-01
3.069999999999998508e+00 4.425258505866931369e-01
3.079999999999998295e+00 4.450450831992410761e-01
3.089999999999998082e+00 4.475786827658119749e-01
3.099999999999997868e+00 4.501267241139920716e-01
3.109999999999997655e+00 4.526892827610227710e-01
3.119999999999997442e+00 4.552664349138005884e-01
3.129999999999997229e+00 4.578582574688772611e-01
3.139999999999997016e+00 4.604648280124596371e-01
3.149999999999996803e+00 4.630862248204098419e-01
3.159999999999996589e+00 4.657225268582451116e-01
3.169999999999996376e+00 4.683738137811378488e-01
3.179999999999996163e+00 4.710401659339156222e-01
3.189999999999995950e+00 4.737216643510612224e-01
3.199999999999995737e+00 4.764183907567126064e-01
3.209999999999995524e+00 4.791304275646628419e-01
3.219999999999995310e+00 4.818578578783601629e-01
3.229999999999995097e+00 4.846007654909080808e-01
3.239999999999994884e+00 4.873592348850652178e-01
3.249999999999994671e+00 4.901333512332453068e-01
3.259999999999994458e+00 4.929232003975173582e-01
3.269999999999994245e+00 4.957288689296054929e-01
3.279999999999994031e+00 4.985504440708890539e-01
3.289999999999993818e+00 5.013880137524024949e-01
3.299999999999993605e+00 5.042416665948354915e-01
3.309999999999993392e+00 5.071114919085328854e-01
3.319999999999993179e+00 5.099975796934945738e-01
3.329999999999992966e+00 5.129000206393757866e-01
3.339999999999992752e+00 5.158189061254868646e-01
3.349999999999992539e+00 5.187543282207933704e-01
3.359999999999992326e+00 5.217063796839159773e-01
3.369999999999992113e+00 5.246751539631305805e-01
3.379999999999991900e+00 5.276607451963681861e-01
3.389999999999991687e+00 5.306632482112149107e-01
3.399999999999991473e+00 5.336827585249122041e-01
3.409999999999991260e+00 5.367193723443566267e-01
3.419999999999991047e+00 5.397731865660999606e-01
3.429999999999990834e+00 5.428442987763489880e-01
3.439999999999990621e+00 5.459328072509658236e-01
3.449999999999990408e+00 5.490388109554678042e-01
3.459999999999990195e+00 5.521624095450272662e-01
3.469999999999989981e+00 5.553037033644717679e-01
3.479999999999989768e+00 5.584627934482840894e-01
3.489999999999989555e+00 5.616397815206021216e-01
3.499999999999989342e+00 5.648347699952189771e-01
3.509999999999989129e+00 5.680478619755829905e-01
3.519999999999988916e+00 5.712791612547976072e-01
3.529999999999988702e+00 5.745287723156213833e-01
3.539999999999988489e+00 5.777968003304680966e-01
3.549999999999988276e+00 5.810833511614068581e-01
3.559999999999988063e+00 5.843885313601616671e-01
3.569999999999987850e+00 5.877124481681118562e-01
3.579999999999987637e+00 5.910552095162919795e-01
3.589999999999987423e+00 5.944169240253915909e-01
3.599999999999987210e+00 5.977977010057555773e-01
3.609999999999986997e+00 6.011976504573839364e-01
3.619999999999986784e+00 6.046168830699318875e-01
3.629999999999986571e+00 6.080555102227096498e-01
3.639999999999986358e+00 6.115136439846828864e-01
3.649999999999986144e+00 6.149913971144721492e-01
3.659999999999985931e+00 6.184888830603534338e-01
3.669999999999985718e+00 6.220062159602576246e-01
3.679999999999985505e+00 6.255435106417710500e-01
3.689999999999985292e+00 6.291008826221350381e-01
3.699999999999985079e+00 6.326784481082461387e-01
3.709999999999984865e+00 6.362763239966561235e-01
3.719999999999984652e+00 6.398946278735718751e-01
3.729999999999984439e+00 6.435334780148553868e-01
3.739999999999984226e+00 6.471929933860239847e-01
3.749999999999984013e+00 6.508732936422501059e-01
3.759999999999983800e+00 6.545744991283611869e-01
3.769999999999983586e+00 6.582967308788401084e-01
3.779999999999983373e+00 6.620401106178247508e-01
3.789999999999983160e+00 6.658047607591083272e-01
3.799999999999982947e+00 6.695908044061390507e-01
3.809999999999982734e+00 6.733983653520202450e-01
3.819999999999982521e+00 6.772275680795106778e-01
3.829999999999982307e+00 6.810785377610241165e-01
3.839999999999982094e+00 6.849514002586295502e-01
3.849999999999981881e+00 6.888462821240510792e-01
3.859999999999981668e+00 6.927633105986679141e-01
3.869999999999981455e+00 6.967026136135147096e-01
3.879999999999981242e+00 7.006643197892810093e-01
3.889999999999981029e+00 7.046485584363116894e-01
3.899999999999980815e+00 7.086554595546067370e-01
3.909999999999980602e+00 7.126851538338213610e-01
3.919999999999980389e+00 7.167377726532658810e-01
3.929999999999980176e+00 7.208134480819057277e-01
3.939999999999979963e+00 7.249123128783616643e-01
3.949999999999979750e+00 7.290345004909095650e-01
3.959999999999979536e+00 7.331801450574804146e-01
3.969999999999979323e+00 7.373493814056605311e-01
3.979999999999979110e+00 7.415423450526912319e-01
3.989999999999978897e+00 7.457591722054690564e-01
3.999999999999978684e+00 7.499999997605456548e-01
4.009999999999979359e+00 7.542649653041509916e-01
4.019999999999980034e+00 7.585542071138003939e-01
4.029999999999980709e+00 7.628678641636318369e-01
4.039999999999981384e+00 7.672060761312314847e-01
4.049999999999982059e+00 7.715689834045302842e-01
4.059999999999982734e+00 7.759567270887007817e-01
4.069999999999983409e+00 7.803694490130532735e-01
4.079999999999984084e+00 7.848072917379326219e-01
4.089999999999984759e+00 7.892703985616146278e-01
4.099999999999985434e+00 7.937589135272027363e-01
4.109999999999986109e+00 7.982729814295246307e-01
4.119999999999986784e+00 8.028127478220284940e-01
4.129999999999987459e+00 8.073783590236798258e-01
4.139999999999988134e+00 8.119699621258580358e-01
4.149999999999988809e+00 8.165877049992527059e-01
4.159999999999989484e+00 8.212317363007604065e-01
4.169999999999990159e+00 8.259022054803810686e-01
4.179999999999990834e+00 8.305992627881148005e-01
4.189999999999991509e+00 8.353230592808581489e-01
4.199999999999992184e+00 8.400737468293006938e-01
4.209999999999992859e+00 8.448514781248217531e-01
4.219999999999993534e+00 8.496564066863868669e-01
4.229999999999994209e+00 8.544886868674443914e-01
4.239999999999994884e+00 8.593484738628218711e-01
4.249999999999995559e+00 8.642359237156226337e-01
4.259999999999996234e+00 8.691511933241227172e-01
4.269999999999996909e+00 8.740944404486667985e-01
4.279999999999997584e+00 8.790658237185653423e-01
4.289999999999998259e+00 8.840655026389906412e-01
4.299999999999998934e+00 8.890936375978738537e-01
4.309999999999999609e+00 8.941503898728011546e-01
4.320000000000000284e+00 8.992359216379104403e-01
4.330000000000000959e+00 9.043503959707879236e-01
4.340000000000001634e+00 9.094939768593646168e-01
4.350000000000002309e+00 9.146668292088129260e-01
4.360000000000002984e+00 9.198691188484432457e-01
4.370000000000003659e+00 9.251010125386004423e-01
4.380000000000004334e+00 9.303626779775603373e-01
4.390000000000005009e+00 9.356542838084263014e-01
4.400000000000005684e+00 9.409759996260259607e-01
4.410000000000006359e+00 9.463279959838076794e-01
4.420000000000007034e+00 9.517104444007369324e-01
4.430000000000007709e+00 9.571235173681930108e-01
4.440000000000008384e+00 9.625673883568655054e-01
4.450000000000009059e+00 9.680422318236510115e-01
4.460000000000009734e+00 9.735482232185496132e-01
4.470000000000010409e+00 9.790855389915612550e-01
4.480000000000011084e+00 9.846543565995824476e-01
4.490000000000011759e+00 9.902548545133028624e-01
4.500000000000012434e+00 9.958872122241018143e-01
4.510000000000013110e+00 1.001551610250944746e+00
4.520000000000013785e+00 1.007248230147280044e+00
4.530000000000014460e+00 1.012977254507935410e+00
4.540000000000015135e+00 1.018738866976014013e+00
4.550000000000015810e+00 1.024533252249791859e+00
4.560000000000016485e+00 1.030360596089613834e+00
4.570000000000017160e+00 1.036221085324790181e+00
4.580000000000017835e+00 1.042114907860493433e+00
4.590000000000018510e+00 1.048042252684654452e+00
4.600000000000019185e+00 1.054003309874859573e+00
4.610000000000019860e+00 1.059998270605246651e+00
4.620000000000020535e+00 1.066027327153401982e+00
4.630000000000021210e+00 1.072090672907256570e+00
4.640000000000021885e+00 1.078188502371982826e+00
4.650000000000022560e+00 1.084321011176891059e+00
4.660000000000023235e+00 1.090488396082326172e+00
4.670000000000023910e+00 1.096690854986563934e+00
4.680000000000024585e+00 1.102928586932707899e+00
4.690000000000025260e+00 1.109201792115585450e+00
4.700000000000025935e+00 1.115510671888644945e+00
4.710000000000026610e+00 1.121855428770851981e+00
4.720000000000027285e+00 1.128236266453585879e+00
4.730000000000027960e+00 1.134653389807536383e+00
4.740000000000028635e+00 1.141107004889599708e+00
4.750000000000029310e+00 1.147597318949776124e+00
4.760000000000029985e+00 1.154124540438065560e+00
4.770000000000030660e+00 1.160688879011364527e+00
4.780000000000031335e+00 1.167290545540362823e+00
4.790000000000032010e+00 1.173929752116439573e+00
4.800000000000032685e+00 1.180606712058560603e+00
4.810000000000033360e+00 1.187321639920173810e+00
4.820000000000034035e+00 1.194074751496106979e+00
4.830000000000034710e+00 1.200866263829463598e+00
4.840000000000035385e+00 1.207696395218519347e+00
4.850000000000036060e+00 1.214565365223619242e+00
4.860000000000036735e+00 1.221473394674073454e+00
4.870000000000037410e+00 1.228420705675054458e+00
4.880000000000038085e+00 1.235407521614493520e+00
4.890000000000038760e+00 1.242434067169976508e+00
4.900000000000039435e+00 1.249500568315641491e+00
4.910000000000040110e+00 1.256607252329074775e+00
4.920000000000040785e+00 1.263754347798207167e+00
4.930000000000041460e+00 1.270942084628211344e+00
4.940000000000042135e+00 1.278170694048397449e+00
4.950000000000042810e+00 1.285440408619110464e+00
4.960000000000043485e+00 1.292751462238626026e+00
4.970000000000044160e+00 1.300104090150047798e+00
4.980000000000044835e+00 1.307498528948203287e+00
4.990000000000021529e+00 1.314935016586524119e+00
5.000000000000000000e+00 1.322413792383992925e+00
