-1.000010000000000066e+00 6.473437612863701673e-01
-1.000000000000000000e+00 6.473862847818276922e-01
-9.899999999999999911e-01 6.888782652804003037e-01
-9.799999999999999822e-01 7.282266245965653972e-01
-9.699999999999999734e-01 7.653089202310098260e-01
-9.599999999999999645e-01 8.000097611220319260e-01
-9.499999999999999556e-01 8.322211667143859515e-01
-9.399999999999999467e-01 8.618429029684416820e-01
-9.299999999999999378e-01 8.887827942640718071e-01
-9.200000000000000400e-01 9.129570102287081212e-01
-9.100000000000000311e-01 9.342903265970169402e-01
-9.000000000000000222e-01 9.527163592904707157e-01
-8.900000000000000133e-01 9.681777709884136218e-01
-8.800000000000000044e-01 9.806264495478211884e-01
-8.699999999999999956e-01 9.900236577165575369e-01
-8.599999999999999867e-01 9.963401536742588771e-01
-8.499999999999999778e-01 9.995562820257477554e-01
-8.399999999999999689e-01 9.996620349638285496e-01
-8.299999999999999600e-01 9.966570834111454502e-01
-8.200000000000000622e-01 9.905507780441900056e-01
-8.100000000000000533e-01 9.813621201962754448e-01
-8.000000000000000444e-01 9.691197027300205713e-01
-7.900000000000000355e-01 9.538616210633354964e-01
-7.800000000000000266e-01 9.356353546257683007e-01
-7.700000000000000178e-01 9.144976191140981037e-01
-7.600000000000000089e-01 8.905141900069181160e-01
-7.500000000000000000e-01 8.637596978873832709e-01
-7.399999999999999911e-01 8.343173962110355113e-01
-7.299999999999999822e-01 8.022789022413494564e-01
-7.199999999999999734e-01 7.677439119591498162e-01
-7.099999999999999645e-01 7.308198898330291460e-01
-6.999999999999999556e-01 6.916217344161250669e-01
-6.899999999999999467e-01 6.502714208098426818e-01
-6.799999999999999378e-01 6.068976211070796767e-01
-6.699999999999999289e-01 5.616353039960512161e-01
-6.599999999999999201e-01 5.146253147706413289e-01
-6.499999999999999112e-01 4.660139370541945270e-01
-6.400000000000000133e-01 4.159524376005501733e-01
-6.300000000000000044e-01 3.645965955887874310e-01
-6.199999999999999956e-01 3.121062178764099082e-01
-6.099999999999999867e-01 2.586446417193717928e-01
-5.999999999999999778e-01 2.043782265063647519e-01
-5.899999999999999689e-01 1.494758360889669457e-01
-5.800000000000000711e-01 9.410831331851500503e-02
-5.700000000000000622e-01 3.844794842480522834e-02
-5.600000000000000533e-01 -1.733205710908394814e-02
-5.500000000000000444e-01 -7.305812950757520352e-02
-5.400000000000000355e-01 -1.285568628218586584e-01
-5.300000000000000266e-01 -1.836555585269186164e-01
-5.200000000000000178e-01 -2.381827629172322547e-01
-5.100000000000000089e-01 -2.919688006288934656e-01
-5.000000000000000000e-01 -3.448463026279703914e-01
-4.899999999999999911e-01 -3.966507270221277803e-01
-4.799999999999999822e-01 -4.472208710748722948e-01
-4.699999999999999734e-01 -4.963993728291613006e-01
-4.599999999999999645e-01 -5.440332007794403957e-01
-4.499999999999999556e-01 -5.899741300683729595e-01
-4.399999999999999467e-01 -6.340792037264526559e-01
-4.299999999999999378e-01 -6.762111775192336527e-01
-4.200000000000000400e-01 -7.162389470179195694e-01
-4.100000000000000311e-01 -7.540379555643819121e-01
-4.000000000000000222e-01 -7.894905818611015480e-01
-3.900000000000000133e-01 -8.224865059799698619e-01
-3.800000000000000044e-01 -8.529230526510023225e-01
-3.699999999999999956e-01 -8.807055107627416168e-01
-3.599999999999999867e-01 -9.057474280801414146e-01
-3.499999999999999778e-01 -9.279708802628439113e-01
-3.399999999999999689e-01 -9.473067133467214518e-01
-3.299999999999999600e-01 -9.636947589341531284e-01
-3.199999999999999512e-01 -9.770840214234043364e-01
-3.099999999999999423e-01 -9.874328366945059887e-01
-2.999999999999999334e-01 -9.947090017578362753e-01
-2.900000000000000355e-01 -9.988898749619701256e-01
-2.800000000000000266e-01 -9.999624464489789144e-01
-2.700000000000000178e-01 -9.979233786379361204e-01
-2.600000000000000089e-01 -9.927790166106535974e-01
-2.500000000000000000e-01 -9.845453683673368594e-01
-2.399999999999999911e-01 -9.732480550135894637e-01
-2.299999999999999822e-01 -9.589222310337810473e-01
-2.199999999999999734e-01 -9.416124748988635718e-01
-2.099999999999999645e-01 -9.213726503490411446e-01
-1.999999999999999556e-01 -8.982657387829443563e-01
-1.899999999999999467e-01 -8.723636432748735903e-01
-1.799999999999999378e-01 -8.437469648299686931e-01
-1.699999999999999289e-01 -8.125047515735315251e-01
-1.600000000000000311e-01 -7.787342216549755225e-01
-1.500000000000000222e-01 -7.425404607286507641e-01
-1.400000000000000133e-01 -7.040360949529117507e-01
-1.300000000000000044e-01 -6.633409405249771629e-01
-1.199999999999999956e-01 -6.205816308421384653e-01
-1.099999999999999867e-01 -5.758912224495085219e-01
-9.999999999999997780e-02 -5.294087810004964867e-01
-8.999999999999996891e-02 -4.812789485184066351e-01
-7.999999999999996003e-02 -4.316514933057301051e-01
-6.999999999999995115e-02 -3.806808439017091983e-01
-5.999999999999994227e-02 -3.285256085383787550e-01
-4.999999999999993339e-02 -2.753480815904247869e-01
-4.000000000000003553e-02 -2.213137385546649349e-01
-3.000000000000002665e-02 -1.665907211306500713e-01
-2.000000000000001776e-02 -1.113493140047002172e-01
-1.000000000000000888e-02 -5.576141496548049636e-02
0.000000000000000000e+00 0.000000000000000000e+00
9.999999999999999547e-07 6.473884109027427590e-07
1.000100000000000121e-02 6.683750652406091411e-03
2.000099999999999795e-02 1.377115673550804303e-02
3.000099999999999642e-02 2.124081309915967081e-02
4.000100000000000183e-02 2.906947552770573762e-02
5.000100000000000378e-02 3.723278325763902663e-02
6.000100000000000572e-02 4.570533403238914022e-02
7.000100000000000766e-02 5.446076334890377624e-02
8.000100000000001654e-02 6.347182644370819027e-02
9.000100000000002542e-02 7.271048308639345426e-02
1.000010000000000343e-01 8.214798483011005736e-02
1.100010000000000432e-01 9.175496447076028628e-02
1.200010000000000521e-01 1.015015274302987491e-01
1.300010000000000610e-01 1.113573447814440176e-01
1.400010000000000698e-01 1.212917476238848380e-01
1.500010000000000787e-01 1.312738225184248153e-01
1.600010000000000876e-01 1.412725076820657011e-01
1.700010000000000965e-01 1.512566896447021803e-01
1.800010000000001054e-01 1.611953000666539459e-01
1.900010000000001142e-01 1.710574124157628884e-01
2.000010000000001231e-01 1.808123382032200133e-01
2.100010000000001320e-01 1.904297224786593024e-01
2.200010000000001409e-01 1.998796382873614108e-01
2.300010000000001498e-01 2.091326797956392369e-01
2.400010000000001587e-01 2.181600537946218610e-01
2.500010000000001398e-01 2.269336692976995640e-01
2.600010000000001487e-01 2.354262249528242257e-01
2.700010000000001575e-01 2.436112939976597114e-01
2.800010000000001664e-01 2.514634064932221857e-01
2.900010000000001753e-01 2.589581285801195731e-01
3.000010000000001842e-01 2.660721385107638337e-01
3.100010000000001931e-01 2.727832992209627272e-01
3.200010000000002020e-01 2.790707272150653728e-01
3.300010000000002108e-01 2.849148575503085978e-01
3.400010000000002197e-01 2.902975047181479140e-01
3.500010000000002286e-01 2.952019192331256647e-01
3.600010000000002375e-01 2.996128397531855336e-01
3.700010000000002464e-01 3.035165405692475393e-01
3.800010000000002552e-01 3.069008743162679465e-01
3.900010000000002641e-01 3.097553097728770188e-01
4.000010000000002730e-01 3.120709646319720920e-01
4.100010000000002819e-01 3.138406331402912031e-01
4.200010000000002908e-01 3.150588085209603539e-01
4.300010000000002997e-01 3.157217001092402220e-01
4.400010000000003085e-01 3.158272451481504706e-01
4.500010000000003174e-01 3.153751152072666319e-01
4.600010000000003263e-01 3.143667172047153180e-01
4.700010000000003352e-01 3.128051890291882464e-01
4.800010000000003441e-01 3.106953897755976302e-01
4.900010000000003529e-01 3.080438846247577911e-01
5.000010000000003618e-01 3.048589244141433618e-01
5.100010000000002597e-01 3.011504199632948908e-01
5.200010000000001575e-01 2.969299112337651092e-01
5.300010000000000554e-01 2.922105314195727055e-01
5.400009999999999533e-01 2.870069660799048905e-01
5.500009999999998511e-01 2.813354074412380834e-01
5.600009999999997490e-01 2.752135040110777475e-01
5.700009999999996468e-01 2.686603056601063466e-01
5.800009999999995447e-01 2.616962043436309449e-01
5.900009999999994426e-01 2.543428706467910083e-01
6.000009999999993404e-01 2.466231863509814326e-01
6.100009999999992383e-01 2.385611732313285549e-01
6.200009999999991361e-01 2.301819183067835561e-01
6.300009999999990340e-01 2.215114957754367730e-01
6.400009999999989319e-01 2.125768858779713000e-01
6.500009999999988297e-01 2.034058909417329752e-01
6.600009999999987276e-01 1.940270488666671067e-01
6.700009999999986254e-01 1.844695443223326736e-01
6.800009999999985233e-01 1.747631179323271555e-01
6.900009999999984212e-01 1.649379737287179903e-01
7.000009999999983190e-01 1.550246851644598856e-01
7.100009999999982169e-01 1.450540999762643946e-01
7.200009999999981147e-01 1.350572441939652535e-01
7.300009999999980126e-01 1.250652255950791270e-01
7.400009999999979105e-01 1.151091369049874191e-01
7.500009999999978083e-01 1.052199590439566873e-01
7.600009999999977062e-01 9.542846472206928388e-02
7.700009999999976040e-01 8.576512268205331579e-02
7.800009999999975019e-01 7.626000288798494287e-02
7.900009999999973997e-01 6.694268295489255727e-02
8.000009999999972976e-01 5.784215611043114214e-02
8.100009999999971955e-01 4.898674097502766361e-02
8.200009999999970933e-01 4.040399344123962039e-02
8.300009999999969912e-01 3.212062092653676648e-02
8.400009999999968890e-01 2.416239926633039631e-02
8.500009999999967869e-01 1.655409250585886116e-02
8.600009999999966848e-01 9.319375840517330617e-03
8.700009999999965826e-01 2.480761944422813989e-03
8.800009999999964805e-01 -3.940469083538142812e-03
8.900009999999963783e-01 -9.924335938188009326e-03
9.000009999999962762e-01 -1.545221828500822209e-02
9.100009999999961741e-01 -2.050691470207759159e-02
9.200009999999960719e-01 -2.507269620671089688e-02
9.300009999999959698e-01 -2.913535520018753142e-02
9.400009999999958676e-01 -3.268224967844641365e-02
9.500009999999957655e-01 -3.570234257050144272e-02
9.600009999999956634e-01 -3.818623608467693747e-02
9.700009999999955612e-01 -4.012620094641478757e-02
9.800009999999954591e-01 -4.151620047164606558e-02
9.900004999999978406e-01 -4.235188139287714842e-02
1.000000000000000000e+00 -4.263072701401626058e-02
1.009999999999999787e+00 -4.259765674706740557e-02
1.019999999999999574e+00 -4.249571643104731178e-02
1.029999999999999361e+00 -4.232097225971830079e-02
1.039999999999999147e+00 -4.206971696923504644e-02
1.049999999999998934e+00 -4.173848138115923007e-02
1.059999999999998721e+00 -4.132404519584439995e-02
1.069999999999998508e+00 -4.082344701371961454e-02
1.079999999999998295e+00 -4.023399355030977259e-02
1.089999999999998082e+00 -3.955326801711579049e-02
1.099999999999997868e+00 -3.877913764206154801e-02
1.109999999999997655e+00 -3.790976030616308168e-02
1.119999999999997442e+00 -3.694359027575299520e-02
1.129999999999997229e+00 -3.587938301242687977e-02
1.139999999999997016e+00 -3.471619904574331505e-02
1.149999999999996803e+00 -3.345340689662681943e-02
1.159999999999996589e+00 -3.209068504237673480e-02
1.169999999999996376e+00 -3.062802291716747172e-02
1.179999999999996163e+00 -2.906572094492678587e-02
1.189999999999995950e+00 -2.740438960448977543e-02
1.199999999999995737e+00 -2.564494752993759855e-02
1.209999999999995524e+00 -2.378861865203222084e-02
1.219999999999995310e+00 -2.183692838964233773e-02
1.229999999999995097e+00 -1.979169890301181109e-02
1.239999999999994884e+00 -1.765504342364132215e-02
1.249999999999994671e+00 -1.542935967842723292e-02
1.259999999999994458e+00 -1.311732242852016624e-02
1.269999999999994245e+00 -1.072187514612052590e-02
1.279999999999994031e+00 -8.246220855110755060e-03
1.289999999999993818e+00 -5.693812164026061315e-03
1.299999999999993605e+00 -3.068340522378548534e-03
1.309999999999993392e+00 -3.737247337664774578e-04
1.319999999999993179e+00 2.385901238486955178e-03
1.329999999999992966e+00 5.206201135219431717e-03
1.339999999999992752e+00 8.082649894810658639e-03
1.349999999999992539e+00 1.101054773407071294e-02
1.359999999999992326e+00 1.398503477281931584e-02
1.369999999999992113e+00 1.700110615664789451e-02
1.379999999999991900e+00 2.005362763080610622e-02
1.389999999999991687e+00 2.313735151675064619e-02
1.399999999999991473e+00 2.624693304164127383e-02
1.409999999999991260e+00 2.937694696997058402e-02
1.419999999999991047e+00 3.252190448557400193e-02
1.429999999999990834e+00 3.567627027148726621e-02
1.439999999999990621e+00 3.883447973450306762e-02
1.449999999999990408e+00 4.199095632082821411e-02
1.459999999999990195e+00 4.514012886895921173e-02
1.469999999999989981e+00 4.827644894577839269e-02
1.479999999999989768e+00 5.139440811192479142e-02
1.489999999999989555e+00 5.448855506271426535e-02
1.499999999999989342e+00 5.755351259127038099e-02
1.509999999999989129e+00 6.058399432108101113e-02
1.519999999999988916e+00 6.357482115591299443e-02
1.529999999999988702e+00 6.652093739589672039e-02
1.539999999999988489e+00 6.941742646963131036e-02
1.549999999999988276e+00 7.225952623335595015e-02
1.559999999999988063e+00 7.504264378958004633e-02
1.569999999999987850e+00 7.776236977906025860e-02
1.579999999999987637e+00 8.041449210165126094e-02
1.589999999999987423e+00 8.299500902333432906e-02
1.599999999999987210e+00 8.550014162863775469e-02
1.609999999999986997e+00 8.792634557970038789e-02
1.619999999999986784e+00 9.027032214538674437e-02
1.629999999999986571e+00 9.252902846613393628e-02
1.639999999999986358e+00 9.469968702258867166e-02
1.649999999999986144e+00 9.677979427857014150e-02
1.659999999999985931e+00 9.876712847146421059e-02
1.669999999999985718e+00 1.006597565258068455e-01
1.679999999999985505e+00 1.024560400685436412e-01
1.689999999999985292e+00 1.041546405272472386e-01
1.699999999999985079e+00 1.057545232954282821e-01
1.709999999999984865e+00 1.072549609519785896e-01
1.719999999999984652e+00 1.086555355247282306e-01
1.729999999999984439e+00 1.099561397910729932e-01
1.739999999999984226e+00 1.111569776116249908e-01
1.749999999999984013e+00 1.122585632958481572e-01
1.759999999999983800e+00 1.132617200016525910e-01
1.769999999999983586e+00 1.141675771739278783e-01
1.779999999999983373e+00 1.149775670299859887e-01
1.789999999999983160e+00 1.156934201028502612e-01
1.799999999999982947e+00 1.163171598562585812e-01
1.809999999999982734e+00 1.168510963881376763e-01
1.819999999999982521e+00 1.172978192421416377e-01
1.829999999999982307e+00 1.176601893496235368e-01
1.839999999999982094e+00 1.179413301271146908e-01
1.849999999999981881e+00 1.181446177570140005e-01
1.859999999999981668e+00 1.182736706817316408e-01
1.869999999999981455e+00 1.183323383439785631e-01
1.879999999999981242e+00 1.183246892082394919e-01
1.889999999999981029e+00 1.182549981007034873e-01
1.899999999999980815e+00 1.181277329070472559e-01
1.909999999999980602e+00 1.179475406694644041e-01
1.919999999999980389e+00 1.177192331262032349e-01
1.929999999999980176e+00 1.174477717386107484e-01
1.939999999999979963e+00 1.171382522522744080e-01
1.949999999999979750e+00 1.167958888403057699e-01
1.959999999999979536e+00 1.164259978781001098e-01
1.969999999999979323e+00 1.160339814000917735e-01
1.979999999999979110e+00 1.156253102898684298e-01
1.989999999999978897e+00 1.152055072563714228e-01
1.994999999999989448e+00 1.149931670767245090e-01
2.000000000000000000e+00 1.147801296718110875e-01
2.009999999999999787e+00 1.143539319170567697e-01
2.019999999999999574e+00 1.139284058534703326e-01
2.029999999999999361e+00 1.135042600347682673e-01
2.039999999999999147e+00 1.130822412299232471e-01
2.049999999999998934e+00 1.126631320993983360e-01
2.059999999999998721e+00 1.122477487596992146e-01
2.069999999999998508e+00 1.118369382438184068e-01
2.079999999999998295e+00 1.114315758654752381e-01
2.089999999999998082e+00 1.110325624953529405e-01
2.099999999999997868e+00 1.106408217578087883e-01
2.109999999999997655e+00 1.102572971567802873e-01
2.119999999999997442e+00 1.098829491398310015e-01
2.129999999999997229e+00 1.095187521094719563e-01
2.139999999999997016e+00 1.091656913910585835e-01
2.149999999999996803e+00 1.088247601666985365e-01
2.159999999999996589e+00 1.084969563847110879e-01
2.169999999999996376e+00 1.081832796542553793e-01
2.179999999999996163e+00 1.078847281347903864e-01
2.189999999999995950e+00 1.076022954300461520e-01
2.199999999999995737e+00 1.073369674961712067e-01
2.209999999999995524e+00 1.070897195736774943e-01
2.219999999999995310e+00 1.068615131527296813e-01
2.229999999999995097e+00 1.066532929812222252e-01
2.239999999999994884e+00 1.064659841249542965e-01
2.249999999999994671e+00 1.063004890890505982e-01
2.259999999999994458e+00 1.061576850095854729e-01
2.269999999999994245e+00 1.060384209241493347e-01
2.279999999999994031e+00 1.059435151298506878e-01
2.289999999999993818e+00 1.058737526369751270e-01
2.299999999999993605e+00 1.058298827262246916e-01
2.309999999999993392e+00 1.058126166171390464e-01
2.319999999999993179e+00 1.058226252549537005e-01
2.329999999999992966e+00 1.058605372227820612e-01
2.339999999999992752e+00 1.059269367856180283e-01
2.349999999999992539e+00 1.060223620722458293e-01
2.359999999999992326e+00 1.061473034007144461e-01
2.369999999999992113e+00 1.063022017525874080e-01
2.379999999999991900e+00 1.064874474007157096e-01
2.389999999999991687e+00 1.067033786948038548e-01
2.399999999999991473e+00 1.069502810085480871e-01
2.409999999999991260e+00 1.072283858516230176e-01
2.419999999999991047e+00 1.075378701492799988e-01
2.429999999999990834e+00 1.078788556917988639e-01
2.439999999999990621e+00 1.082514087555062759e-01
2.449999999999990408e+00 1.086555398965399627e-01
2.459999999999990195e+00 1.090912039180005899e-01
2.469999999999989981e+00 1.095583000105934818e-01
2.479999999999989768e+00 1.100566720663225945e-01
2.489999999999989555e+00 1.105861091642604960e-01
2.499999999999989342e+00 1.111463462268828806e-01
2.509999999999989129e+00 1.117370648449251963e-01
2.519999999999988916e+00 1.123578942681946052e-01
2.529999999999988702e+00 1.130084125592542010e-01
2.539999999999988489e+00 1.136881479063894113e-01
2.549999999999988276e+00 1.143965800917710190e-01
2.559999999999988063e+00 1.151331421102461949e-01
2.569999999999987850e+00 1.158972219337202486e-01
2.579999999999987637e+00 1.166881644156388398e-01
2.589999999999987423e+00 1.175052733296443053e-01
2.599999999999987210e+00 1.183478135360623018e-01
2.609999999999986997e+00 1.192150132694772130e-01
2.619999999999986784e+00 1.201060665402779448e-01
2.629999999999986571e+00 1.210201356427010322e-01
2.639999999999986358e+00 1.219563537615667437e-01
2.649999999999986144e+00 1.229138276695965065e-01
2.659999999999985931e+00 1.238916405069184490e-01
2.669999999999985718e+00 1.248888546341116873e-01
2.679999999999985505e+00 1.259045145499116114e-01
2.689999999999985292e+00 1.269376498644967655e-01
2.699999999999985079e+00 1.279872783191054741e-01
2.709999999999984865e+00 1.290524088425854254e-01
2.719999999999984652e+00 1.301320446353655680e-01
2.729999999999984439e+00 1.312251862712532080e-01
2.739999999999984226e+00 1.323308348074047069e-01
2.749999999999984013e+00 1.334479948927919657e-01
2.759999999999983800e+00 1.345756778654921271e-01
2.769999999999983586e+00 1.357129048291624285e-01
2.779999999999983373e+00 1.368587096991268348e-01
2.789999999999983160e+00 1.380121422085960892e-01
2.799999999999982947e+00 1.391722708656661922e-01
2.809999999999982734e+00 1.403381858518940317e-01
2.819999999999982521e+00 1.415090018534305993e-01
2.829999999999982307e+00 1.426838608159017308e-01
2.839999999999982094e+00 1.438619346144641709e-01
2.849999999999981881e+00 1.450424276307280547e-01
2.859999999999981668e+00 1.462245792285274126e-01
2.869999999999981455e+00 1.474076661208344186e-01
2.879999999999981242e+00 1.485910046204522161e-01
2.889999999999981029e+00 1.497739527674828153e-01
2.899999999999980815e+00 1.509559123269497150e-01
2.909999999999980602e+00 1.521363306503593082e-01
2.919999999999980389e+00 1.533147023954081756e-01
2.929999999999980176e+00 1.544905710984852132e-01
2.939999999999979963e+00 1.556635305950749282e-01
2.949999999999979750e+00 1.568332262836425461e-01
2.959999999999979536e+00 1.579993562290673836e-01
2.969999999999979323e+00 1.591616721021913983e-01
2.979999999999979110e+00 1.603199799525589220e-01
2.989999999999978897e+00 1.614741408119432231e-01
2.994999999999989448e+00 1.620496379213853810e-01
3.000000000000000000e+00 1.626240712964334423e-01
3.009999999999999787e+00 1.637697413055272389e-01
3.019999999999999574e+00 1.649111521202115405e-01
3.029999999999999361e+00 1.660483139674616138e-01
3.039999999999999147e+00 1.671812443527581904e-01
3.049999999999998934e+00 1.683099684307170774e-01
3.059999999999998721e+00 1.694345193519165016e-01
3.069999999999998508e+00 1.705549385848430521e-01
3.079999999999998295e+00 1.716712762119541880e-01
3.089999999999998082e+00 1.727835911989362705e-01
3.099999999999997868e+00 1.738919516363200968e-01
3.109999999999997655e+00 1.749964349527022012e-01
3.119999999999997442e+00 1.760971280989083176e-01
3.129999999999997229e+00 1.771941277025260164e-01
3.139999999999997016e+00 1.782875401923255665e-01
3.149999999999996803e+00 1.793774818921820002e-01
3.159999999999996589e+00 1.804640790842059750e-01
3.169999999999996376e+00 1.815474680408869779e-01
3.179999999999996163e+00 1.826277950261490368e-01
3.189999999999995950e+00 1.837052162653153853e-01
3.199999999999995737e+00 1.847798978840757556e-01
3.209999999999995524e+00 1.858520158166461766e-01
3.219999999999995310e+00 1.869217556834069649e-01
3.229999999999995097e+00 1.879893126383997415e-01
3.239999999999994884e+00 1.890548911871580418e-01
3.249999999999994671e+00 1.901187049754383684e-01
3.259999999999994458e+00 1.911809765495090796e-01
3.269999999999994245e+00 1.922419370887430701e-01
3.279999999999994031e+00 1.933018261113463587e-01
3.289999999999993818e+00 1.943608911541381545e-01
3.299999999999993605e+00 1.954193874273791043e-01
3.309999999999993392e+00 1.964775774457215296e-01
3.319999999999993179e+00 1.975357306364302623e-01
3.329999999999992966e+00 1.985941229260931307e-01
3.339999999999992752e+00 1.996530363071070124e-01
3.349999999999992539e+00 2.007127583852887087e-01
3.359999999999992326e+00 2.017735819100181516e-01
3.369999999999992113e+00 2.028358042883761370e-01
3.379999999999991900e+00 2.038997270847883736e-01
3.389999999999991687e+00 2.049656555077329079e-01
3.399999999999991473e+00 2.060338978851082026e-01
3.409999999999991260e+00 2.071047651298942582e-01
3.419999999999991047e+00 2.081785701977696412e-01
3.429999999999990834e+00 2.092556275383721243e-01
3.439999999999990621e+00 2.103362525419104900e-01
3.449999999999990408e+00 2.114207609828494816e-01
3.459999999999990195e+00 2.125094684623990704e-01
3.469999999999989981e+00 2.136026898515428762e-01
3.479999999999989768e+00 2.147007387363387421e-01
3.489999999999989555e+00 2.158039268672179156e-01
3.499999999999989342e+00 2.169125636139960511e-01
3.509999999999989129e+00 2.180269554282921185e-01
3.519999999999988916e+00 2.191474053150282153e-01
3.529999999999988702e+00 2.202742123146544106e-01
3.539999999999988489e+00 2.214076709977102764e-01
3.549999999999988276e+00 2.225480709732954865e-01
3.559999999999988063e+00 2.236956964129794279e-01
3.569999999999987850e+00 2.248508255916308596e-01
3.579999999999987637e+00 2.260137304465968389e-01
3.589999999999987423e+00 2.271846761566023998e-01
3.599999999999987210e+00 2.283639207416813810e-01
3.609999999999986997e+00 2.295517146853833790e-01
3.619999999999986784e+00 2.307483005804325249e-01
3.629999999999986571e+00 2.319539127989403149e-01
3.639999999999986358e+00 2.331687771881992832e-01
3.649999999999986144e+00 2.343931107930035951e-01
3.659999999999985931e+00 2.356271216053610618e-01
3.669999999999985718e+00 2.368710083423750112e-01
3.679999999999985505e+00 2.381249602529876275e-01
3.689999999999985292e+00 2.393891569541856945e-01
3.699999999999985079e+00 2.406637682971787540e-01
3.709999999999984865e+00 2.419489542639660096e-01
3.719999999999984652e+00 2.432448648946136660e-01
3.729999999999984439e+00 2.445516402454692428e-01
3.739999999999984226e+00 2.458694103784428431e-01
3.749999999999984013e+00 2.471982953813884887e-01
3.759999999999983800e+00 2.485384054195224623e-01
3.769999999999983586e+00 2.498898408177183672e-01
3.779999999999983373e+00 2.512526921734230534e-01
3.789999999999983160e+00 2.526270404998418040e-01
3.799999999999982947e+00 2.540129573989473588e-01
3.809999999999982734e+00 2.554105052637744566e-01
3.819999999999982521e+00 2.568197375093703716e-01
3.829999999999982307e+00 2.582406988316826024e-01
3.839999999999982094e+00 2.596734254935784691e-01
3.849999999999981881e+00 2.611179456371062191e-01
3.859999999999981668e+00 2.625742796210263075e-01
3.869999999999981455e+00 2.640424403825622490e-01
3.879999999999981242e+00 2.655224338222456071e-01
3.889999999999981029e+00 2.670142592106571899e-01
3.899999999999980815e+00 2.685179096157994660e-01
3.909999999999980602e+00 2.700333723497694849e-01
3.919999999999980389e+00 2.715606294333428594e-01
3.929999999999980176e+00 2.730996580770233551e-01
3.939999999999979963e+00 2.746504311770604501e-01
3.949999999999979750e+00 2.762129178248921013e-01
3.959999999999979536e+00 2.777870838284269284e-01
3.969999999999979323e+00 2.793728922435441686e-01
3.979999999999979110e+00 2.809703039141571157e-01
3.989999999999978897e+00 2.825792780191597742e-01
3.999999999999978684e+00 2.841997726262899815e-01
4.009999999999979359e+00 2.858317452408232207e-01
4.019999999999980034e+00 2.874751532536382048e-01
4.029999999999980709e+00 2.891299541180074595e-01
4.039999999999981384e+00 2.907961054255481237e-01
4.049999999999982059e+00 2.924735649808796190e-01
4.059999999999982734e+00 2.941622908798692815e-01
4.069999999999983409e+00 2.958622415912231518e-01
4.079999999999984084e+00 2.975733760411671813e-01
4.089999999999984759e+00 2.992956537009560103e-01
4.099999999999985434e+00 3.010290346769368131e-01
4.109999999999986109e+00 3.027734798028876573e-01
4.119999999999986784e+00 3.045289507343436619e-01
4.129999999999987459e+00 3.062954100446166339e-01
4.139999999999988134e+00 3.080728213222103107e-01
4.149999999999988809e+00 3.098611492693272296e-01
4.159999999999989484e+00 3.116603598011611909e-01
4.169999999999990159e+00 3.134704201456662842e-01
4.179999999999990834e+00 3.152912989434917268e-01
4.189999999999991509e+00 3.171229663477721505e-01
4.199999999999992184e+00 3.189653941234619206e-01
4.209999999999992859e+00 3.208185557459053983e-01
4.219999999999993534e+00 3.226824264983354507e-01
4.229999999999994209e+00 3.245569835679977255e-01
4.239999999999994884e+00 3.264422061406006548e-01
4.249999999999995559e+00 3.283380754927981982e-01
4.259999999999996234e+00 3.302445750824167803e-01
4.269999999999996909e+00 3.321616906361460897e-01
4.279999999999997584e+00 3.340894102344207917e-01
4.289999999999998259e+00 3.360277243932289770e-01
4.299999999999998934e+00 3.379766261425926621e-01
4.309999999999999609e+00 3.399361111014764236e-01
4.320000000000000284e+00 3.419061775488907440e-01
4.330000000000000959e+00 3.438868264909691885e-01
4.340000000000001634e+00 3.458780617238100819e-01
4.350000000000002309e+00 3.478798898918879501e-01
4.360000000000002984e+00 3.498923205418523197e-01
4.370000000000003659e+00 3.519153661715466175e-01
4.380000000000004334e+00 3.539490422740947939e-01
4.390000000000005009e+00 3.559933673769185014e-01
4.400000000000005684e+00 3.580483630755629809e-01
4.410000000000006359e+00 3.601140540622270181e-01
4.420000000000007034e+00 3.621904681489078182e-01
4.430000000000007709e+00 3.642776362850887462e-01
4.440000000000008384e+00 3.663755925699151983e-01
4.450000000000009059e+00 3.684843742588201909e-01
4.460000000000009734e+00 3.706040217645797941e-01
4.470000000000010409e+00 3.727345786527943572e-01
4.480000000000011084e+00 3.748760916318101821e-01
4.490000000000011759e+00 3.770286105371124519e-01
4.500000000000012434e+00 3.791921883102387647e-01
4.510000000000013110e+00 3.813668809722779995e-01
4.520000000000013785e+00 3.835527475920374463e-01
4.530000000000014460e+00 3.857498502489773995e-01
4.540000000000015135e+00 3.879582539910283456e-01
4.550000000000015810e+00 3.901780267874216945e-01
4.560000000000016485e+00 3.924092394766815484e-01
4.570000000000017160e+00 3.946519657099387679e-01
4.580000000000017835e+00 3.969062818897439171e-01
4.590000000000018510e+00 3.991722671045695447e-01
4.600000000000019185e+00 4.014500030592054181e-01
4.610000000000019860e+00 4.037395740012637013e-01
4.620000000000020535e+00 4.060410666440222305e-01
4.630000000000021210e+00 4.083545700858464689e-01
4.640000000000021885e+00 4.106801757264404995e-01
4.650000000000022560e+00 4.130179771801880118e-01
4.660000000000023235e+00 4.153680701868526781e-01
4.670000000000023910e+00 4.177305525199158653e-01
4.680000000000024585e+00 4.201055238928370628e-01
4.690000000000025260e+00 4.224930858635283504e-01
4.700000000000025935e+00 4.248933417373406130e-01
4.710000000000026610e+00 4.273063964688632588e-01
4.720000000000027285e+00 4.297323565628426434e-01
4.730000000000027960e+00 4.321713299745279513e-01
4.740000000000028635e+00 4.346234260097545654e-01
4.750000000000029310e+00 4.370887552250757313e-01
4.760000000000029985e+00 4.395674293282532119e-01
4.770000000000030660e+00 4.420595610794167407e-01
4.780000000000031335e+00 4.445652641931998605e-01
4.790000000000032010e+00 4.470846532421565156e-01
4.800000000000032685e+00 4.496178435617591007e-01
4.810000000000033360e+00 4.521649511572733982e-01
4.820000000000034035e+00 4.547260926128004477e-01
4.830000000000034710e+00 4.573013850027681793e-01
4.840000000000035385e+00 4.598909458061481992e-01
4.850000000000036060e+00 4.624948928236650159e-01
4.860000000000036735e+00 4.651133440982547773e-01
4.870000000000037410e+00 4.677464178390215443e-01
4.880000000000038085e+00 4.703942323489272992e-01
4.890000000000038760e+00 4.730569059564412870e-01
4.900000000000039435e+00 4.757345569513605210e-01
4.910000000000040110e+00 4.784273035250020678e-01
4.920000000000040785e+00 4.811352637149524658e-01
4.930000000000041460e+00 4.838585553545469709e-01
4.940000000000042135e+00 4.865972960272348380e-01
4.950000000000042810e+00 4.893516030259737470e-01
4.960000000000043485e+00 4.921215933177788271e-01
4.970000000000044160e+00 4.949073835135371358e-01
4.980000000000044835e+00 4.977090898431812960e-01
4.990000000000021529e+00 5.005268281362933447e-01
5.000000000000000000e+00 5.033607138082382138e-01
