-1.000010000000000066e+00 -1.034482758620690168e+00
-1.000000000000000000e+00 -1.034482758620690168e+00
-9.899999999999999911e-01 -1.034482758620689946e+00
-9.799999999999999822e-01 -1.034482758620689724e+00
-9.699999999999999734e-01 -1.034482758620689946e+00
-9.599999999999999645e-01 -1.034482758620689502e+00
-9.499999999999999556e-01 -1.034482758620689724e+00
-9.399999999999999467e-01 -1.034482758620689724e+00
-9.299999999999999378e-01 -1.034482758620689946e+00
-9.200000000000000400e-01 -1.034482758620689724e+00
-9.100000000000000311e-01 -1.034482758620689724e+00
-9.000000000000000222e-01 -1.034482758620689724e+00
-8.900000000000000133e-01 -1.034482758620689946e+00
-8.800000000000000044e-01 -1.034482758620689724e+00
-8.699999999999999956e-01 -1.034482758620689724e+00
-8.599999999999999867e-01 -1.034482758620689502e+00
-8.499999999999999778e-01 -1.034482758620689946e+00
-8.399999999999999689e-01 -1.034482758620689946e+00
-8.299999999999999600e-01 -1.034482758620689946e+00
-8.200000000000000622e-01 -1.034482758620689946e+00
-8.100000000000000533e-01 -1.034482758620689724e+00
-8.000000000000000444e-01 -1.034482758620689946e+00
-7.900000000000000355e-01 -1.034482758620689724e+00
-7.800000000000000266e-01 -1.034482758620689724e+00
-7.700000000000000178e-01 -1.034482758620689724e+00
-7.600000000000000089e-01 -1.034482758620689724e+00
-7.500000000000000000e-01 -1.034482758620689724e+00
-7.399999999999999911e-01 -1.034482758620689724e+00
-7.299999999999999822e-01 -1.034482758620689724e+00
-7.199999999999999734e-01 -1.034482758620689724e+00
-7.099999999999999645e-01 -1.034482758620689724e+00
-6.999999999999999556e-01 -1.034482758620689724e+00
-6.899999999999999467e-01 -1.034482758620689724e+00
-6.799999999999999378e-01 -1.034482758620689946e+00
-6.699999999999999289e-01 -1.034482758620689724e+00
-6.599999999999999201e-01 -1.034482758620689724e+00
-6.499999999999999112e-01 -1.034482758620689946e+00
-6.400000000000000133e-01 -1.034482758620689946e+00
-6.300000000000000044e-01 -1.034482758620689724e+00
-6.199999999999999956e-01 -1.034482758620689946e+00
-6.099999999999999867e-01 -1.034482758620689724e+00
-5.999999999999999778e-01 -1.034482758620689724e+00
-5.899999999999999689e-01 -1.034482758620689946e+00
-5.800000000000000711e-01 -1.034482758620689946e+00
-5.700000000000000622e-01 -1.034482758620689724e+00
-5.600000000000000533e-01 -1.034482758620689946e+00
-5.500000000000000444e-01 -1.034482758620689724e+00
-5.400000000000000355e-01 -1.034482758620689724e+00
-5.300000000000000266e-01 -1.034482758620689724e+00
-5.200000000000000178e-01 -1.034482758620689724e+00
-5.100000000000000089e-01 -1.034482758620689724e+00
-5.000000000000000000e-01 -1.034482758620689724e+00
-4.899999999999999911e-01 -1.034482758620689724e+00
-4.799999999999999822e-01 -1.034482758620689724e+00
-4.699999999999999734e-01 -1.034482758620689724e+00
-4.599999999999999645e-01 -1.034482758620689946e+00
-4.499999999999999556e-01 -1.034482758620689724e+00
-4.399999999999999467e-01 -1.034482758620689724e+00
-4.299999999999999378e-01 -1.034482758620689946e+00
-4.200000000000000400e-01 -1.034482758620689946e+00
-4.100000000000000311e-01 -1.034482758620689724e+00
-4.000000000000000222e-01 -1.034482758620689946e+00
-3.900000000000000133e-01 -1.034482758620689724e+00
-3.800000000000000044e-01 -1.034482758620689724e+00
-3.699999999999999956e-01 -1.034482758620689724e+00
-3.599999999999999867e-01 -1.034482758620689724e+00
-3.499999999999999778e-01 -1.034482758620689724e+00
-3.399999999999999689e-01 -1.034482758620689724e+00
-3.299999999999999600e-01 -1.034482758620689724e+00
-3.199999999999999512e-01 -1.034482758620689724e+00
-3.099999999999999423e-01 -1.034482758620689724e+00
-2.999999999999999334e-01 -1.034482758620689946e+00
-2.900000000000000355e-01 -1.034482758620689946e+00
-2.800000000000000266e-01 -1.034482758620689724e+00
-2.700000000000000178e-01 -1.034482758620689946e+00
-2.600000000000000089e-01 -1.034482758620689724e+00
-2.500000000000000000e-01 -1.034482758620689724e+00
-2.399999999999999911e-01 -1.034482758620689724e+00
-2.299999999999999822e-01 -1.034482758620689724e+00
-2.199999999999999734e-01 -1.034482758620689724e+00
-2.099999999999999645e-01 -1.034482758620689724e+00
-1.999999999999999556e-01 -1.034482758620689724e+00
-1.899999999999999467e-01 -1.034482758620689724e+00
-1.799999999999999378e-01 -1.034482758620689724e+00
-1.699999999999999289e-01 -1.034482758620689946e+00
-1.600000000000000311e-01 -1.034482758620689946e+00
-1.500000000000000222e-01 -1.034482758620689724e+00
-1.400000000000000133e-01 -1.034482758620689946e+00
-1.300000000000000044e-01 -1.034482758620689724e+00
-1.199999999999999956e-01 -1.034482758620689724e+00
-1.099999999999999867e-01 -1.034482758620689724e+00
-9.999999999999997780e-02 -1.034482758620689724e+00
-8.999999999999996891e-02 -1.034482758620689724e+00
-7.999999999999996003e-02 -1.034482758620689946e+00
-6.999999999999995115e-02 -1.034482758620689724e+00
-5.999999999999994227e-02 -1.034482758620689724e+00
-4.999999999999993339e-02 -1.034482758620689946e+00
-4.000000000000003553e-02 -1.034482758620689946e+00
-3.000000000000002665e-02 -1.034482758620689724e+00
-2.000000000000001776e-02 -1.034482758620689946e+00
-1.000000000000000888e-02 -1.034482758620690168e+00
0.000000000000000000e+00 -1.034482758620689724e+00
9.999999999999999547e-07 -1.034483793103448290e+00
1.000100000000000121e-02 -1.044828620689655096e+00
2.000099999999999795e-02 -1.055173448275861903e+00
3.000099999999999642e-02 -1.065518275862068709e+00
4.000100000000000183e-02 -1.075863103448275515e+00
5.000100000000000378e-02 -1.086207931034482321e+00
6.000100000000000572e-02 -1.096552758620689128e+00
7.000100000000000766e-02 -1.106897586206895934e+00
8.000100000000001654e-02 -1.117242413793102740e+00
9.000100000000002542e-02 -1.127587241379309546e+00
1.000010000000000343e-01 -1.137932068965516352e+00
1.100010000000000432e-01 -1.148276896551723159e+00
1.200010000000000521e-01 -1.158621724137929965e+00
1.300010000000000610e-01 -1.168966551724136771e+00
1.400010000000000698e-01 -1.179311379310343577e+00
1.500010000000000787e-01 -1.189656206896550383e+00
1.600010000000000876e-01 -1.200001034482757190e+00
1.700010000000000965e-01 -1.210345862068963996e+00
1.800010000000001054e-01 -1.220690689655170802e+00
1.900010000000001142e-01 -1.231035517241377608e+00
2.000010000000001231e-01 -1.241380344827584414e+00
2.100010000000001320e-01 -1.251725172413791221e+00
2.200010000000001409e-01 -1.262069999999998027e+00
2.300010000000001498e-01 -1.272414827586204833e+00
2.400010000000001587e-01 -1.282759655172411639e+00
2.500010000000001398e-01 -1.293104482758618445e+00
2.600010000000001487e-01 -1.303449310344825252e+00
2.700010000000001575e-01 -1.313794137931032058e+00
2.800010000000001664e-01 -1.324138965517238864e+00
2.900010000000001753e-01 -1.334483793103445670e+00
3.000010000000001842e-01 -1.344828620689652476e+00
3.100010000000001931e-01 -1.355173448275859283e+00
3.200010000000002020e-01 -1.365518275862066089e+00
3.300010000000002108e-01 -1.375863103448272895e+00
3.400010000000002197e-01 -1.386207931034479701e+00
3.500010000000002286e-01 -1.396552758620686507e+00
3.600010000000002375e-01 -1.406897586206893314e+00
3.700010000000002464e-01 -1.417242413793100120e+00
3.800010000000002552e-01 -1.427587241379306926e+00
3.900010000000002641e-01 -1.437932068965513732e+00
4.000010000000002730e-01 -1.448276896551720538e+00
4.100010000000002819e-01 -1.458621724137927345e+00
4.200010000000002908e-01 -1.468966551724134151e+00
4.300010000000002997e-01 -1.479311379310340957e+00
4.400010000000003085e-01 -1.489656206896547763e+00
4.500010000000003174e-01 -1.500001034482754569e+00
4.600010000000003263e-01 -1.510345862068961376e+00
4.700010000000003352e-01 -1.520690689655168182e+00
4.800010000000003441e-01 -1.531035517241374988e+00
4.900010000000003529e-01 -1.541380344827581794e+00
5.000010000000003618e-01 -1.551725172413788600e+00
5.100010000000002597e-01 -1.562069999999995407e+00
5.200010000000001575e-01 -1.572414827586202213e+00
5.300010000000000554e-01 -1.582759655172409019e+00
5.400009999999999533e-01 -1.593104482758615825e+00
5.500009999999998511e-01 -1.603449310344822631e+00
5.600009999999997490e-01 -1.613794137931029438e+00
5.700009999999996468e-01 -1.624138965517236244e+00
5.800009999999995447e-01 -1.634483793103443050e+00
5.900009999999994426e-01 -1.644828620689649856e+00
6.000009999999993404e-01 -1.655173448275856662e+00
6.100009999999992383e-01 -1.665518275862063469e+00
6.200009999999991361e-01 -1.675863103448270275e+00
6.300009999999990340e-01 -1.686207931034477081e+00
6.400009999999989319e-01 -1.696552758620683887e+00
6.500009999999988297e-01 -1.706897586206890693e+00
6.600009999999987276e-01 -1.717242413793097500e+00
6.700009999999986254e-01 -1.727587241379304306e+00
6.800009999999985233e-01 -1.737932068965511112e+00
6.900009999999984212e-01 -1.748276896551717918e+00
7.000009999999983190e-01 -1.758621724137924724e+00
7.100009999999982169e-01 -1.768966551724131531e+00
7.200009999999981147e-01 -1.779311379310338337e+00
7.300009999999980126e-01 -1.789656206896545143e+00
7.400009999999979105e-01 -1.800001034482751949e+00
7.500009999999978083e-01 -1.810345862068958755e+00
7.600009999999977062e-01 -1.820690689655165562e+00
7.700009999999976040e-01 -1.831035517241372368e+00
7.800009999999975019e-01 -1.841380344827579174e+00
7.900009999999973997e-01 -1.851725172413785980e+00
8.000009999999972976e-01 -1.862069999999992786e+00
8.100009999999971955e-01 -1.872414827586199593e+00
8.200009999999970933e-01 -1.882759655172406399e+00
8.300009999999969912e-01 -1.893104482758613205e+00
8.400009999999968890e-01 -1.903449310344820011e+00
8.500009999999967869e-01 -1.913794137931026818e+00
8.600009999999966848e-01 -1.924138965517233624e+00
8.700009999999965826e-01 -1.934483793103440430e+00
8.800009999999964805e-01 -1.944828620689647236e+00
8.900009999999963783e-01 -1.955173448275854042e+00
9.000009999999962762e-01 -1.965518275862060849e+00
9.100009999999961741e-01 -1.975863103448267655e+00
9.200009999999960719e-01 -1.986207931034474461e+00
9.300009999999959698e-01 -1.996552758620681267e+00
9.400009999999958676e-01 -2.006897586206888295e+00
9.500009999999957655e-01 -2.017242413793095324e+00
9.600009999999956634e-01 -2.027587241379302352e+00
9.700009999999955612e-01 -2.037932068965509380e+00
9.800009999999954591e-01 -2.048276896551716408e+00
9.900004999999978406e-01 -2.058621206896546152e+00
1.000000000000000000e+00 -2.068965517241375895e+00
1.009999999999999787e+00 -2.079362068965513899e+00
1.019999999999999574e+00 -2.089862068965513853e+00
1.029999999999999361e+00 -2.100465517241375757e+00
1.039999999999999147e+00 -2.111172413793100056e+00
1.049999999999998934e+00 -2.121982758620686305e+00
1.059999999999998721e+00 -2.132896551724134504e+00
1.069999999999998508e+00 -2.143913793103444654e+00
1.079999999999998295e+00 -2.155034482758617198e+00
1.089999999999998082e+00 -2.166258620689651693e+00
1.099999999999997868e+00 -2.177586206896548138e+00
1.109999999999997655e+00 -2.189017241379306533e+00
1.119999999999997442e+00 -2.200551724137927323e+00
1.129999999999997229e+00 -2.212189655172410063e+00
1.139999999999997016e+00 -2.223931034482754754e+00
1.149999999999996803e+00 -2.235775862068961395e+00
1.159999999999996589e+00 -2.247724137931030430e+00
1.169999999999996376e+00 -2.259775862068961416e+00
1.179999999999996163e+00 -2.271931034482754352e+00
1.189999999999995950e+00 -2.284189655172409683e+00
1.199999999999995737e+00 -2.296551724137926964e+00
1.209999999999995524e+00 -2.309017241379306196e+00
1.219999999999995310e+00 -2.321586206896547377e+00
1.229999999999995097e+00 -2.334258620689650954e+00
1.239999999999994884e+00 -2.347034482758616480e+00
1.249999999999994671e+00 -2.359913793103443957e+00
1.259999999999994458e+00 -2.372896551724133385e+00
1.269999999999994245e+00 -2.385982758620685207e+00
1.279999999999994031e+00 -2.399172413793098979e+00
1.289999999999993818e+00 -2.412465517241374702e+00
1.299999999999993605e+00 -2.425862068965512375e+00
1.309999999999993392e+00 -2.439362068965512442e+00
1.319999999999993179e+00 -2.452965517241374460e+00
1.329999999999992966e+00 -2.466672413793098428e+00
1.339999999999992752e+00 -2.480482758620684347e+00
1.349999999999992539e+00 -2.494396551724132660e+00
1.359999999999992326e+00 -2.508413793103442924e+00
1.369999999999992113e+00 -2.522534482758615137e+00
1.379999999999991900e+00 -2.536758620689649302e+00
1.389999999999991687e+00 -2.551086206896545860e+00
1.399999999999991473e+00 -2.565517241379304370e+00
1.409999999999991260e+00 -2.580051724137924829e+00
1.419999999999991047e+00 -2.594689655172407239e+00
1.429999999999990834e+00 -2.609431034482752043e+00
1.439999999999990621e+00 -2.624275862068958798e+00
1.449999999999990408e+00 -2.639224137931027503e+00
1.459999999999990195e+00 -2.654275862068958602e+00
1.469999999999989981e+00 -2.669431034482751652e+00
1.479999999999989768e+00 -2.684689655172406653e+00
1.489999999999989555e+00 -2.700051724137923603e+00
1.499999999999989342e+00 -2.715517241379302948e+00
1.509999999999989129e+00 -2.731086206896544244e+00
1.519999999999988916e+00 -2.746758620689647490e+00
1.529999999999988702e+00 -2.762534482758612686e+00
1.539999999999988489e+00 -2.778413793103440277e+00
1.549999999999988276e+00 -2.794396551724129818e+00
1.559999999999988063e+00 -2.810482758620681309e+00
1.569999999999987850e+00 -2.826672413793094751e+00
1.579999999999987637e+00 -2.842965517241370588e+00
1.589999999999987423e+00 -2.859362068965508374e+00
1.599999999999987210e+00 -2.875862068965508112e+00
1.609999999999986997e+00 -2.892465517241369799e+00
1.619999999999986784e+00 -2.909172413793093881e+00
1.629999999999986571e+00 -2.925982758620679913e+00
1.639999999999986358e+00 -2.942896551724127896e+00
1.649999999999986144e+00 -2.959913793103438273e+00
1.659999999999985931e+00 -2.977034482758610601e+00
1.669999999999985718e+00 -2.994258620689644879e+00
1.679999999999985505e+00 -3.011586206896541107e+00
1.689999999999985292e+00 -3.029017241379299730e+00
1.699999999999985079e+00 -3.046551724137920303e+00
1.709999999999984865e+00 -3.064189655172402826e+00
1.719999999999984652e+00 -3.081931034482747300e+00
1.729999999999984439e+00 -3.099775862068954169e+00
1.739999999999984226e+00 -3.117724137931022987e+00
1.749999999999984013e+00 -3.135775862068953757e+00
1.759999999999983800e+00 -3.153931034482746476e+00
1.769999999999983586e+00 -3.172189655172401590e+00
1.779999999999983373e+00 -3.190551724137918654e+00
1.789999999999983160e+00 -3.209017241379297669e+00
1.799999999999982947e+00 -3.227586206896538634e+00
1.809999999999982734e+00 -3.246258620689641994e+00
1.819999999999982521e+00 -3.265034482758607304e+00
1.829999999999982307e+00 -3.283913793103434564e+00
1.839999999999982094e+00 -3.302896551724123775e+00
1.849999999999981881e+00 -3.321982758620675380e+00
1.859999999999981668e+00 -3.341172413793088936e+00
1.869999999999981455e+00 -3.360465517241364442e+00
1.879999999999981242e+00 -3.379862068965502342e+00
1.889999999999981029e+00 -3.399362068965502193e+00
1.899999999999980815e+00 -3.418965517241363994e+00
1.909999999999980602e+00 -3.438672413793087745e+00
1.919999999999980389e+00 -3.458482758620673891e+00
1.929999999999980176e+00 -3.478396551724121988e+00
1.939999999999979963e+00 -3.498413793103432035e+00
1.949999999999979750e+00 -3.518534482758604032e+00
1.959999999999979536e+00 -3.538758620689638423e+00
1.969999999999979323e+00 -3.559086206896534765e+00
1.979999999999979110e+00 -3.579517241379293058e+00
1.989999999999978897e+00 -3.600051724137913300e+00
1.994999999999989448e+00 -3.610357758620693414e+00
2.000000000000000000e+00 -3.620689655172439458e+00
2.009999999999999787e+00 -3.641431206896577510e+00
2.019999999999999574e+00 -3.662277241379336079e+00
2.029999999999999361e+00 -3.683228793103474175e+00
2.039999999999999147e+00 -3.704286896551749919e+00
2.049999999999998934e+00 -3.725452586206922323e+00
2.059999999999998721e+00 -3.746726896551749952e+00
2.069999999999998508e+00 -3.768110862068991374e+00
2.079999999999998295e+00 -3.789605517241405153e+00
2.089999999999998082e+00 -3.811211896551749856e+00
2.099999999999997868e+00 -3.832931034482784494e+00
2.109999999999997655e+00 -3.854763965517267188e+00
2.119999999999997442e+00 -3.876711724137956949e+00
2.129999999999997229e+00 -3.898775344827611899e+00
2.139999999999997016e+00 -3.920955862068991049e+00
2.149999999999996803e+00 -3.943254310344852964e+00
2.159999999999996589e+00 -3.965671724137956211e+00
2.169999999999996376e+00 -3.988209137931059800e+00
2.179999999999996163e+00 -4.010867586206921409e+00
2.189999999999995950e+00 -4.033648103448300937e+00
2.199999999999995737e+00 -4.056551724137956505e+00
2.209999999999995524e+00 -4.079579482758646236e+00
2.219999999999995310e+00 -4.102732413793129140e+00
2.229999999999995097e+00 -4.126011551724163340e+00
2.239999999999994884e+00 -4.149417931034507845e+00
2.249999999999994671e+00 -4.172952586206921666e+00
2.259999999999994458e+00 -4.196616551724162925e+00
2.269999999999994245e+00 -4.220410862068990632e+00
2.279999999999994031e+00 -4.244336551724162909e+00
2.289999999999993818e+00 -4.268394655172438767e+00
2.299999999999993605e+00 -4.292586206896576329e+00
2.309999999999993392e+00 -4.316912241379334603e+00
2.319999999999993179e+00 -4.341373793103472600e+00
2.329999999999992966e+00 -4.365971896551748443e+00
2.339999999999992752e+00 -4.390707586206921142e+00
2.349999999999992539e+00 -4.415581896551748819e+00
2.359999999999992326e+00 -4.440595862068990485e+00
2.369999999999992113e+00 -4.465750517241404260e+00
2.379999999999991900e+00 -4.491046896551749157e+00
2.389999999999991687e+00 -4.516486034482783296e+00
2.399999999999991473e+00 -4.542068965517265688e+00
2.409999999999991260e+00 -4.567796724137955344e+00
2.419999999999991047e+00 -4.593670344827610386e+00
2.429999999999990834e+00 -4.619690862068989823e+00
2.439999999999990621e+00 -4.645859310344851778e+00
2.449999999999990408e+00 -4.672176724137955262e+00
2.459999999999990195e+00 -4.698644137931058395e+00
2.469999999999989981e+00 -4.725262586206920190e+00
2.479999999999989768e+00 -4.752033103448299656e+00
2.489999999999989555e+00 -4.778956724137954915e+00
2.499999999999989342e+00 -4.806034482758644089e+00
2.509999999999989129e+00 -4.833267413793127076e+00
2.519999999999988916e+00 -4.860656551724161112e+00
2.529999999999988702e+00 -4.888202931034506094e+00
2.539999999999988489e+00 -4.915907586206920143e+00
2.549999999999988276e+00 -4.943771551724161384e+00
2.559999999999988063e+00 -4.971795862068988825e+00
2.569999999999987850e+00 -4.999981551724161477e+00
2.579999999999987637e+00 -5.028329655172437462e+00
2.589999999999987423e+00 -5.056841206896574903e+00
2.599999999999987210e+00 -5.085517241379333697e+00
2.609999999999986997e+00 -5.114358793103471967e+00
2.619999999999986784e+00 -5.143366896551747836e+00
2.629999999999986571e+00 -5.172542586206920312e+00
2.639999999999986358e+00 -5.201886896551747519e+00
2.649999999999986144e+00 -5.231400862068988467e+00
2.659999999999985931e+00 -5.261085517241402165e+00
2.669999999999985718e+00 -5.290941896551746737e+00
2.679999999999985505e+00 -5.320971034482781192e+00
2.689999999999985292e+00 -5.351173965517263653e+00
2.699999999999985079e+00 -5.381551724137953130e+00
2.709999999999984865e+00 -5.412105344827608633e+00
2.719999999999984652e+00 -5.442835862068987396e+00
2.729999999999984439e+00 -5.473744310344849318e+00
2.739999999999984226e+00 -5.504831724137952520e+00
2.749999999999984013e+00 -5.536099137931056013e+00
2.759999999999983800e+00 -5.567547586206917920e+00
2.769999999999983586e+00 -5.599178103448297250e+00
2.779999999999983373e+00 -5.630991724137952126e+00
2.789999999999983160e+00 -5.662989482758641557e+00
2.799999999999982947e+00 -5.695172413793124555e+00
2.809999999999982734e+00 -5.727541551724159241e+00
2.819999999999982521e+00 -5.760097931034503738e+00
2.829999999999982307e+00 -5.792842586206917055e+00
2.839999999999982094e+00 -5.825776551724158203e+00
2.849999999999981881e+00 -5.858900862068985305e+00
2.859999999999981668e+00 -5.892216551724157370e+00
2.869999999999981455e+00 -5.925724655172433408e+00
2.879999999999981242e+00 -5.959426206896571543e+00
2.889999999999981029e+00 -5.993322241379329895e+00
2.899999999999980815e+00 -6.027413793103467476e+00
2.909999999999980602e+00 -6.061701896551743296e+00
2.919999999999980389e+00 -6.096187586206915476e+00
2.929999999999980176e+00 -6.130871896551743028e+00
2.939999999999979963e+00 -6.165755862068984072e+00
2.949999999999979750e+00 -6.200840517241397620e+00
2.959999999999979536e+00 -6.236126896551742682e+00
2.969999999999979323e+00 -6.271616034482777380e+00
2.979999999999979110e+00 -6.307308965517259836e+00
2.989999999999978897e+00 -6.343206724137949060e+00
2.994999999999989448e+00 -6.361232737069021148e+00
3.000000000000000000e+00 -6.379310344827680446e+00
3.009999999999999787e+00 -6.415620862464175289e+00
3.019999999999999574e+00 -6.452139317169635291e+00
3.029999999999999361e+00 -6.488866758944061175e+00
3.039999999999999147e+00 -6.525804248132279994e+00
3.049999999999998934e+00 -6.562952855423946907e+00
3.059999999999998721e+00 -6.600313661853545177e+00
3.069999999999998508e+00 -6.637887758800384397e+00
3.079999999999998295e+00 -6.675676247988603151e+00
3.089999999999998082e+00 -6.713680241487166356e+00
3.099999999999997868e+00 -6.751900861709867918e+00
3.109999999999997655e+00 -6.790339241415328075e+00
3.119999999999997442e+00 -6.828996523706995170e+00
3.129999999999997229e+00 -6.867873862033144761e+00
3.139999999999997016e+00 -6.906972420186880512e+00
3.149999999999996803e+00 -6.946293372306133307e+00
3.159999999999996589e+00 -6.985837902873662131e+00
3.169999999999996376e+00 -7.025607206717053188e+00
3.179999999999996163e+00 -7.065602489008719900e+00
3.189999999999995950e+00 -7.105824965265903792e+00
3.199999999999995737e+00 -7.146275861350674496e+00
3.209999999999995524e+00 -7.186956413469927973e+00
3.219999999999995310e+00 -7.227867868175388288e+00
3.229999999999995097e+00 -7.269011482363606724e+00
3.239999999999994884e+00 -7.310388523275963557e+00
3.249999999999994671e+00 -7.352000268498665392e+00
3.259999999999994458e+00 -7.393848005962746051e+00
3.269999999999994245e+00 -7.435933033944068349e+00
3.279999999999994031e+00 -7.478256661063321431e+00
3.289999999999993818e+00 -7.520820206286022547e+00
3.299999999999993605e+00 -7.563624998922517051e+00
3.309999999999993392e+00 -7.606672378627976627e+00
3.319999999999993179e+00 -7.649963695402401953e+00
3.329999999999992966e+00 -7.693500309590620923e+00
3.339999999999992752e+00 -7.737283591882287759e+00
3.349999999999992539e+00 -7.781314923311885678e+00
3.359999999999992326e+00 -7.825595695258725115e+00
3.369999999999992113e+00 -7.870127309446943720e+00
3.379999999999991900e+00 -7.914911177945507248e+00
3.389999999999991687e+00 -7.959948723168208673e+00
3.399999999999991473e+00 -8.005241377873668185e+00
3.409999999999991260e+00 -8.050790585165335855e+00
3.419999999999991047e+00 -8.096597798491485420e+00
3.429999999999990834e+00 -8.142664481645221386e+00
3.439999999999990621e+00 -8.188992108764473699e+00
3.449999999999990408e+00 -8.235582164332003074e+00
3.459999999999990195e+00 -8.282436143175393894e+00
3.469999999999989981e+00 -8.329555550467061309e+00
3.479999999999989768e+00 -8.376941901724245909e+00
3.489999999999989555e+00 -8.424596722809015503e+00
3.499999999999989342e+00 -8.472521549928268669e+00
3.509999999999989129e+00 -8.520717929633729426e+00
3.519999999999988916e+00 -8.569187418821947233e+00
3.529999999999988702e+00 -8.617931584734304096e+00
3.539999999999988489e+00 -8.666952004957005684e+00
3.549999999999988276e+00 -8.716250267421086662e+00
3.559999999999988063e+00 -8.765827970402408909e+00
3.569999999999987850e+00 -8.815686722521661522e+00
3.579999999999987637e+00 -8.865828142744362594e+00
3.589999999999987423e+00 -8.916253860380857432e+00
3.599999999999987210e+00 -8.966965515086316785e+00
3.609999999999986997e+00 -9.017964756860742170e+00
3.619999999999986784e+00 -9.069253246048960548e+00
3.629999999999986571e+00 -9.120832653340627871e+00
3.639999999999986358e+00 -9.172704659770225533e+00
3.649999999999986144e+00 -9.224870956717065695e+00
3.659999999999985931e+00 -9.277333245905284187e+00
3.669999999999985718e+00 -9.330093239403847605e+00
3.679999999999985505e+00 -9.383152659626549763e+00
3.689999999999985292e+00 -9.436513239332009917e+00
3.699999999999985079e+00 -9.490176721623676315e+00
3.709999999999984865e+00 -9.544144859949826198e+00
3.719999999999984652e+00 -9.598419418103562251e+00
3.729999999999984439e+00 -9.653002170222816147e+00
3.739999999999984226e+00 -9.707894900790345005e+00
3.749999999999984013e+00 -9.763099404633736711e+00
3.759999999999983800e+00 -9.818617486925402815e+00
3.769999999999983586e+00 -9.874450963182587415e+00
3.779999999999983373e+00 -9.930601659267358272e+00
3.789999999999983160e+00 -9.987071411386612141e+00
3.799999999999982947e+00 -1.004386206609207299e+01
3.809999999999982734e+00 -1.010097548028029202e+01
3.819999999999982521e+00 -1.015841352119264940e+01
3.829999999999982307e+00 -1.021617806641535076e+01
3.839999999999982094e+00 -1.027427100387943071e+01
3.849999999999981881e+00 -1.033269423186075286e+01
3.859999999999981668e+00 -1.039144965898000628e+01
3.869999999999981455e+00 -1.045053920420270721e+01
3.879999999999981242e+00 -1.050996479683920093e+01
3.889999999999981029e+00 -1.056972837654466169e+01
3.899999999999980815e+00 -1.062983189331908740e+01
3.909999999999980602e+00 -1.069027730750730676e+01
3.919999999999980389e+00 -1.075106658979897389e+01
3.929999999999980176e+00 -1.081220172122857193e+01
3.939999999999979963e+00 -1.087368469317541120e+01
3.949999999999979750e+00 -1.093551750736362926e+01
3.959999999999979536e+00 -1.099770217586219268e+01
3.969999999999979323e+00 -1.106024072108489342e+01
3.979999999999979110e+00 -1.112313517579035249e+01
3.989999999999978897e+00 -1.118638758308201986e+01
3.999999999999978684e+00 -1.124999999640816917e+01
4.009999999999979359e+00 -1.131397447956224944e+01
4.019999999999980034e+00 -1.137831310670699025e+01
4.029999999999980709e+00 -1.144301796245446035e+01
4.039999999999981384e+00 -1.150809114196845506e+01
4.049999999999982059e+00 -1.157353475106793717e+01
4.059999999999982734e+00 -1.163935090633049363e+01
4.069999999999983409e+00 -1.170554173519578001e+01
4.079999999999984084e+00 -1.177210937606897012e+01
4.089999999999984759e+00 -1.183905597842420043e+01
4.099999999999985434e+00 -1.190638370290802150e+01
4.109999999999986109e+00 -1.197409472144284948e+01
4.119999999999986784e+00 -1.204219121733040687e+01
4.129999999999987459e+00 -1.211067538535517762e+01
4.139999999999988134e+00 -1.217954943188784966e+01
4.149999999999988809e+00 -1.224881557498876994e+01
4.159999999999989484e+00 -1.231847604451138523e+01
4.169999999999990159e+00 -1.238853308220569538e+01
4.179999999999990834e+00 -1.245898894182170125e+01
4.189999999999991509e+00 -1.252984588921285081e+01
4.199999999999992184e+00 -1.260110620243948887e+01
4.209999999999992859e+00 -1.267277217187230498e+01
4.219999999999993534e+00 -1.274484610029578313e+01
4.229999999999994209e+00 -1.281733030301164611e+01
4.239999999999994884e+00 -1.289022710794230697e+01
4.249999999999995559e+00 -1.296353885573431874e+01
4.259999999999996234e+00 -1.303726789986181878e+01
4.269999999999996909e+00 -1.311141660672998022e+01
4.279999999999997584e+00 -1.318598735577845815e+01
4.289999999999998259e+00 -1.326098253958483753e+01
4.299999999999998934e+00 -1.333640456396808460e+01
4.309999999999999609e+00 -1.341225584809199312e+01
4.320000000000000284e+00 -1.348853882456863218e+01
4.330000000000000959e+00 -1.356525593956179421e+01
4.340000000000001634e+00 -1.364240965289044460e+01
4.350000000000002309e+00 -1.372000243813216969e+01
4.360000000000002984e+00 -1.379803678272662459e+01
4.370000000000003659e+00 -1.387651518807898121e+01
4.380000000000004334e+00 -1.395544016966337963e+01
4.390000000000005009e+00 -1.403481425712636899e+01
4.400000000000005684e+00 -1.411463999439036421e+01
4.410000000000006359e+00 -1.419491993975708866e+01
4.420000000000007034e+00 -1.427565666601102734e+01
4.430000000000007709e+00 -1.435685276052286774e+01
4.440000000000008384e+00 -1.443851082535295483e+01
4.450000000000009059e+00 -1.452063347735473720e+01
4.460000000000009734e+00 -1.460322334827821500e+01
4.470000000000010409e+00 -1.468628308487338963e+01
4.480000000000011084e+00 -1.476981534899370629e+01
4.490000000000011759e+00 -1.485382281769951263e+01
4.500000000000012434e+00 -1.493830818336149768e+01
4.510000000000013110e+00 -1.502327415376414343e+01
4.520000000000013785e+00 -1.510872345220917445e+01
4.530000000000014460e+00 -1.519465881761900405e+01
4.540000000000015135e+00 -1.528108300464018399e+01
4.550000000000015810e+00 -1.536799878374685235e+01
4.560000000000016485e+00 -1.545540894134418153e+01
4.570000000000017160e+00 -1.554331627987182785e+01
4.580000000000017835e+00 -1.563172361790737597e+01
4.590000000000018510e+00 -1.572063379026979213e+01
4.600000000000019185e+00 -1.581004964812286850e+01
4.610000000000019860e+00 -1.589997405907867467e+01
4.620000000000020535e+00 -1.599040990730100376e+01
4.630000000000021210e+00 -1.608136009360882213e+01
4.640000000000021885e+00 -1.617282753557971375e+01
4.650000000000022560e+00 -1.626481516765333524e+01
4.660000000000023235e+00 -1.635732594123486194e+01
4.670000000000023910e+00 -1.645036282479842882e+01
4.680000000000024585e+00 -1.654392880399058541e+01
4.690000000000025260e+00 -1.663802688173374733e+01
4.700000000000025935e+00 -1.673266007832964064e+01
4.710000000000026610e+00 -1.682783143156274619e+01
4.720000000000027285e+00 -1.692354399680375465e+01
4.730000000000027960e+00 -1.701980084711301089e+01
4.740000000000028635e+00 -1.711660507334396186e+01
4.750000000000029310e+00 -1.721395978424660811e+01
4.760000000000029985e+00 -1.731186810657095165e+01
4.770000000000030660e+00 -1.741033318517043682e+01
4.780000000000031335e+00 -1.750935818310541237e+01
4.790000000000032010e+00 -1.760894628174656518e+01
4.800000000000032685e+00 -1.770910068087837885e+01
4.810000000000033360e+00 -1.780982459880257807e+01
4.820000000000034035e+00 -1.791112127244157648e+01
4.830000000000034710e+00 -1.801299395744192466e+01
4.840000000000035385e+00 -1.811544592827776157e+01
4.850000000000036060e+00 -1.821848047835425888e+01
4.860000000000036735e+00 -1.832210092011107250e+01
4.870000000000037410e+00 -1.842631058512579045e+01
4.880000000000038085e+00 -1.853111282421737371e+01
4.890000000000038760e+00 -1.863651100754961831e+01
4.900000000000039435e+00 -1.874250852473459261e+01
4.910000000000040110e+00 -1.884910878493609232e+01
4.920000000000040785e+00 -1.895631521697307775e+01
4.930000000000041460e+00 -1.906413126942313951e+01
4.940000000000042135e+00 -1.917256041072593220e+01
4.950000000000042810e+00 -1.928160612928662587e+01
4.960000000000043485e+00 -1.939127193357936108e+01
4.970000000000044160e+00 -1.950156135225068610e+01
4.980000000000044835e+00 -1.961247793422301910e+01
4.990000000000021529e+00 -1.972402524879782959e+01
5.000000000000000000e+00 -1.983620688575986080e+01
