-1.000010000000000066e+00 5.155046585040105045e-01
-1.000000000000000000e+00 5.155538571770226230e-01
-9.899999999999999911e-01 5.638740228720735548e-01
-9.799999999999999822e-01 6.103358781215929563e-01
-9.699999999999999734e-01 6.547863026408583531e-01
-9.599999999999999645e-01 6.970788050420038129e-01
-9.499999999999999556e-01 7.370740056129095885e-01
-9.399999999999999467e-01 7.746400956587662368e-01
-9.299999999999999378e-01 8.096532718924932537e-01
-9.200000000000000400e-01 8.419981444424405881e-01
-9.100000000000000311e-01 8.715681171327238630e-01
-9.000000000000000222e-01 8.982657387829446893e-01
-8.900000000000000133e-01 9.220030243695505057e-01
-8.800000000000000044e-01 9.427017449904016022e-01
-8.699999999999999956e-01 9.602936856769432872e-01
-8.599999999999999867e-01 9.747208702043297368e-01
-8.499999999999999778e-01 9.859357521586116224e-01
-8.399999999999999689e-01 9.939013716313057634e-01
-8.299999999999999600e-01 9.985914770249442185e-01
-8.200000000000000622e-01 9.999906115681734819e-01
-8.100000000000000533e-01 9.980941642552887405e-01
-8.000000000000000444e-01 9.929083850423225943e-01
-7.900000000000000355e-01 9.844503642496101881e-01
-7.800000000000000266e-01 9.727479762387112316e-01
-7.700000000000000178e-01 9.578397875493075420e-01
-7.600000000000000089e-01 9.397749297988194916e-01
-7.500000000000000000e-01 9.186129377636212956e-01
-7.399999999999999911e-01 8.944235531754693991e-01
-7.299999999999999822e-01 8.672864948797575080e-01
-7.199999999999999734e-01 8.372911961130713454e-01
-7.099999999999999645e-01 8.045365097658679909e-01
-6.999999999999999556e-01 7.691303826016284706e-01
-6.899999999999999467e-01 7.311894995061171132e-01
-6.799999999999999378e-01 6.908388989391840429e-01
-6.699999999999999289e-01 6.482115608564140707e-01
-6.599999999999999201e-01 6.034479684586844250e-01
-6.499999999999999112e-01 5.566956452139291134e-01
-6.400000000000000133e-01 5.081086686769125116e-01
-6.300000000000000044e-01 4.578471627092641771e-01
-6.199999999999999956e-01 4.060767697732349801e-01
-6.099999999999999867e-01 3.529681050382784679e-01
-5.999999999999999778e-01 2.986961940995128684e-01
-5.899999999999999689e-01 2.434398961611327350e-01
-5.800000000000000711e-01 1.873813145857243234e-01
-5.700000000000000622e-01 1.307051967520953817e-01
-5.600000000000000533e-01 7.359832519944807527e-02
-5.500000000000000444e-01 1.624890206445447904e-02
-5.400000000000000355e-01 -4.115407116011630950e-02
-5.300000000000000266e-01 -9.842141650113298001e-02
-5.200000000000000178e-01 -1.553644029624547118e-01
-5.100000000000000089e-01 -2.117953685092134886e-01
-5.000000000000000000e-01 -2.675283385292212546e-01
-4.899999999999999911e-01 -3.223796387332788504e-01
-4.799999999999999822e-01 -3.761685004745147776e-01
-4.699999999999999734e-01 -4.287176564918531163e-01
-4.599999999999999645e-01 -4.798539251142638351e-01
-4.499999999999999556e-01 -5.294087810004972638e-01
-4.399999999999999467e-01 -5.772189105333531689e-01
-4.299999999999999378e-01 -6.231267500381298952e-01
-4.200000000000000400e-01 -6.669810050514827227e-01
-4.100000000000000311e-01 -7.086371489293992187e-01
-4.000000000000000222e-01 -7.479578991510508201e-01
-3.900000000000000133e-01 -7.848136697488304891e-01
-3.800000000000000044e-01 -8.190829983735209430e-01
-3.699999999999999956e-01 -8.506529465871711659e-01
-3.599999999999999867e-01 -8.794194720644554764e-01
-3.499999999999999778e-01 -9.052877714758927885e-01
-3.399999999999999689e-01 -9.281725929229127647e-01
-3.299999999999999600e-01 -9.479985168951030605e-01
-3.199999999999999512e-01 -9.647002048237138805e-01
-3.099999999999999423e-01 -9.782226144122794231e-01
-2.999999999999999334e-01 -9.885211810347184214e-01
-2.900000000000000355e-01 -9.955619646030802183e-01
-2.800000000000000266e-01 -9.993217614209384259e-01
-2.700000000000000178e-01 -9.997881806537864957e-01
-2.600000000000000089e-01 -9.969596851644326740e-01
-2.500000000000000000e-01 -9.908455965788065534e-01
-2.399999999999999911e-01 -9.814660645654922355e-01
-2.299999999999999822e-01 -9.688520004302196842e-01
-2.199999999999999734e-01 -9.530449752441720879e-01
-2.099999999999999645e-01 -9.340970828418312388e-01
-1.999999999999999556e-01 -9.120707681398698696e-01
-1.899999999999999467e-01 -8.870386213428846922e-01
-1.799999999999999378e-01 -8.590831387141905084e-01
-1.699999999999999289e-01 -8.282964507000775134e-01
-1.600000000000000311e-01 -7.947800183035349519e-01
-1.500000000000000222e-01 -7.586442987080692646e-01
-1.400000000000000133e-01 -7.200083812535998939e-01
-1.300000000000000044e-01 -6.789995949641038919e-01
-1.199999999999999956e-01 -6.357530889204557889e-01
-1.099999999999999867e-01 -5.904113868613879434e-01
-9.999999999999997780e-02 -5.431239174804325387e-01
-8.999999999999996891e-02 -4.940465219668076502e-01
-7.999999999999996003e-02 -4.433409404131991582e-01
-6.999999999999995115e-02 -3.911742787830414514e-01
-5.999999999999994227e-02 -3.377184581939667862e-01
-4.999999999999993339e-02 -2.831496483323695523e-01
-4.000000000000003553e-02 -2.276476868663332986e-01
-3.000000000000002665e-02 -1.713954867703091911e-01
-2.000000000000001776e-02 -1.145784335147796013e-01
-1.000000000000000888e-02 -5.738377410752708296e-02
0.000000000000000000e+00 0.000000000000000000e+00
9.999999999999999547e-07 5.155563170652393506e-07
1.000100000000000121e-02 5.399192858505943125e-03
2.000099999999999795e-02 1.127190715656391229e-02
3.000099999999999642e-02 1.759930585650376286e-02
4.000100000000000183e-02 2.436053587390846209e-02
5.000100000000000378e-02 3.153331492737120739e-02
6.000100000000000572e-02 3.909400428370521374e-02
7.000100000000000766e-02 4.701768684655491248e-02
8.000100000000001654e-02 5.527824922406104208e-02
9.000100000000002542e-02 6.384846780173550340e-02
1.000010000000000343e-01 7.270009845740425802e-02
1.100010000000000432e-01 8.180396964384885339e-02
1.200010000000000521e-01 9.113007852667588671e-02
1.300010000000000610e-01 1.006476898621102845e-01
1.400010000000000698e-01 1.103254372884396733e-01
1.500010000000000787e-01 1.201314266974023437e-01
1.600010000000000876e-01 1.300333413448172826e-01
1.700010000000000965e-01 1.399985483540601428e-01
1.800010000000001054e-01 1.499942062613889848e-01
1.900010000000001142e-01 1.599873732486924716e-01
2.000010000000001231e-01 1.699451157069672147e-01
2.100010000000001320e-01 1.798346167727409572e-01
2.200010000000001409e-01 1.896232844797478556e-01
2.300010000000001498e-01 1.992788591694295841e-01
2.400010000000001587e-01 2.087695198062788360e-01
2.500010000000001398e-01 2.180639888476511856e-01
2.600010000000001487e-01 2.271316353224349105e-01
2.700010000000001575e-01 2.359425757788713163e-01
2.800010000000001664e-01 2.444677727688407409e-01
2.900010000000001753e-01 2.526791305440482249e-01
3.000010000000001842e-01 2.605495876487310958e-01
3.100010000000001931e-01 2.680532061037388947e-01
3.200010000000002020e-01 2.751652568880694205e-01
3.300010000000002108e-01 2.818623014361466006e-01
3.400010000000002197e-01 2.881222688822574485e-01
3.500010000000002286e-01 2.939245287975792986e-01
3.600010000000002375e-01 2.992499591800851788e-01
3.700010000000002464e-01 3.040810094732582791e-01
3.800010000000002552e-01 3.084017584059306483e-01
3.900010000000002641e-01 3.121979664626282625e-01
4.000010000000002730e-01 3.154571228115002901e-01
4.100010000000002819e-01 3.181684865351768199e-01
4.200010000000002908e-01 3.203231220286734682e-01
4.300010000000002997e-01 3.219139284476855156e-01
4.400010000000003085e-01 3.229356631102213160e-01
4.500010000000003174e-01 3.233849587744521692e-01
4.600010000000003263e-01 3.232603347358374291e-01
4.700010000000003352e-01 3.225622017069535996e-01
4.800010000000003441e-01 3.212928604639445074e-01
4.900010000000003529e-01 3.194564942640540361e-01
5.000010000000003618e-01 3.170591550592300467e-01
5.100010000000002597e-01 3.141087435512341375e-01
5.200010000000001575e-01 3.106149831539877781e-01
5.300010000000000554e-01 3.065893879489648421e-01
5.400009999999999533e-01 3.020452247392375611e-01
5.500009999999998511e-01 2.969974693272304789e-01
5.600009999999997490e-01 2.914627571602741996e-01
5.700009999999996468e-01 2.854593285066125419e-01
5.800009999999995447e-01 2.790069683425408509e-01
5.900009999999994426e-01 2.721269411487850509e-01
6.000009999999993404e-01 2.648419208310069384e-01
6.100009999999992383e-01 2.571759159953903029e-01
6.200009999999991361e-01 2.491541908255714144e-01
6.300009999999990340e-01 2.408031818216719022e-01
6.400009999999989319e-01 2.321504106758308095e-01
6.500009999999988297e-01 2.232243935713636995e-01
6.600009999999987276e-01 2.140545472044640962e-01
6.700009999999986254e-01 2.046710918381629551e-01
6.800009999999985233e-01 1.951049517080432061e-01
6.900009999999984212e-01 1.853876531079331758e-01
7.000009999999983190e-01 1.755512204914492225e-01
7.100009999999982169e-01 1.656280709317966282e-01
7.200009999999981147e-01 1.556509072876482158e-01
7.300009999999980126e-01 1.456526104271849420e-01
7.400009999999979105e-01 1.356661308654858455e-01
7.500009999999978083e-01 1.257243801723889332e-01
7.600009999999977062e-01 1.158601225087004805e-01
7.700009999999976040e-01 1.061058666482073698e-01
7.800009999999975019e-01 9.649375884134624159e-02
7.900009999999973997e-01 8.705547687360910836e-02
8.000009999999972976e-01 7.782212566782818752e-02
8.100009999999971955e-01 6.882413477439414118e-02
8.200009999999970933e-01 6.009115808724041496e-02
8.300009999999969912e-01 5.165197611609090994e-02
8.400009999999968890e-01 4.353440113704384884e-02
8.500009999999967869e-01 3.576518553407875833e-02
8.600009999999966848e-01 2.836993363355748421e-02
8.700009999999965826e-01 2.137301732227857992e-02
8.800009999999964805e-01 1.479749572717525136e-02
8.900009999999963783e-01 8.665039221361744287e-03
9.000009999999962762e-01 2.995858006973715557e-03
9.100009999999961741e-01 -2.191364489830053587e-03
9.200009999999960719e-01 -6.879533192215287266e-03
9.300009999999959698e-01 -1.105319771139150892e-02
9.400009999999958676e-01 -1.469860326524048862e-02
9.500009999999957655e-01 -1.780373600826914288e-02
9.600009999999956634e-01 -2.035836262639532934e-02
9.700009999999955612e-01 -2.235406405526035867e-02
9.800009999999954591e-01 -2.378426325131567307e-02
9.900004999999978406e-01 -2.464421808507141765e-02
1.000000000000000000e+00 -2.493118067214258188e-02
1.009999999999999787e+00 -2.490458957462036993e-02
1.019999999999999574e+00 -2.482162645344011126e-02
1.029999999999999361e+00 -2.467764640781814137e-02
1.039999999999999147e+00 -2.446820562012168992e-02
1.049999999999998934e+00 -2.418907600731864255e-02
1.059999999999998721e+00 -2.383625915340126591e-02
1.069999999999998508e+00 -2.340599948707291003e-02
1.079999999999998295e+00 -2.289479665853472179e-02
1.089999999999998082e+00 -2.229941707531594292e-02
1.099999999999997868e+00 -2.161690455893388457e-02
1.109999999999997655e+00 -2.084459008731589721e-02
1.119999999999997442e+00 -1.998010059086205437e-02
1.129999999999997229e+00 -1.902136677316385374e-02
1.139999999999997016e+00 -1.796662993060389388e-02
1.149999999999996803e+00 -1.681444774836203873e-02
1.159999999999996589e+00 -1.556369905372659290e-02
1.169999999999996376e+00 -1.421358751104543489e-02
1.179999999999996163e+00 -1.276364424613998273e-02
1.189999999999995950e+00 -1.121372939153294016e-02
1.199999999999995737e+00 -9.564032547397342821e-03
1.209999999999995524e+00 -7.815072156707802281e-03
1.219999999999995310e+00 -5.967693796653201349e-03
1.229999999999995097e+00 -4.023067391941696075e-03
1.239999999999994884e+00 -1.982683359181871153e-03
1.249999999999994671e+00 1.516523049533069142e-04
1.259999999999994458e+00 2.377823975592234431e-03
1.269999999999994245e+00 4.693413371945072410e-03
1.279999999999994031e+00 7.095707527020861556e-03
1.289999999999993818e+00 9.581707728516256073e-03
1.299999999999993605e+00 1.214813940141016603e-02
1.309999999999993392e+00 1.479146289969509795e-02
1.319999999999993179e+00 1.750788517167983782e-02
1.329999999999992966e+00 2.029337226041913120e-02
1.339999999999992752e+00 2.314366259807382892e-02
1.349999999999992539e+00 2.605428105038838649e-02
1.359999999999992326e+00 2.902055366500057645e-02
1.369999999999992113e+00 3.203762307497871192e-02
1.379999999999991900e+00 3.510046450682226954e-02
1.389999999999991687e+00 3.820390234016973058e-02
1.399999999999991473e+00 4.134262716463928122e-02
1.409999999999991260e+00 4.451121327758959800e-02
1.419999999999991047e+00 4.770413656513491918e-02
1.429999999999990834e+00 5.091579270748544661e-02
1.439999999999990621e+00 5.414051564861537685e-02
1.449999999999990408e+00 5.737259626938961965e-02
1.459999999999990195e+00 6.060630120260990933e-02
1.469999999999989981e+00 6.383589172797309030e-02
1.479999999999989768e+00 6.705564268467119338e-02
1.489999999999989555e+00 7.025986133930466060e-02
1.499999999999989342e+00 7.344290614692737529e-02
1.509999999999989129e+00 7.659920534339438591e-02
1.519999999999988916e+00 7.972327530773912208e-02
1.529999999999988702e+00 8.280973863406483615e-02
1.539999999999988489e+00 8.585334185339225932e-02
1.549999999999988276e+00 8.884897274705923220e-02
1.559999999999988063e+00 9.179167719461392427e-02
1.569999999999987850e+00 9.467667550067761228e-02
1.579999999999987637e+00 9.749937814696990612e-02
1.589999999999987423e+00 1.002554009175839339e-01
1.599999999999987210e+00 1.029405793476644154e-01
1.609999999999986997e+00 1.055509824478712971e-01
1.619999999999986784e+00 1.080829256593985460e-01
1.629999999999986571e+00 1.105329829968532823e-01
1.639999999999986358e+00 1.128979983389771097e-01
1.649999999999986144e+00 1.151750958299996852e-01
1.659999999999985931e+00 1.173616893573458247e-01
1.669999999999985718e+00 1.194554910744612120e-01
1.679999999999985505e+00 1.214545189406687348e-01
1.689999999999985292e+00 1.233571032532071315e-01
1.699999999999985079e+00 1.251618921499247916e-01
1.709999999999984865e+00 1.268678560644939390e-01
1.719999999999984652e+00 1.284742911194626247e-01
1.729999999999984439e+00 1.299808214459622080e-01
1.739999999999984226e+00 1.313874004224256653e-01
1.749999999999984013e+00 1.326943108282342132e-01
1.759999999999983800e+00 1.339021639117859430e-01
1.769999999999983586e+00 1.350118973760577878e-01
1.779999999999983373e+00 1.360247722882995947e-01
1.789999999999983160e+00 1.369423689240447384e-01
1.799999999999982947e+00 1.377665815591339049e-01
1.809999999999982734e+00 1.384996122269153140e-01
1.819999999999982521e+00 1.391439634611955078e-01
1.829999999999982307e+00 1.397024300488568516e-01
1.839999999999982094e+00 1.401780898193221714e-01
1.849999999999981881e+00 1.405742935012207206e-01
1.859999999999981668e+00 1.408946536796840121e-01
1.869999999999981455e+00 1.411430328906639886e-01
1.879999999999981242e+00 1.413235308915101740e-01
1.889999999999981029e+00 1.414404711497568856e-01
1.899999999999980815e+00 1.414983865946482511e-01
1.909999999999980602e+00 1.415020046783586616e-01
1.919999999999980389e+00 1.414562317961408078e-01
1.929999999999980176e+00 1.413661371167468095e-01
1.939999999999979963e+00 1.412369358764103966e-01
1.949999999999979750e+00 1.410739721914492928e-01
1.959999999999979536e+00 1.408827014461210003e-01
1.969999999999979323e+00 1.406686723138109996e-01
1.979999999999979110e+00 1.404375084706706578e-01
1.989999999999978897e+00 1.401948900624546135e-01
1.994999999999989448e+00 1.400710712980645645e-01
2.000000000000000000e+00 1.399465350102271632e-01
2.009999999999999787e+00 1.396973110028987553e-01
2.019999999999999574e+00 1.394486308228148896e-01
2.029999999999999361e+00 1.392010815765174214e-01
2.039999999999999147e+00 1.389552958266210003e-01
2.049999999999998934e+00 1.387119495071289788e-01
2.059999999999998721e+00 1.384717596958173202e-01
2.069999999999998508e+00 1.382354822510237780e-01
2.079999999999998295e+00 1.380039093206315015e-01
2.089999999999998082e+00 1.377778667314563110e-01
2.099999999999997868e+00 1.375582112676413671e-01
2.109999999999997655e+00 1.373458278470282290e-01
2.119999999999997442e+00 1.371416266048104404e-01
2.129999999999997229e+00 1.369465398940802603e-01
2.139999999999997016e+00 1.367615192131538815e-01
2.149999999999996803e+00 1.365875320698014261e-01
2.159999999999996589e+00 1.364255587927159785e-01
2.169999999999996376e+00 1.362765893007297224e-01
2.179999999999996163e+00 1.361416198404248601e-01
2.189999999999995950e+00 1.360216497028905736e-01
2.199999999999995737e+00 1.359176779304465399e-01
2.209999999999995524e+00 1.358307000241862628e-01
2.219999999999995310e+00 1.357617046631909574e-01
2.229999999999995097e+00 1.357116704462260903e-01
2.239999999999994884e+00 1.356815626666587615e-01
2.249999999999994671e+00 1.356723301312245944e-01
2.259999999999994458e+00 1.356849020331280242e-01
2.269999999999994245e+00 1.357201848897813534e-01
2.279999999999994031e+00 1.357790595552743063e-01
2.289999999999993818e+00 1.358623783174200961e-01
2.299999999999993605e+00 1.359709620889447412e-01
2.309999999999993392e+00 1.361055977020765861e-01
2.319999999999993179e+00 1.362670353154519787e-01
2.329999999999992966e+00 1.364559859418828236e-01
2.339999999999992752e+00 1.366731191051336891e-01
2.349999999999992539e+00 1.369190606334306781e-01
2.359999999999992326e+00 1.371943905969739974e-01
2.369999999999992113e+00 1.374996413962511210e-01
2.379999999999991900e+00 1.378352960074509526e-01
2.389999999999991687e+00 1.382017863907612776e-01
2.399999999999991473e+00 1.385994920667953101e-01
2.409999999999991260e+00 1.390287388658386636e-01
2.419999999999991047e+00 1.394897978540388661e-01
2.429999999999990834e+00 1.399828844400763384e-01
2.439999999999990621e+00 1.405081576652607855e-01
2.449999999999990408e+00 1.410657196793926038e-01
2.459999999999990195e+00 1.416556154041166971e-01
2.469999999999989981e+00 1.422778323848781501e-01
2.479999999999989768e+00 1.429323008319675625e-01
2.489999999999989555e+00 1.436188938505210122e-01
2.499999999999989342e+00 1.443374278587162551e-01
2.509999999999989129e+00 1.450876631927874305e-01
2.519999999999988916e+00 1.458693048968640327e-01
2.529999999999988702e+00 1.466820036950311767e-01
2.539999999999988489e+00 1.475253571424078314e-01
2.549999999999988276e+00 1.483989109514493032e-01
2.559999999999988063e+00 1.493021604891031362e-01
2.569999999999987850e+00 1.502345524398841226e-01
2.579999999999987637e+00 1.511954866293880595e-01
2.589999999999987423e+00 1.521843180022340869e-01
2.599999999999987210e+00 1.532003587479174589e-01
2.609999999999986997e+00 1.542428805675667147e-01
2.619999999999986784e+00 1.553111170741346969e-01
2.629999999999986571e+00 1.564042663181135495e-01
2.639999999999986358e+00 1.575214934304497161e-01
2.649999999999986144e+00 1.586619333739491822e-01
2.659999999999985931e+00 1.598246937941049939e-01
2.669999999999985718e+00 1.610088579599522896e-01
2.679999999999985505e+00 1.622134877852585699e-01
2.689999999999985292e+00 1.634376269200926990e-01
2.699999999999985079e+00 1.646803039025839244e-01
2.709999999999984865e+00 1.659405353604841149e-01
2.719999999999984652e+00 1.672173292519818777e-01
2.729999999999984439e+00 1.685096881350882647e-01
2.739999999999984226e+00 1.698166124548194100e-01
2.749999999999984013e+00 1.711371038373425968e-01
2.759999999999983800e+00 1.724701683802299657e-01
2.769999999999983586e+00 1.738148199279760109e-01
2.779999999999983373e+00 1.751700833219843045e-01
2.789999999999983160e+00 1.765349976143125998e-01
2.799999999999982947e+00 1.779086192345852302e-01
2.809999999999982734e+00 1.792900250996357081e-01
2.819999999999982521e+00 1.806783156556313608e-01
2.829999999999982307e+00 1.820726178426544939e-01
2.839999999999982094e+00 1.834720879719698716e-01
2.849999999999981881e+00 1.848759145064960141e-01
2.859999999999981668e+00 1.862833207353172538e-01
2.869999999999981455e+00 1.876935673334221566e-01
2.879999999999981242e+00 1.891059547982324729e-01
2.889999999999981029e+00 1.905198257548928187e-01
2.899999999999980815e+00 1.919345671227236649e-01
2.909999999999980602e+00 1.933496121356977626e-01
2.919999999999980389e+00 1.947644422102816908e-01
2.929999999999980176e+00 1.961785886544862578e-01
2.939999999999979963e+00 1.975916342124938441e-01
2.949999999999979750e+00 1.990032144397720359e-01
2.959999999999979536e+00 2.004130189041416765e-01
2.969999999999979323e+00 2.018207922088411377e-01
2.979999999999979110e+00 2.032263348342151221e-01
2.989999999999978897e+00 2.046295037952542972e-01
2.994999999999989448e+00 2.053301691345944813e-01
3.000000000000000000e+00 2.060302132874208270e-01
3.009999999999999787e+00 2.074284322770789390e-01
3.019999999999999574e+00 2.088241612743898523e-01
3.029999999999999361e+00 2.102174086145186249e-01
3.039999999999999147e+00 2.116081887326570210e-01
3.049999999999998934e+00 2.129965226082826124e-01
3.059999999999998721e+00 2.143824381878504381e-01
3.069999999999998508e+00 2.157659707845242525e-01
3.079999999999998295e+00 2.171471634536299433e-01
3.089999999999998082e+00 2.185260673425936384e-01
3.099999999999997868e+00 2.199027420142116440e-01
3.109999999999997655e+00 2.212772557421863184e-01
3.119999999999997442e+00 2.226496857779543537e-01
3.129999999999997229e+00 2.240201185879278634e-01
3.139999999999997016e+00 2.253886500603664300e-01
3.149999999999996803e+00 2.267553856811984625e-01
3.159999999999996589e+00 2.281204406782122995e-01
3.169999999999996376e+00 2.294839401331420226e-01
3.179999999999996163e+00 2.308460190612783014e-01
3.189999999999995950e+00 2.322068224583422047e-01
3.199999999999995737e+00 2.335665053144673764e-01
3.209999999999995524e+00 2.349252325952444764e-01
3.219999999999995310e+00 2.362831791898903633e-01
3.229999999999995097e+00 2.376405298267128263e-01
3.239999999999994884e+00 2.389974789561495616e-01
3.249999999999994671e+00 2.403542306017667218e-01
3.259999999999994458e+00 2.417109981797080920e-01
3.269999999999994245e+00 2.430680042871901370e-01
3.279999999999994031e+00 2.444254804607395304e-01
3.289999999999993818e+00 2.457836669049704437e-01
3.299999999999993605e+00 2.471428121927949362e-01
3.309999999999993392e+00 2.485031729380549059e-01
3.319999999999993179e+00 2.498650134416540436e-01
3.329999999999992966e+00 2.512286053123563567e-01
3.339999999999992752e+00 2.525942270635007092e-01
3.349999999999992539e+00 2.539621636869606180e-01
3.359999999999992326e+00 2.553327062057533237e-01
3.369999999999992113e+00 2.567061512067725371e-01
3.379999999999991900e+00 2.580828003551846606e-01
3.389999999999991687e+00 2.594629598920892288e-01
3.399999999999991473e+00 2.608469401170986912e-01
3.409999999999991260e+00 2.622350548575429485e-01
3.419999999999991047e+00 2.636276209260478565e-01
3.429999999999990834e+00 2.650249575682754322e-01
3.439999999999990621e+00 2.664273859026456970e-01
3.449999999999990408e+00 2.678352283538865120e-01
3.459999999999990195e+00 2.692488080822785235e-01
3.469999999999989981e+00 2.706684484104758259e-01
3.479999999999989768e+00 2.720944722497916635e-01
3.489999999999989555e+00 2.735272015278396585e-01
3.499999999999989342e+00 2.749669566194169468e-01
3.509999999999989129e+00 2.764140557825047750e-01
3.519999999999988916e+00 2.778688146012453508e-01
3.529999999999988702e+00 2.793315454377306439e-01
3.539999999999988489e+00 2.808025568944097494e-01
3.549999999999988276e+00 2.822821532888866169e-01
3.559999999999988063e+00 2.837706341428389845e-01
3.569999999999987850e+00 2.852682936867427244e-01
3.579999999999987637e+00 2.867754203820342407e-01
3.589999999999987423e+00 2.882922964622848805e-01
3.599999999999987210e+00 2.898191974949005378e-01
3.609999999999986997e+00 2.913563919647899070e-01
3.619999999999986784e+00 2.929041408813741754e-01
3.629999999999986571e+00 2.944626974102328987e-01
3.639999999999986358e+00 2.960323065306001977e-01
3.649999999999986144e+00 2.976132047198400410e-01
3.659999999999985931e+00 2.992056196659401701e-01
3.669999999999985718e+00 3.008097700089726878e-01
3.679999999999985505e+00 3.024258651123728492e-01
3.689999999999985292e+00 3.040541048647902866e-01
3.699999999999985079e+00 3.056946795131651462e-01
3.709999999999984865e+00 3.073477695275798616e-01
3.719999999999984652e+00 3.090135454983315433e-01
3.729999999999984439e+00 3.106921680655642670e-01
3.739999999999984226e+00 3.123837878816933533e-01
3.749999999999984013e+00 3.140885456067450399e-01
3.759999999999983800e+00 3.158065719366277002e-01
3.769999999999983586e+00 3.175379876642404064e-01
3.779999999999983373e+00 3.192829037732183295e-01
3.789999999999983160e+00 3.210414215640054469e-01
3.799999999999982947e+00 3.228136328118395570e-01
3.809999999999982734e+00 3.245996199561284601e-01
3.819999999999982521e+00 3.263994563205934729e-01
3.829999999999982307e+00 3.282132063634548014e-01
3.839999999999982094e+00 3.300409259568339859e-01
3.849999999999981881e+00 3.318826626944531011e-01
3.859999999999981668e+00 3.337384562266160759e-01
3.869999999999981455e+00 3.356083386213685182e-01
3.879999999999981242e+00 3.374923347506458837e-01
3.889999999999981029e+00 3.393904627001370633e-01
3.899999999999980815e+00 3.413027342015127474e-01
3.909999999999980602e+00 3.432291550855944284e-01
3.919999999999980389e+00 3.451697257549701248e-01
3.929999999999980176e+00 3.471244416744994621e-01
3.939999999999979963e+00 3.490932938780917927e-01
3.949999999999979750e+00 3.510762694900867453e-01
3.959999999999979536e+00 3.530733522595192464e-01
3.969999999999979323e+00 3.550845231055085316e-01
3.979999999999979110e+00 3.571097606719730866e-01
3.989999999999978897e+00 3.591490418898439785e-01
3.999999999999978684e+00 3.612023425467095761e-01
4.009999999999979359e+00 3.632696378512986213e-01
4.019999999999980034e+00 3.653509028910941758e-01
4.029999999999980709e+00 3.674461128029399837e-01
4.039999999999981384e+00 3.695552428371534082e-01
4.049999999999982059e+00 3.716782684207644571e-01
4.059999999999982734e+00 3.738151652250908397e-01
4.069999999999983409e+00 3.759659092374259548e-01
4.079999999999984084e+00 3.781304768366041680e-01
4.089999999999984759e+00 3.803088448721937964e-01
4.099999999999985434e+00 3.825009907470573456e-01
4.109999999999986109e+00 3.847068925030063258e-01
4.119999999999986784e+00 3.869265289092688187e-01
4.129999999999987459e+00 3.891598795534780830e-01
4.139999999999988134e+00 3.914069249348822721e-01
4.149999999999988809e+00 3.936676465594681207e-01
4.159999999999989484e+00 3.959420270366852401e-01
4.169999999999990159e+00 3.982300501774521106e-01
4.179999999999990834e+00 4.005317010931206956e-01
4.189999999999991509e+00 4.028469662950738273e-01
4.199999999999992184e+00 4.051758337946267940e-01
4.209999999999992859e+00 4.075182932029041694e-01
4.219999999999993534e+00 4.098743358303625350e-01
4.229999999999994209e+00 4.122439547856311948e-01
4.239999999999994884e+00 4.146271450733453046e-01
4.249999999999995559e+00 4.170239036906483454e-01
4.259999999999996234e+00 4.194342297220470250e-01
4.269999999999996909e+00 4.218581244323047486e-01
4.279999999999997584e+00 4.242955913570685689e-01
4.289999999999998259e+00 4.267466363909303007e-01
4.299999999999998934e+00 4.292112678726318076e-01
4.309999999999999609e+00 4.316894966671335765e-01
4.320000000000000284e+00 4.341813362442764057e-01
4.330000000000000959e+00 4.366868027537764152e-01
4.340000000000001634e+00 4.392059150963067982e-01
4.350000000000002309e+00 4.417386949904317239e-01
4.360000000000002984e+00 4.442851670351717353e-01
4.370000000000003659e+00 4.468453587679948047e-01
4.380000000000004334e+00 4.494193007180417587e-01
4.390000000000005009e+00 4.520070264544103211e-01
4.400000000000005684e+00 4.546085726293392915e-01
4.410000000000006359e+00 4.572239790161499173e-01
4.420000000000007034e+00 4.598532885418200600e-01
4.430000000000007709e+00 4.624965473140829619e-01
4.440000000000008384e+00 4.651538046429622986e-01
4.450000000000009059e+00 4.678251130566717375e-01
4.460000000000009734e+00 4.705105283118269366e-01
4.470000000000010409e+00 4.732101093979363959e-01
4.480000000000011084e+00 4.759239185361562319e-01
4.490000000000011759e+00 4.786520211723128693e-01
4.500000000000012434e+00 4.813944859642170226e-01
4.510000000000013110e+00 4.841513847633104883e-01
4.520000000000013785e+00 4.869227925907060328e-01
4.530000000000014460e+00 4.897087876076999247e-01
4.540000000000015135e+00 4.925094510808538106e-01
4.550000000000015810e+00 4.953248673417610659e-01
4.560000000000016485e+00 4.981551237416305677e-01
4.570000000000017160e+00 5.010003106008369400e-01
4.580000000000017835e+00 5.038605211536042461e-01
4.590000000000018510e+00 5.067358514880049292e-01
4.600000000000019185e+00 5.096264004814716753e-01
4.610000000000019860e+00 5.125322697320355836e-01
4.620000000000020535e+00 5.154535634855157422e-01
4.630000000000021210e+00 5.183903885589017380e-01
4.640000000000021885e+00 5.213428542601806770e-01
4.650000000000022560e+00 5.243110723048730604e-01
4.660000000000023235e+00 5.272951567295527386e-01
4.670000000000023910e+00 5.302952238026360510e-01
4.680000000000024585e+00 5.333113919327336916e-01
4.690000000000025260e+00 5.363437815748679505e-01
4.700000000000025935e+00 5.393925151348638591e-01
4.710000000000026610e+00 5.424577168722296561e-01
4.720000000000027285e+00 5.455395128018467599e-01
4.730000000000027960e+00 5.486380305947924363e-01
4.740000000000028635e+00 5.517533994786233409e-01
4.750000000000029310e+00 5.548857501374472312e-01
4.760000000000029985e+00 5.580352146121133616e-01
4.770000000000030660e+00 5.612019262008490772e-01
4.780000000000031335e+00 5.643860193606717868e-01
4.790000000000032010e+00 5.675876296098997242e-01
4.800000000000032685e+00 5.708068934320836840e-01
4.810000000000033360e+00 5.740439481816758116e-01
4.820000000000034035e+00 5.772989319917468665e-01
4.830000000000034710e+00 5.805719836840553816e-01
4.840000000000035385e+00 5.838632426817659260e-01
4.850000000000036060e+00 5.871728489251034633e-01
4.860000000000036735e+00 5.905009427902220276e-01
4.870000000000037410e+00 5.938476650115547262e-01
4.880000000000038085e+00 5.972131566079020848e-01
4.890000000000038760e+00 6.005975588125009867e-01
4.900000000000039435e+00 6.040010130073050210e-01
4.910000000000040110e+00 6.074236606616938428e-01
4.920000000000040785e+00 6.108656432758118315e-01
4.930000000000041460e+00 6.143271023287244503e-01
4.940000000000042135e+00 6.178081792315617271e-01
4.950000000000042810e+00 6.213090152858045112e-01
4.960000000000043485e+00 6.248297516468499513e-01
4.970000000000044160e+00 6.283705292929769870e-01
4.980000000000044835e+00 6.319314889998139950e-01
4.990000000000021529e+00 6.355127713203840845e-01
5.000000000000000000e+00 6.391145165708431719e-01
