-1.000010000000000066e+00 -1.448275862068965747e+00
-1.000000000000000000e+00 -1.448275862068965747e+00
-9.899999999999999911e-01 -1.448275862068965969e+00
-9.799999999999999822e-01 -1.448275862068965747e+00
-9.699999999999999734e-01 -1.448275862068965303e+00
-9.599999999999999645e-01 -1.448275862068965081e+00
-9.499999999999999556e-01 -1.448275862068965525e+00
-9.399999999999999467e-01 -1.448275862068965525e+00
-9.299999999999999378e-01 -1.448275862068965969e+00
-9.200000000000000400e-01 -1.448275862068965525e+00
-9.100000000000000311e-01 -1.448275862068965747e+00
-9.000000000000000222e-01 -1.448275862068965525e+00
-8.900000000000000133e-01 -1.448275862068965747e+00
-8.800000000000000044e-01 -1.448275862068965969e+00
-8.699999999999999956e-01 -1.448275862068965525e+00
-8.599999999999999867e-01 -1.448275862068965081e+00
-8.499999999999999778e-01 -1.448275862068965525e+00
-8.399999999999999689e-01 -1.448275862068965525e+00
-8.299999999999999600e-01 -1.448275862068965525e+00
-8.200000000000000622e-01 -1.448275862068965969e+00
-8.100000000000000533e-01 -1.448275862068965525e+00
-8.000000000000000444e-01 -1.448275862068965747e+00
-7.900000000000000355e-01 -1.448275862068965747e+00
-7.800000000000000266e-01 -1.448275862068965747e+00
-7.700000000000000178e-01 -1.448275862068965747e+00
-7.600000000000000089e-01 -1.448275862068965747e+00
-7.500000000000000000e-01 -1.448275862068965747e+00
-7.399999999999999911e-01 -1.448275862068965747e+00
-7.299999999999999822e-01 -1.448275862068965747e+00
-7.199999999999999734e-01 -1.448275862068965747e+00
-7.099999999999999645e-01 -1.448275862068965747e+00
-6.999999999999999556e-01 -1.448275862068965747e+00
-6.899999999999999467e-01 -1.448275862068965747e+00
-6.799999999999999378e-01 -1.448275862068965747e+00
-6.699999999999999289e-01 -1.448275862068965969e+00
-6.599999999999999201e-01 -1.448275862068965525e+00
-6.499999999999999112e-01 -1.448275862068965969e+00
-6.400000000000000133e-01 -1.448275862068965969e+00
-6.300000000000000044e-01 -1.448275862068965525e+00
-6.199999999999999956e-01 -1.448275862068965747e+00
-6.099999999999999867e-01 -1.448275862068965969e+00
-5.999999999999999778e-01 -1.448275862068965525e+00
-5.899999999999999689e-01 -1.448275862068965969e+00
-5.800000000000000711e-01 -1.448275862068965969e+00
-5.700000000000000622e-01 -1.448275862068965525e+00
-5.600000000000000533e-01 -1.448275862068965747e+00
-5.500000000000000444e-01 -1.448275862068965747e+00
-5.400000000000000355e-01 -1.448275862068965747e+00
-5.300000000000000266e-01 -1.448275862068965747e+00
-5.200000000000000178e-01 -1.448275862068965747e+00
-5.100000000000000089e-01 -1.448275862068965747e+00
-5.000000000000000000e-01 -1.448275862068965747e+00
-4.899999999999999911e-01 -1.448275862068965747e+00
-4.799999999999999822e-01 -1.448275862068965747e+00
-4.699999999999999734e-01 -1.448275862068965747e+00
-4.599999999999999645e-01 -1.448275862068965747e+00
-4.499999999999999556e-01 -1.448275862068965969e+00
-4.399999999999999467e-01 -1.448275862068965525e+00
-4.299999999999999378e-01 -1.448275862068965969e+00
-4.200000000000000400e-01 -1.448275862068965969e+00
-4.100000000000000311e-01 -1.448275862068965525e+00
-4.000000000000000222e-01 -1.448275862068965747e+00
-3.900000000000000133e-01 -1.448275862068965747e+00
-3.800000000000000044e-01 -1.448275862068965747e+00
-3.699999999999999956e-01 -1.448275862068965747e+00
-3.599999999999999867e-01 -1.448275862068965747e+00
-3.499999999999999778e-01 -1.448275862068965747e+00
-3.399999999999999689e-01 -1.448275862068965747e+00
-3.299999999999999600e-01 -1.448275862068965747e+00
-3.199999999999999512e-01 -1.448275862068965969e+00
-3.099999999999999423e-01 -1.448275862068965525e+00
-2.999999999999999334e-01 -1.448275862068965969e+00
-2.900000000000000355e-01 -1.448275862068965969e+00
-2.800000000000000266e-01 -1.448275862068965525e+00
-2.700000000000000178e-01 -1.448275862068965747e+00
-2.600000000000000089e-01 -1.448275862068965747e+00
-2.500000000000000000e-01 -1.448275862068965747e+00
-2.399999999999999911e-01 -1.448275862068965747e+00
-2.299999999999999822e-01 -1.448275862068965747e+00
-2.199999999999999734e-01 -1.448275862068965747e+00
-2.099999999999999645e-01 -1.448275862068965747e+00
-1.999999999999999556e-01 -1.448275862068965747e+00
-1.899999999999999467e-01 -1.448275862068965969e+00
-1.799999999999999378e-01 -1.448275862068965525e+00
-1.699999999999999289e-01 -1.448275862068965969e+00
-1.600000000000000311e-01 -1.448275862068965969e+00
-1.500000000000000222e-01 -1.448275862068965525e+00
-1.400000000000000133e-01 -1.448275862068965747e+00
-1.300000000000000044e-01 -1.448275862068965747e+00
-1.199999999999999956e-01 -1.448275862068965747e+00
-1.099999999999999867e-01 -1.448275862068965747e+00
-9.999999999999997780e-02 -1.448275862068965747e+00
-8.999999999999996891e-02 -1.448275862068965747e+00
-7.999999999999996003e-02 -1.448275862068965747e+00
-6.999999999999995115e-02 -1.448275862068965969e+00
-5.999999999999994227e-02 -1.448275862068965525e+00
-4.999999999999993339e-02 -1.448275862068965969e+00
-4.000000000000003553e-02 -1.448275862068966191e+00
-3.000000000000002665e-02 -1.448275862068965303e+00
-2.000000000000001776e-02 -1.448275862068965303e+00
-1.000000000000000888e-02 -1.448275862068965969e+00
0.000000000000000000e+00 -1.448275862068965525e+00
9.999999999999999547e-07 -1.448277310344827651e+00
1.000100000000000121e-02 -1.462760068965517357e+00
2.000099999999999795e-02 -1.477242827586207063e+00
3.000099999999999642e-02 -1.491725586206896770e+00
4.000100000000000183e-02 -1.506208344827586476e+00
5.000100000000000378e-02 -1.520691103448276182e+00
6.000100000000000572e-02 -1.535173862068965889e+00
7.000100000000000766e-02 -1.549656620689655595e+00
8.000100000000001654e-02 -1.564139379310345301e+00
9.000100000000002542e-02 -1.578622137931035008e+00
1.000010000000000343e-01 -1.593104896551724714e+00
1.100010000000000432e-01 -1.607587655172414420e+00
1.200010000000000521e-01 -1.622070413793104127e+00
1.300010000000000610e-01 -1.636553172413793833e+00
1.400010000000000698e-01 -1.651035931034483539e+00
1.500010000000000787e-01 -1.665518689655173246e+00
1.600010000000000876e-01 -1.680001448275862952e+00
1.700010000000000965e-01 -1.694484206896552658e+00
1.800010000000001054e-01 -1.708966965517242365e+00
1.900010000000001142e-01 -1.723449724137932071e+00
2.000010000000001231e-01 -1.737932482758621777e+00
2.100010000000001320e-01 -1.752415241379311484e+00
2.200010000000001409e-01 -1.766898000000001190e+00
2.300010000000001498e-01 -1.781380758620690896e+00
2.400010000000001587e-01 -1.795863517241380602e+00
2.500010000000001398e-01 -1.810346275862070309e+00
2.600010000000001487e-01 -1.824829034482760015e+00
2.700010000000001575e-01 -1.839311793103449721e+00
2.800010000000001664e-01 -1.853794551724139428e+00
2.900010000000001753e-01 -1.868277310344829134e+00
3.000010000000001842e-01 -1.882760068965518840e+00
3.100010000000001931e-01 -1.897242827586208547e+00
3.200010000000002020e-01 -1.911725586206898253e+00
3.300010000000002108e-01 -1.926208344827587959e+00
3.400010000000002197e-01 -1.940691103448277666e+00
3.500010000000002286e-01 -1.955173862068967372e+00
3.600010000000002375e-01 -1.969656620689657078e+00
3.700010000000002464e-01 -1.984139379310346785e+00
3.800010000000002552e-01 -1.998622137931036491e+00
3.900010000000002641e-01 -2.013104896551725975e+00
4.000010000000002730e-01 -2.027587655172415460e+00
4.100010000000002819e-01 -2.042070413793104944e+00
4.200010000000002908e-01 -2.056553172413794428e+00
4.300010000000002997e-01 -2.071035931034483912e+00
4.400010000000003085e-01 -2.085518689655173397e+00
4.500010000000003174e-01 -2.100001448275862881e+00
4.600010000000003263e-01 -2.114484206896552365e+00
4.700010000000003352e-01 -2.128966965517241849e+00
4.800010000000003441e-01 -2.143449724137931334e+00
4.900010000000003529e-01 -2.157932482758620818e+00
5.000010000000003618e-01 -2.172415241379310302e+00
5.100010000000002597e-01 -2.186897999999999787e+00
5.200010000000001575e-01 -2.201380758620689271e+00
5.300010000000000554e-01 -2.215863517241378755e+00
5.400009999999999533e-01 -2.230346275862068239e+00
5.500009999999998511e-01 -2.244829034482757724e+00
5.600009999999997490e-01 -2.259311793103447208e+00
5.700009999999996468e-01 -2.273794551724136692e+00
5.800009999999995447e-01 -2.288277310344826176e+00
5.900009999999994426e-01 -2.302760068965515661e+00
6.000009999999993404e-01 -2.317242827586205145e+00
6.100009999999992383e-01 -2.331725586206894629e+00
6.200009999999991361e-01 -2.346208344827584114e+00
6.300009999999990340e-01 -2.360691103448273598e+00
6.400009999999989319e-01 -2.375173862068963082e+00
6.500009999999988297e-01 -2.389656620689652566e+00
6.600009999999987276e-01 -2.404139379310342051e+00
6.700009999999986254e-01 -2.418622137931031535e+00
6.800009999999985233e-01 -2.433104896551721019e+00
6.900009999999984212e-01 -2.447587655172410503e+00
7.000009999999983190e-01 -2.462070413793099988e+00
7.100009999999982169e-01 -2.476553172413789472e+00
7.200009999999981147e-01 -2.491035931034478956e+00
7.300009999999980126e-01 -2.505518689655168441e+00
7.400009999999979105e-01 -2.520001448275857925e+00
7.500009999999978083e-01 -2.534484206896547409e+00
7.600009999999977062e-01 -2.548966965517236893e+00
7.700009999999976040e-01 -2.563449724137926378e+00
7.800009999999975019e-01 -2.577932482758615862e+00
7.900009999999973997e-01 -2.592415241379305346e+00
8.000009999999972976e-01 -2.606897999999994830e+00
8.100009999999971955e-01 -2.621380758620684315e+00
8.200009999999970933e-01 -2.635863517241373799e+00
8.300009999999969912e-01 -2.650346275862063283e+00
8.400009999999968890e-01 -2.664829034482752768e+00
8.500009999999967869e-01 -2.679311793103442252e+00
8.600009999999966848e-01 -2.693794551724131736e+00
8.700009999999965826e-01 -2.708277310344821220e+00
8.800009999999964805e-01 -2.722760068965510705e+00
8.900009999999963783e-01 -2.737242827586200189e+00
9.000009999999962762e-01 -2.751725586206889673e+00
9.100009999999961741e-01 -2.766208344827579158e+00
9.200009999999960719e-01 -2.780691103448268642e+00
9.300009999999959698e-01 -2.795173862068958126e+00
9.400009999999958676e-01 -2.809656620689647610e+00
9.500009999999957655e-01 -2.824139379310337095e+00
9.600009999999956634e-01 -2.838622137931026579e+00
9.700009999999955612e-01 -2.853104896551716063e+00
9.800009999999954591e-01 -2.867587655172405547e+00
9.900004999999978406e-01 -2.882069689655167632e+00
1.000000000000000000e+00 -2.896551724137929273e+00
1.009999999999999787e+00 -2.911106896551722389e+00
1.019999999999999574e+00 -2.925806896551722325e+00
1.029999999999999361e+00 -2.940651724137929079e+00
1.039999999999999147e+00 -2.955641379310342653e+00
1.049999999999998934e+00 -2.970775862068963491e+00
1.059999999999998721e+00 -2.986055172413791148e+00
1.069999999999998508e+00 -3.001479310344825624e+00
1.079999999999998295e+00 -3.017048275862066919e+00
1.089999999999998082e+00 -3.032762068965515034e+00
1.099999999999997868e+00 -3.048620689655169969e+00
1.109999999999997655e+00 -3.064624137931032166e+00
1.119999999999997442e+00 -3.080772413793101183e+00
1.129999999999997229e+00 -3.097065517241377020e+00
1.139999999999997016e+00 -3.113503448275859675e+00
1.149999999999996803e+00 -3.130086206896549150e+00
1.159999999999996589e+00 -3.146813793103445445e+00
1.169999999999996376e+00 -3.163686206896549002e+00
1.179999999999996163e+00 -3.180703448275859380e+00
1.189999999999995950e+00 -3.197865517241376576e+00
1.199999999999995737e+00 -3.215172413793100592e+00
1.209999999999995524e+00 -3.232624137931031427e+00
1.219999999999995310e+00 -3.250220689655169082e+00
1.229999999999995097e+00 -3.267962068965514000e+00
1.239999999999994884e+00 -3.285848275862065737e+00
1.249999999999994671e+00 -3.303879310344824294e+00
1.259999999999994458e+00 -3.322055172413789670e+00
1.269999999999994245e+00 -3.340375862068961865e+00
1.279999999999994031e+00 -3.358841379310341324e+00
1.289999999999993818e+00 -3.377451724137927602e+00
1.299999999999993605e+00 -3.396206896551720700e+00
1.309999999999993392e+00 -3.415106896551720617e+00
1.319999999999993179e+00 -3.434151724137927353e+00
1.329999999999992966e+00 -3.453341379310340908e+00
1.339999999999992752e+00 -3.472675862068961727e+00
1.349999999999992539e+00 -3.492155172413789366e+00
1.359999999999992326e+00 -3.511779310344823823e+00
1.369999999999992113e+00 -3.531548275862065100e+00
1.379999999999991900e+00 -3.551462068965513197e+00
1.389999999999991687e+00 -3.571520689655168113e+00
1.399999999999991473e+00 -3.591724137931030292e+00
1.409999999999991260e+00 -3.612072413793099290e+00
1.419999999999991047e+00 -3.632565517241375108e+00
1.429999999999990834e+00 -3.653203448275857745e+00
1.439999999999990621e+00 -3.673986206896547202e+00
1.449999999999990408e+00 -3.694913793103443478e+00
1.459999999999990195e+00 -3.715986206896546573e+00
1.469999999999989981e+00 -3.737203448275856932e+00
1.479999999999989768e+00 -3.758565517241374110e+00
1.489999999999989555e+00 -3.780072413793098107e+00
1.499999999999989342e+00 -3.801724137931028924e+00
1.509999999999989129e+00 -3.823520689655166560e+00
1.519999999999988916e+00 -3.845462068965511016e+00
1.529999999999988702e+00 -3.867548275862062734e+00
1.539999999999988489e+00 -3.889779310344821273e+00
1.549999999999988276e+00 -3.912155172413786630e+00
1.559999999999988063e+00 -3.934675862068958807e+00
1.569999999999987850e+00 -3.957341379310337803e+00
1.579999999999987637e+00 -3.980151724137923619e+00
1.589999999999987423e+00 -4.003106896551716254e+00
1.599999999999987210e+00 -4.026206896551715708e+00
1.609999999999986997e+00 -4.049451724137922426e+00
1.619999999999986784e+00 -4.072841379310336407e+00
1.629999999999986571e+00 -4.096375862068956764e+00
1.639999999999986358e+00 -4.120055172413784383e+00
1.649999999999986144e+00 -4.143879310344818379e+00
1.659999999999985931e+00 -4.167848275862059637e+00
1.669999999999985718e+00 -4.191962068965507271e+00
1.679999999999985505e+00 -4.216220689655162168e+00
1.689999999999985292e+00 -4.240624137931024329e+00
1.699999999999985079e+00 -4.265172413793092865e+00
1.709999999999984865e+00 -4.289865517241368664e+00
1.719999999999984652e+00 -4.314703448275850839e+00
1.729999999999984439e+00 -4.339686206896540277e+00
1.739999999999984226e+00 -4.364813793103436979e+00
1.749999999999984013e+00 -4.390086206896540055e+00
1.759999999999983800e+00 -4.415503448275850396e+00
1.769999999999983586e+00 -4.441065517241367111e+00
1.779999999999983373e+00 -4.466772413793091090e+00
1.789999999999983160e+00 -4.492624137931021444e+00
1.799999999999982947e+00 -4.518620689655159062e+00
1.809999999999982734e+00 -4.544762068965503943e+00
1.819999999999982521e+00 -4.571048275862055199e+00
1.829999999999982307e+00 -4.597479310344813719e+00
1.839999999999982094e+00 -4.624055172413778614e+00
1.849999999999981881e+00 -4.650775862068950772e+00
1.859999999999981668e+00 -4.677641379310330194e+00
1.869999999999981455e+00 -4.704651724137915991e+00
1.879999999999981242e+00 -4.731806896551709052e+00
1.889999999999981029e+00 -4.759106896551708488e+00
1.899999999999980815e+00 -4.786551724137915187e+00
1.909999999999980602e+00 -4.814141379310328261e+00
1.919999999999980389e+00 -4.841875862068948599e+00
1.929999999999980176e+00 -4.869755172413776201e+00
1.939999999999979963e+00 -4.897779310344810177e+00
1.949999999999979750e+00 -4.925948275862051418e+00
1.959999999999979536e+00 -4.954262068965499033e+00
1.969999999999979323e+00 -4.982720689655153912e+00
1.979999999999979110e+00 -5.011324137931016054e+00
1.989999999999978897e+00 -5.040072413793084571e+00
1.994999999999989448e+00 -5.054500862068977085e+00
2.000000000000000000e+00 -5.068965517241421637e+00
2.009999999999999787e+00 -5.098003689655214998e+00
2.019999999999999574e+00 -5.127188137931076639e+00
2.029999999999999361e+00 -5.156520310344869351e+00
2.039999999999999147e+00 -5.186001655172455926e+00
2.049999999999998934e+00 -5.215633620689697381e+00
2.059999999999998721e+00 -5.245417655172455618e+00
2.069999999999998508e+00 -5.275355206896593430e+00
2.079999999999998295e+00 -5.305447724137972720e+00
2.089999999999998082e+00 -5.335696655172455394e+00
2.099999999999997868e+00 -5.366103448275903354e+00
2.109999999999997655e+00 -5.396669551724179392e+00
2.119999999999997442e+00 -5.427396413793144525e+00
2.129999999999997229e+00 -5.458285482758661544e+00
2.139999999999997016e+00 -5.489338206896592354e+00
2.149999999999996803e+00 -5.520556034482798857e+00
2.159999999999996589e+00 -5.551940413793143847e+00
2.169999999999996376e+00 -5.583492793103488339e+00
2.179999999999996163e+00 -5.615214620689695124e+00
2.189999999999995950e+00 -5.647107344827626108e+00
2.199999999999995737e+00 -5.679172413793143193e+00
2.209999999999995524e+00 -5.711411275862108283e+00
2.219999999999995310e+00 -5.743825379310384172e+00
2.229999999999995097e+00 -5.776416172413832761e+00
2.239999999999994884e+00 -5.809185103448315068e+00
2.249999999999994671e+00 -5.842133620689694773e+00
2.259999999999994458e+00 -5.875263172413832891e+00
2.269999999999994245e+00 -5.908575206896591325e+00
2.279999999999994031e+00 -5.942071172413832869e+00
2.289999999999993818e+00 -5.975752517241419426e+00
2.299999999999993605e+00 -6.009620689655212900e+00
2.309999999999993392e+00 -6.043677137931075194e+00
2.319999999999993179e+00 -6.077923310344868213e+00
2.329999999999992966e+00 -6.112360655172454749e+00
2.339999999999992752e+00 -6.146990620689695817e+00
2.349999999999992539e+00 -6.181814655172454209e+00
2.359999999999992326e+00 -6.216834206896591830e+00
2.369999999999992113e+00 -6.252050724137971471e+00
2.379999999999991900e+00 -6.287465655172454149e+00
2.389999999999991687e+00 -6.323080448275902654e+00
2.399999999999991473e+00 -6.358896551724178892e+00
2.409999999999991260e+00 -6.394915413793144765e+00
2.419999999999991047e+00 -6.431138482758662178e+00
2.429999999999990834e+00 -6.467567206896593035e+00
2.439999999999990621e+00 -6.504203034482800128e+00
2.449999999999990408e+00 -6.541047413793144472e+00
2.459999999999990195e+00 -6.578101793103488859e+00
2.469999999999989981e+00 -6.615367620689696082e+00
2.479999999999989768e+00 -6.652846344827627156e+00
2.489999999999989555e+00 -6.690539413793143986e+00
2.499999999999989342e+00 -6.728448275862109362e+00
2.509999999999989129e+00 -6.766574379310385190e+00
2.519999999999988916e+00 -6.804919172413833373e+00
2.529999999999988702e+00 -6.843484103448315814e+00
2.539999999999988489e+00 -6.882270620689695306e+00
2.549999999999988276e+00 -6.921280172413832865e+00
2.559999999999988063e+00 -6.960514206896591283e+00
2.569999999999987850e+00 -6.999974172413832463e+00
2.579999999999987637e+00 -7.039661517241418309e+00
2.589999999999987423e+00 -7.079577689655211614e+00
2.599999999999987210e+00 -7.119724137931073393e+00
2.609999999999986997e+00 -7.160102310344866439e+00
2.619999999999986784e+00 -7.200713655172452654e+00
2.629999999999986571e+00 -7.241559620689693944e+00
2.639999999999986358e+00 -7.282641655172452211e+00
2.649999999999986144e+00 -7.323961206896590248e+00
2.659999999999985931e+00 -7.365519724137969071e+00
2.669999999999985718e+00 -7.407318655172451471e+00
2.679999999999985505e+00 -7.449359448275899354e+00
2.689999999999985292e+00 -7.491643551724175509e+00
2.699999999999985079e+00 -7.534172413793140954e+00
2.709999999999984865e+00 -7.576947482758658481e+00
2.719999999999984652e+00 -7.619970206896589104e+00
2.729999999999984439e+00 -7.663242034482795617e+00
2.739999999999984226e+00 -7.706764413793139923e+00
2.749999999999984013e+00 -7.750538793103484814e+00
2.759999999999983800e+00 -7.794566620689691305e+00
2.769999999999983586e+00 -7.838849344827622190e+00
2.779999999999983373e+00 -7.883388413793139371e+00
2.789999999999983160e+00 -7.928185275862104753e+00
2.799999999999982947e+00 -7.973241379310380239e+00
2.809999999999982734e+00 -8.018558172413827734e+00
2.819999999999982521e+00 -8.064137103448310029e+00
2.829999999999982307e+00 -8.109979620689689028e+00
2.839999999999982094e+00 -8.156087172413826636e+00
2.849999999999981881e+00 -8.202461206896584756e+00
2.859999999999981668e+00 -8.249103172413825291e+00
2.869999999999981455e+00 -8.296014517241411923e+00
2.879999999999981242e+00 -8.343196689655204779e+00
2.889999999999981029e+00 -8.390651137931067538e+00
2.899999999999980815e+00 -8.438379310344860329e+00
2.909999999999980602e+00 -8.486382655172446832e+00
2.919999999999980389e+00 -8.534662620689687174e+00
2.929999999999980176e+00 -8.583220655172445035e+00
2.939999999999979963e+00 -8.632058206896582320e+00
2.949999999999979750e+00 -8.681176724137960932e+00
2.959999999999979536e+00 -8.730577655172442775e+00
2.969999999999979323e+00 -8.780262448275891529e+00
2.979999999999979110e+00 -8.830232551724167323e+00
2.989999999999978897e+00 -8.880489413793132059e+00
2.994999999999989448e+00 -8.905725831896633693e+00
3.000000000000000000e+00 -8.931034482758755999e+00
3.009999999999999787e+00 -8.981869207449848957e+00
3.019999999999999574e+00 -9.032995044037493315e+00
3.029999999999999361e+00 -9.084413462521689908e+00
3.039999999999999147e+00 -9.136125947385195900e+00
3.049999999999998934e+00 -9.188133997593530111e+00
3.059999999999998721e+00 -9.240439126594967689e+00
3.069999999999998508e+00 -9.293042862320543662e+00
3.079999999999998295e+00 -9.345946747184049386e+00
3.089999999999998082e+00 -9.399152338082037872e+00
3.099999999999997868e+00 -9.452661206393820237e+00
3.109999999999997655e+00 -9.506474937981463924e+00
3.119999999999997442e+00 -9.560595133189798034e+00
3.129999999999997229e+00 -9.615023406846407994e+00
3.139999999999997016e+00 -9.669761388261639112e+00
3.149999999999996803e+00 -9.724810721228593025e+00
3.159999999999996589e+00 -9.780173064023133023e+00
3.169999999999996376e+00 -9.835850089403880503e+00
3.179999999999996163e+00 -9.891843484612214965e+00
3.189999999999995950e+00 -9.948154951372272237e+00
3.199999999999995737e+00 -1.000478620589095158e+01
3.209999999999995524e+00 -1.006173897885790680e+01
3.219999999999995310e+00 -1.011901501544555160e+01
3.229999999999995097e+00 -1.017661607530905776e+01
3.239999999999994884e+00 -1.023454393258635697e+01
3.249999999999994671e+00 -1.029280037589813901e+01
3.259999999999994458e+00 -1.035138720834785175e+01
3.269999999999994245e+00 -1.041030624752170297e+01
3.279999999999994031e+00 -1.046955932548865675e+01
3.289999999999993818e+00 -1.052914828880043885e+01
3.299999999999993605e+00 -1.058907499849153133e+01
3.309999999999993392e+00 -1.064934133007917616e+01
3.319999999999993179e+00 -1.070994917356337162e+01
3.329999999999992966e+00 -1.077090043342687764e+01
3.339999999999992752e+00 -1.083219702863521050e+01
3.349999999999992539e+00 -1.089384089263664812e+01
3.359999999999992326e+00 -1.095583397336222298e+01
3.369999999999992113e+00 -1.101817823322572920e+01
3.379999999999991900e+00 -1.108087564912371725e+01
3.389999999999991687e+00 -1.114392821243549925e+01
3.399999999999991473e+00 -1.120733792902314363e+01
3.409999999999991260e+00 -1.127110681923147695e+01
3.419999999999991047e+00 -1.133523691788808740e+01
3.429999999999990834e+00 -1.139973027430331776e+01
3.439999999999990621e+00 -1.146458895227027242e+01
3.449999999999990408e+00 -1.152981503006481390e+01
3.459999999999990195e+00 -1.159541060044556104e+01
3.469999999999989981e+00 -1.166137777065389436e+01
3.479999999999989768e+00 -1.172771866241395244e+01
3.489999999999989555e+00 -1.179443541193263023e+01
3.499999999999989342e+00 -1.186153016989958431e+01
3.509999999999989129e+00 -1.192900510148722759e+01
3.519999999999988916e+00 -1.199686238635073288e+01
3.529999999999988702e+00 -1.206510421862803284e+01
3.539999999999988489e+00 -1.213373280693981471e+01
3.549999999999988276e+00 -1.220275037438952737e+01
3.559999999999988063e+00 -1.227215915856337780e+01
3.569999999999987850e+00 -1.234196141153033288e+01
3.579999999999987637e+00 -1.241215939984211403e+01
3.589999999999987423e+00 -1.248275540453320609e+01
3.599999999999987210e+00 -1.255375172112085025e+01
3.609999999999986997e+00 -1.262515065960504579e+01
3.619999999999986784e+00 -1.269695454446855187e+01
3.629999999999986571e+00 -1.276916571467688577e+01
3.639999999999986358e+00 -1.284178652367832285e+01
3.649999999999986144e+00 -1.291481933940389837e+01
3.659999999999985931e+00 -1.298826654426740390e+01
3.669999999999985718e+00 -1.306213053516539269e+01
3.679999999999985505e+00 -1.313641372347717429e+01
3.689999999999985292e+00 -1.321111853506481815e+01
3.699999999999985079e+00 -1.328624741027315181e+01
3.709999999999984865e+00 -1.336180280392976094e+01
3.719999999999984652e+00 -1.343778718534499106e+01
3.729999999999984439e+00 -1.351420303831194580e+01
3.739999999999984226e+00 -1.359105286110648692e+01
3.749999999999984013e+00 -1.366833916648723424e+01
3.759999999999983800e+00 -1.374606448169556749e+01
3.769999999999983586e+00 -1.382423134845562451e+01
3.779999999999983373e+00 -1.390284232297430300e+01
3.789999999999983160e+00 -1.398189997594125700e+01
3.799999999999982947e+00 -1.406140689252890041e+01
3.809999999999982734e+00 -1.414136567239240705e+01
3.819999999999982521e+00 -1.422177892966970703e+01
3.829999999999982307e+00 -1.430264929298148857e+01
3.839999999999982094e+00 -1.438397940543120157e+01
3.849999999999981881e+00 -1.446577192460505223e+01
3.859999999999981668e+00 -1.454802952257200666e+01
3.869999999999981455e+00 -1.463075488588378903e+01
3.879999999999981242e+00 -1.471395071557488166e+01
3.889999999999981029e+00 -1.479761972716252494e+01
3.899999999999980815e+00 -1.488176465064672094e+01
3.909999999999980602e+00 -1.496638823051022626e+01
3.919999999999980389e+00 -1.505149322571855919e+01
3.929999999999980176e+00 -1.513708240971999608e+01
3.939999999999979963e+00 -1.522315857044557141e+01
3.949999999999979750e+00 -1.530972451030907777e+01
3.959999999999979536e+00 -1.539678304620706584e+01
3.969999999999979323e+00 -1.548433700951884795e+01
3.979999999999979110e+00 -1.557238924610649278e+01
3.989999999999978897e+00 -1.566094261631482709e+01
3.999999999999978684e+00 -1.574999999497143577e+01
4.009999999999979359e+00 -1.583956427138714851e+01
4.019999999999980034e+00 -1.592963834938978529e+01
4.029999999999980709e+00 -1.602022514743624626e+01
4.039999999999981384e+00 -1.611132759875583886e+01
4.049999999999982059e+00 -1.620294865149511310e+01
4.059999999999982734e+00 -1.629509126886269499e+01
4.069999999999983409e+00 -1.638775842927409698e+01
4.079999999999984084e+00 -1.648095312649656208e+01
4.089999999999984759e+00 -1.657467836979388309e+01
4.099999999999985434e+00 -1.666893718407123259e+01
4.109999999999986109e+00 -1.676373261001999282e+01
4.119999999999986784e+00 -1.685906770426257495e+01
4.129999999999987459e+00 -1.695494553949725258e+01
4.139999999999988134e+00 -1.705136920464299521e+01
4.149999999999988809e+00 -1.714834180498428395e+01
4.159999999999989484e+00 -1.724586646231594500e+01
4.169999999999990159e+00 -1.734394631508797957e+01
4.179999999999990834e+00 -1.744258451855038672e+01
4.189999999999991509e+00 -1.754178424489799681e+01
4.199999999999992184e+00 -1.764154868341529081e+01
4.209999999999992859e+00 -1.774188104062123372e+01
4.219999999999993534e+00 -1.784278454041410100e+01
4.229999999999994209e+00 -1.794426242421630846e+01
4.239999999999994884e+00 -1.804631795111923509e+01
4.249999999999995559e+00 -1.814895439802805299e+01
4.259999999999996234e+00 -1.825217505980655375e+01
4.269999999999996909e+00 -1.835598324942197834e+01
4.279999999999997584e+00 -1.846038229808984710e+01
4.289999999999998259e+00 -1.856537555541877893e+01
4.299999999999998934e+00 -1.867096638955532484e+01
4.309999999999999609e+00 -1.877715818732879782e+01
4.320000000000000284e+00 -1.888395435439609216e+01
4.330000000000000959e+00 -1.899135831538651686e+01
4.340000000000001634e+00 -1.909937351404662564e+01
4.350000000000002309e+00 -1.920800341338503969e+01
4.360000000000002984e+00 -1.931725149581727763e+01
4.370000000000003659e+00 -1.942712126331057831e+01
4.380000000000004334e+00 -1.953761623752873433e+01
4.390000000000005009e+00 -1.964873995997691836e+01
4.400000000000005684e+00 -1.976049599214651309e+01
4.410000000000006359e+00 -1.987288791565992696e+01
4.420000000000007034e+00 -1.998591933241544183e+01
4.430000000000007709e+00 -2.009959386473201803e+01
4.440000000000008384e+00 -2.021391515549414208e+01
4.450000000000009059e+00 -2.032888686829663882e+01
4.460000000000009734e+00 -2.044451268758950846e+01
4.470000000000010409e+00 -2.056079631882275294e+01
4.480000000000011084e+00 -2.067774148859119876e+01
4.490000000000011759e+00 -2.079535194477932691e+01
4.500000000000012434e+00 -2.091363145670610635e+01
4.510000000000013110e+00 -2.103258381526980969e+01
4.520000000000013785e+00 -2.115221283309285383e+01
4.530000000000014460e+00 -2.127252234466661562e+01
4.540000000000015135e+00 -2.139351620649626895e+01
4.550000000000015810e+00 -2.151519829724560395e+01
4.560000000000016485e+00 -2.163757251788186409e+01
4.570000000000017160e+00 -2.176064279182056893e+01
4.580000000000017835e+00 -2.188441306507033701e+01
4.590000000000018510e+00 -2.200888730637771928e+01
4.600000000000019185e+00 -2.213406950737202550e+01
4.610000000000019860e+00 -2.225996368271015413e+01
4.620000000000020535e+00 -2.238657387022141521e+01
4.630000000000021210e+00 -2.251390413105236021e+01
4.640000000000021885e+00 -2.264195854981161204e+01
4.650000000000022560e+00 -2.277074123471468425e+01
4.660000000000023235e+00 -2.290025631772882164e+01
4.670000000000023910e+00 -2.303050795471781242e+01
4.680000000000024585e+00 -2.316150032558683236e+01
4.690000000000025260e+00 -2.329323763442726047e+01
4.700000000000025935e+00 -2.342572410966151253e+01
4.710000000000026610e+00 -2.355896400418786030e+01
4.720000000000027285e+00 -2.369296159552527214e+01
4.730000000000027960e+00 -2.382772118595822874e+01
4.740000000000028635e+00 -2.396324710268156011e+01
4.750000000000029310e+00 -2.409954369794526485e+01
4.760000000000029985e+00 -2.423661534919934368e+01
4.770000000000030660e+00 -2.437446645923862576e+01
4.780000000000031335e+00 -2.451310145634759152e+01
4.790000000000032010e+00 -2.465252479444520617e+01
4.800000000000032685e+00 -2.479274095322974603e+01
4.810000000000033360e+00 -2.493375443832362492e+01
4.820000000000034035e+00 -2.507556978141822057e+01
4.830000000000034710e+00 -2.521819154041870803e+01
4.840000000000035385e+00 -2.536162429958887898e+01
4.850000000000036060e+00 -2.550587266969597522e+01
4.860000000000036735e+00 -2.565094128815551500e+01
4.870000000000037410e+00 -2.579683481917611942e+01
4.880000000000038085e+00 -2.594355795390433883e+01
4.890000000000038760e+00 -2.609111541056948269e+01
4.900000000000039435e+00 -2.623951193462844955e+01
4.910000000000040110e+00 -2.638875229891054630e+01
4.920000000000040785e+00 -2.653884130376232875e+01
4.930000000000041460e+00 -2.668978377719241379e+01
4.940000000000042135e+00 -2.684158457501632356e+01
4.950000000000042810e+00 -2.699424858100129399e+01
4.960000000000043485e+00 -2.714778070701112256e+01
4.970000000000044160e+00 -2.730218589315098043e+01
4.980000000000044835e+00 -2.745746910791224593e+01
4.990000000000021529e+00 -2.761363534831698274e+01
5.000000000000000000e+00 -2.777068964006382501e+01
