-1.000010000000000066e+00 1.034482758620689946e+00
-1.000000000000000000e+00 1.034482758620689946e+00
-9.899999999999999911e-01 1.034482758620689502e+00
-9.799999999999999822e-01 1.034482758620689502e+00
-9.699999999999999734e-01 1.034482758620689502e+00
-9.599999999999999645e-01 1.034482758620689502e+00
-9.499999999999999556e-01 1.034482758620689502e+00
-9.399999999999999467e-01 1.034482758620689502e+00
-9.299999999999999378e-01 1.034482758620689724e+00
-9.200000000000000400e-01 1.034482758620689502e+00
-9.100000000000000311e-01 1.034482758620689724e+00
-9.000000000000000222e-01 1.034482758620689502e+00
-8.900000000000000133e-01 1.034482758620689724e+00
-8.800000000000000044e-01 1.034482758620689502e+00
-8.699999999999999956e-01 1.034482758620689502e+00
-8.599999999999999867e-01 1.034482758620689058e+00
-8.499999999999999778e-01 1.034482758620689724e+00
-8.399999999999999689e-01 1.034482758620689502e+00
-8.299999999999999600e-01 1.034482758620689724e+00
-8.200000000000000622e-01 1.034482758620689724e+00
-8.100000000000000533e-01 1.034482758620689502e+00
-8.000000000000000444e-01 1.034482758620689502e+00
-7.900000000000000355e-01 1.034482758620689280e+00
-7.800000000000000266e-01 1.034482758620689280e+00
-7.700000000000000178e-01 1.034482758620689280e+00
-7.600000000000000089e-01 1.034482758620689280e+00
-7.500000000000000000e-01 1.034482758620689280e+00
-7.399999999999999911e-01 1.034482758620689280e+00
-7.299999999999999822e-01 1.034482758620689280e+00
-7.199999999999999734e-01 1.034482758620689280e+00
-7.099999999999999645e-01 1.034482758620689280e+00
-6.999999999999999556e-01 1.034482758620689280e+00
-6.899999999999999467e-01 1.034482758620689280e+00
-6.799999999999999378e-01 1.034482758620689280e+00
-6.699999999999999289e-01 1.034482758620689280e+00
-6.599999999999999201e-01 1.034482758620689280e+00
-6.499999999999999112e-01 1.034482758620689724e+00
-6.400000000000000133e-01 1.034482758620689724e+00
-6.300000000000000044e-01 1.034482758620689502e+00
-6.199999999999999956e-01 1.034482758620689502e+00
-6.099999999999999867e-01 1.034482758620689280e+00
-5.999999999999999778e-01 1.034482758620689280e+00
-5.899999999999999689e-01 1.034482758620689724e+00
-5.800000000000000711e-01 1.034482758620689724e+00
-5.700000000000000622e-01 1.034482758620689502e+00
-5.600000000000000533e-01 1.034482758620689502e+00
-5.500000000000000444e-01 1.034482758620689280e+00
-5.400000000000000355e-01 1.034482758620689280e+00
-5.300000000000000266e-01 1.034482758620689280e+00
-5.200000000000000178e-01 1.034482758620689280e+00
-5.100000000000000089e-01 1.034482758620689280e+00
-5.000000000000000000e-01 1.034482758620689280e+00
-4.899999999999999911e-01 1.034482758620689280e+00
-4.799999999999999822e-01 1.034482758620689280e+00
-4.699999999999999734e-01 1.034482758620689280e+00
-4.599999999999999645e-01 1.034482758620689280e+00
-4.499999999999999556e-01 1.034482758620689280e+00
-4.399999999999999467e-01 1.034482758620689280e+00
-4.299999999999999378e-01 1.034482758620689724e+00
-4.200000000000000400e-01 1.034482758620689724e+00
-4.100000000000000311e-01 1.034482758620689502e+00
-4.000000000000000222e-01 1.034482758620689502e+00
-3.900000000000000133e-01 1.034482758620689280e+00
-3.800000000000000044e-01 1.034482758620689280e+00
-3.699999999999999956e-01 1.034482758620689280e+00
-3.599999999999999867e-01 1.034482758620689280e+00
-3.499999999999999778e-01 1.034482758620689280e+00
-3.399999999999999689e-01 1.034482758620689280e+00
-3.299999999999999600e-01 1.034482758620689280e+00
-3.199999999999999512e-01 1.034482758620689280e+00
-3.099999999999999423e-01 1.034482758620689280e+00
-2.999999999999999334e-01 1.034482758620689724e+00
-2.900000000000000355e-01 1.034482758620689724e+00
-2.800000000000000266e-01 1.034482758620689502e+00
-2.700000000000000178e-01 1.034482758620689502e+00
-2.600000000000000089e-01 1.034482758620689280e+00
-2.500000000000000000e-01 1.034482758620689280e+00
-2.399999999999999911e-01 1.034482758620689280e+00
-2.299999999999999822e-01 1.034482758620689280e+00
-2.199999999999999734e-01 1.034482758620689280e+00
-2.099999999999999645e-01 1.034482758620689280e+00
-1.999999999999999556e-01 1.034482758620689280e+00
-1.899999999999999467e-01 1.034482758620689280e+00
-1.799999999999999378e-01 1.034482758620689280e+00
-1.699999999999999289e-01 1.034482758620689724e+00
-1.600000000000000311e-01 1.034482758620689724e+00
-1.500000000000000222e-01 1.034482758620689502e+00
-1.400000000000000133e-01 1.034482758620689502e+00
-1.300000000000000044e-01 1.034482758620689280e+00
-1.199999999999999956e-01 1.034482758620689280e+00
-1.099999999999999867e-01 1.034482758620689280e+00
-9.999999999999997780e-02 1.034482758620689280e+00
-8.999999999999996891e-02 1.034482758620689280e+00
-7.999999999999996003e-02 1.034482758620689280e+00
-6.999999999999995115e-02 1.034482758620689280e+00
-5.999999999999994227e-02 1.034482758620689502e+00
-4.999999999999993339e-02 1.034482758620689724e+00
-4.000000000000003553e-02 1.034482758620689502e+00
-3.000000000000002665e-02 1.034482758620689724e+00
-2.000000000000001776e-02 1.034482758620689502e+00
-1.000000000000000888e-02 1.034482758620689946e+00
0.000000000000000000e+00 1.034482758620689502e+00
9.999999999999999547e-07 1.034483793103448068e+00
1.000100000000000121e-02 1.044828620689654874e+00
2.000099999999999795e-02 1.055173448275861681e+00
3.000099999999999642e-02 1.065518275862068487e+00
4.000100000000000183e-02 1.075863103448275293e+00
5.000100000000000378e-02 1.086207931034482099e+00
6.000100000000000572e-02 1.096552758620688905e+00
7.000100000000000766e-02 1.106897586206895712e+00
8.000100000000001654e-02 1.117242413793102518e+00
9.000100000000002542e-02 1.127587241379309324e+00
1.000010000000000343e-01 1.137932068965516130e+00
1.100010000000000432e-01 1.148276896551722936e+00
1.200010000000000521e-01 1.158621724137929743e+00
1.300010000000000610e-01 1.168966551724136549e+00
1.400010000000000698e-01 1.179311379310343355e+00
1.500010000000000787e-01 1.189656206896550161e+00
1.600010000000000876e-01 1.200001034482756967e+00
1.700010000000000965e-01 1.210345862068963774e+00
1.800010000000001054e-01 1.220690689655170580e+00
1.900010000000001142e-01 1.231035517241377386e+00
2.000010000000001231e-01 1.241380344827584192e+00
2.100010000000001320e-01 1.251725172413790999e+00
2.200010000000001409e-01 1.262069999999997805e+00
2.300010000000001498e-01 1.272414827586204611e+00
2.400010000000001587e-01 1.282759655172411417e+00
2.500010000000001398e-01 1.293104482758618223e+00
2.600010000000001487e-01 1.303449310344825030e+00
2.700010000000001575e-01 1.313794137931031836e+00
2.800010000000001664e-01 1.324138965517238642e+00
2.900010000000001753e-01 1.334483793103445448e+00
3.000010000000001842e-01 1.344828620689652254e+00
3.100010000000001931e-01 1.355173448275859061e+00
3.200010000000002020e-01 1.365518275862065867e+00
3.300010000000002108e-01 1.375863103448272673e+00
3.400010000000002197e-01 1.386207931034479479e+00
3.500010000000002286e-01 1.396552758620686285e+00
3.600010000000002375e-01 1.406897586206893092e+00
3.700010000000002464e-01 1.417242413793099898e+00
3.800010000000002552e-01 1.427587241379306704e+00
3.900010000000002641e-01 1.437932068965513510e+00
4.000010000000002730e-01 1.448276896551720316e+00
4.100010000000002819e-01 1.458621724137927123e+00
4.200010000000002908e-01 1.468966551724133929e+00
4.300010000000002997e-01 1.479311379310340735e+00
4.400010000000003085e-01 1.489656206896547541e+00
4.500010000000003174e-01 1.500001034482754347e+00
4.600010000000003263e-01 1.510345862068961154e+00
4.700010000000003352e-01 1.520690689655167960e+00
4.800010000000003441e-01 1.531035517241374766e+00
4.900010000000003529e-01 1.541380344827581572e+00
5.000010000000003618e-01 1.551725172413788378e+00
5.100010000000002597e-01 1.562069999999995185e+00
5.200010000000001575e-01 1.572414827586201991e+00
5.300010000000000554e-01 1.582759655172408797e+00
5.400009999999999533e-01 1.593104482758615603e+00
5.500009999999998511e-01 1.603449310344822409e+00
5.600009999999997490e-01 1.613794137931029216e+00
5.700009999999996468e-01 1.624138965517236022e+00
5.800009999999995447e-01 1.634483793103442828e+00
5.900009999999994426e-01 1.644828620689649634e+00
6.000009999999993404e-01 1.655173448275856440e+00
6.100009999999992383e-01 1.665518275862063247e+00
6.200009999999991361e-01 1.675863103448270053e+00
6.300009999999990340e-01 1.686207931034476859e+00
6.400009999999989319e-01 1.696552758620683665e+00
6.500009999999988297e-01 1.706897586206890471e+00
6.600009999999987276e-01 1.717242413793097278e+00
6.700009999999986254e-01 1.727587241379304084e+00
6.800009999999985233e-01 1.737932068965510890e+00
6.900009999999984212e-01 1.748276896551717696e+00
7.000009999999983190e-01 1.758621724137924502e+00
7.100009999999982169e-01 1.768966551724131309e+00
7.200009999999981147e-01 1.779311379310338115e+00
7.300009999999980126e-01 1.789656206896544921e+00
7.400009999999979105e-01 1.800001034482751727e+00
7.500009999999978083e-01 1.810345862068958533e+00
7.600009999999977062e-01 1.820690689655165340e+00
7.700009999999976040e-01 1.831035517241372146e+00
7.800009999999975019e-01 1.841380344827578952e+00
7.900009999999973997e-01 1.851725172413785758e+00
8.000009999999972976e-01 1.862069999999992564e+00
8.100009999999971955e-01 1.872414827586199371e+00
8.200009999999970933e-01 1.882759655172406177e+00
8.300009999999969912e-01 1.893104482758612983e+00
8.400009999999968890e-01 1.903449310344819789e+00
8.500009999999967869e-01 1.913794137931026595e+00
8.600009999999966848e-01 1.924138965517233402e+00
8.700009999999965826e-01 1.934483793103440208e+00
8.800009999999964805e-01 1.944828620689647014e+00
8.900009999999963783e-01 1.955173448275853820e+00
9.000009999999962762e-01 1.965518275862060626e+00
9.100009999999961741e-01 1.975863103448267433e+00
9.200009999999960719e-01 1.986207931034474239e+00
9.300009999999959698e-01 1.996552758620681045e+00
9.400009999999958676e-01 2.006897586206887851e+00
9.500009999999957655e-01 2.017242413793094880e+00
9.600009999999956634e-01 2.027587241379301908e+00
9.700009999999955612e-01 2.037932068965508936e+00
9.800009999999954591e-01 2.048276896551715964e+00
9.900004999999978406e-01 2.058621206896545708e+00
1.000000000000000000e+00 2.068965517241375451e+00
1.009999999999999787e+00 2.079362068965513455e+00
1.019999999999999574e+00 2.089862068965513409e+00
1.029999999999999361e+00 2.100465517241375313e+00
1.039999999999999147e+00 2.111172413793099611e+00
1.049999999999998934e+00 2.121982758620685861e+00
1.059999999999998721e+00 2.132896551724134060e+00
1.069999999999998508e+00 2.143913793103444210e+00
1.079999999999998295e+00 2.155034482758616754e+00
1.089999999999998082e+00 2.166258620689651249e+00
1.099999999999997868e+00 2.177586206896547694e+00
1.109999999999997655e+00 2.189017241379306089e+00
1.119999999999997442e+00 2.200551724137926879e+00
1.129999999999997229e+00 2.212189655172409619e+00
1.139999999999997016e+00 2.223931034482754310e+00
1.149999999999996803e+00 2.235775862068960951e+00
1.159999999999996589e+00 2.247724137931029986e+00
1.169999999999996376e+00 2.259775862068960972e+00
1.179999999999996163e+00 2.271931034482753908e+00
1.189999999999995950e+00 2.284189655172409239e+00
1.199999999999995737e+00 2.296551724137926520e+00
1.209999999999995524e+00 2.309017241379305752e+00
1.219999999999995310e+00 2.321586206896546933e+00
1.229999999999995097e+00 2.334258620689650510e+00
1.239999999999994884e+00 2.347034482758616036e+00
1.249999999999994671e+00 2.359913793103443513e+00
1.259999999999994458e+00 2.372896551724132941e+00
1.269999999999994245e+00 2.385982758620684763e+00
1.279999999999994031e+00 2.399172413793098535e+00
1.289999999999993818e+00 2.412465517241374258e+00
1.299999999999993605e+00 2.425862068965511931e+00
1.309999999999993392e+00 2.439362068965511998e+00
1.319999999999993179e+00 2.452965517241374016e+00
1.329999999999992966e+00 2.466672413793097984e+00
1.339999999999992752e+00 2.480482758620683903e+00
1.349999999999992539e+00 2.494396551724132216e+00
1.359999999999992326e+00 2.508413793103442480e+00
1.369999999999992113e+00 2.522534482758614693e+00
1.379999999999991900e+00 2.536758620689648858e+00
1.389999999999991687e+00 2.551086206896545416e+00
1.399999999999991473e+00 2.565517241379303925e+00
1.409999999999991260e+00 2.580051724137924385e+00
1.419999999999991047e+00 2.594689655172406795e+00
1.429999999999990834e+00 2.609431034482751599e+00
1.439999999999990621e+00 2.624275862068958354e+00
1.449999999999990408e+00 2.639224137931027059e+00
1.459999999999990195e+00 2.654275862068958158e+00
1.469999999999989981e+00 2.669431034482751208e+00
1.479999999999989768e+00 2.684689655172406209e+00
1.489999999999989555e+00 2.700051724137923159e+00
1.499999999999989342e+00 2.715517241379302504e+00
1.509999999999989129e+00 2.731086206896543800e+00
1.519999999999988916e+00 2.746758620689647046e+00
1.529999999999988702e+00 2.762534482758612242e+00
1.539999999999988489e+00 2.778413793103439833e+00
1.549999999999988276e+00 2.794396551724129374e+00
1.559999999999988063e+00 2.810482758620680865e+00
1.569999999999987850e+00 2.826672413793094307e+00
1.579999999999987637e+00 2.842965517241370144e+00
1.589999999999987423e+00 2.859362068965507930e+00
1.599999999999987210e+00 2.875862068965507667e+00
1.609999999999986997e+00 2.892465517241369355e+00
1.619999999999986784e+00 2.909172413793093437e+00
1.629999999999986571e+00 2.925982758620679469e+00
1.639999999999986358e+00 2.942896551724127452e+00
1.649999999999986144e+00 2.959913793103437385e+00
1.659999999999985931e+00 2.977034482758609713e+00
1.669999999999985718e+00 2.994258620689643990e+00
1.679999999999985505e+00 3.011586206896540219e+00
1.689999999999985292e+00 3.029017241379298842e+00
1.699999999999985079e+00 3.046551724137919415e+00
1.709999999999984865e+00 3.064189655172401938e+00
1.719999999999984652e+00 3.081931034482746412e+00
1.729999999999984439e+00 3.099775862068953280e+00
1.739999999999984226e+00 3.117724137931022099e+00
1.749999999999984013e+00 3.135775862068952868e+00
1.759999999999983800e+00 3.153931034482745588e+00
1.769999999999983586e+00 3.172189655172400702e+00
1.779999999999983373e+00 3.190551724137917766e+00
1.789999999999983160e+00 3.209017241379296781e+00
1.799999999999982947e+00 3.227586206896537746e+00
1.809999999999982734e+00 3.246258620689641106e+00
1.819999999999982521e+00 3.265034482758606416e+00
1.829999999999982307e+00 3.283913793103433676e+00
1.839999999999982094e+00 3.302896551724122887e+00
1.849999999999981881e+00 3.321982758620674492e+00
1.859999999999981668e+00 3.341172413793088047e+00
1.869999999999981455e+00 3.360465517241363553e+00
1.879999999999981242e+00 3.379862068965501454e+00
1.889999999999981029e+00 3.399362068965501305e+00
1.899999999999980815e+00 3.418965517241363106e+00
1.909999999999980602e+00 3.438672413793086857e+00
1.919999999999980389e+00 3.458482758620673003e+00
1.929999999999980176e+00 3.478396551724121100e+00
1.939999999999979963e+00 3.498413793103431146e+00
1.949999999999979750e+00 3.518534482758603144e+00
1.959999999999979536e+00 3.538758620689637535e+00
1.969999999999979323e+00 3.559086206896533877e+00
1.979999999999979110e+00 3.579517241379292170e+00
1.989999999999978897e+00 3.600051724137912412e+00
1.994999999999989448e+00 3.610357758620692525e+00
2.000000000000000000e+00 3.620689655172438570e+00
2.009999999999999787e+00 3.641431206896576622e+00
2.019999999999999574e+00 3.662277241379335191e+00
2.029999999999999361e+00 3.683228793103473286e+00
2.039999999999999147e+00 3.704286896551749031e+00
2.049999999999998934e+00 3.725452586206921435e+00
2.059999999999998721e+00 3.746726896551749064e+00
2.069999999999998508e+00 3.768110862068990485e+00
2.079999999999998295e+00 3.789605517241404264e+00
2.089999999999998082e+00 3.811211896551748968e+00
2.099999999999997868e+00 3.832931034482783605e+00
2.109999999999997655e+00 3.854763965517266300e+00
2.119999999999997442e+00 3.876711724137956061e+00
2.129999999999997229e+00 3.898775344827611011e+00
2.139999999999997016e+00 3.920955862068990161e+00
2.149999999999996803e+00 3.943254310344852076e+00
2.159999999999996589e+00 3.965671724137955323e+00
2.169999999999996376e+00 3.988209137931058912e+00
2.179999999999996163e+00 4.010867586206920521e+00
2.189999999999995950e+00 4.033648103448300049e+00
2.199999999999995737e+00 4.056551724137955617e+00
2.209999999999995524e+00 4.079579482758645348e+00
2.219999999999995310e+00 4.102732413793128252e+00
2.229999999999995097e+00 4.126011551724162452e+00
2.239999999999994884e+00 4.149417931034506957e+00
2.249999999999994671e+00 4.172952586206920778e+00
2.259999999999994458e+00 4.196616551724162036e+00
2.269999999999994245e+00 4.220410862068989744e+00
2.279999999999994031e+00 4.244336551724162021e+00
2.289999999999993818e+00 4.268394655172437879e+00
2.299999999999993605e+00 4.292586206896575440e+00
2.309999999999993392e+00 4.316912241379333715e+00
2.319999999999993179e+00 4.341373793103471712e+00
2.329999999999992966e+00 4.365971896551747555e+00
2.339999999999992752e+00 4.390707586206920254e+00
2.349999999999992539e+00 4.415581896551747931e+00
2.359999999999992326e+00 4.440595862068989597e+00
2.369999999999992113e+00 4.465750517241403372e+00
2.379999999999991900e+00 4.491046896551748269e+00
2.389999999999991687e+00 4.516486034482782408e+00
2.399999999999991473e+00 4.542068965517264800e+00
2.409999999999991260e+00 4.567796724137954456e+00
2.419999999999991047e+00 4.593670344827609497e+00
2.429999999999990834e+00 4.619690862068988935e+00
2.439999999999990621e+00 4.645859310344850890e+00
2.449999999999990408e+00 4.672176724137954373e+00
2.459999999999990195e+00 4.698644137931057507e+00
2.469999999999989981e+00 4.725262586206919302e+00
2.479999999999989768e+00 4.752033103448298768e+00
2.489999999999989555e+00 4.778956724137954026e+00
2.499999999999989342e+00 4.806034482758643200e+00
2.509999999999989129e+00 4.833267413793126188e+00
2.519999999999988916e+00 4.860656551724160224e+00
2.529999999999988702e+00 4.888202931034505205e+00
2.539999999999988489e+00 4.915907586206919255e+00
2.549999999999988276e+00 4.943771551724160496e+00
2.559999999999988063e+00 4.971795862068987937e+00
2.569999999999987850e+00 4.999981551724160589e+00
2.579999999999987637e+00 5.028329655172436574e+00
2.589999999999987423e+00 5.056841206896574015e+00
2.599999999999987210e+00 5.085517241379332809e+00
2.609999999999986997e+00 5.114358793103471079e+00
2.619999999999986784e+00 5.143366896551746947e+00
2.629999999999986571e+00 5.172542586206919424e+00
2.639999999999986358e+00 5.201886896551746631e+00
2.649999999999986144e+00 5.231400862068987578e+00
2.659999999999985931e+00 5.261085517241401277e+00
2.669999999999985718e+00 5.290941896551745849e+00
2.679999999999985505e+00 5.320971034482780304e+00
2.689999999999985292e+00 5.351173965517262765e+00
2.699999999999985079e+00 5.381551724137952242e+00
2.709999999999984865e+00 5.412105344827606856e+00
2.719999999999984652e+00 5.442835862068985620e+00
2.729999999999984439e+00 5.473744310344847541e+00
2.739999999999984226e+00 5.504831724137950744e+00
2.749999999999984013e+00 5.536099137931054237e+00
2.759999999999983800e+00 5.567547586206916144e+00
2.769999999999983586e+00 5.599178103448295474e+00
2.779999999999983373e+00 5.630991724137950349e+00
2.789999999999983160e+00 5.662989482758639781e+00
2.799999999999982947e+00 5.695172413793122779e+00
2.809999999999982734e+00 5.727541551724157465e+00
2.819999999999982521e+00 5.760097931034501961e+00
2.829999999999982307e+00 5.792842586206915279e+00
2.839999999999982094e+00 5.825776551724156427e+00
2.849999999999981881e+00 5.858900862068983528e+00
2.859999999999981668e+00 5.892216551724155593e+00
2.869999999999981455e+00 5.925724655172431632e+00
2.879999999999981242e+00 5.959426206896569767e+00
2.889999999999981029e+00 5.993322241379328119e+00
2.899999999999980815e+00 6.027413793103465700e+00
2.909999999999980602e+00 6.061701896551741520e+00
2.919999999999980389e+00 6.096187586206913700e+00
2.929999999999980176e+00 6.130871896551741251e+00
2.939999999999979963e+00 6.165755862068982296e+00
2.949999999999979750e+00 6.200840517241395844e+00
2.959999999999979536e+00 6.236126896551740906e+00
2.969999999999979323e+00 6.271616034482775603e+00
2.979999999999979110e+00 6.307308965517258059e+00
2.989999999999978897e+00 6.343206724137947283e+00
2.994999999999989448e+00 6.361232737069019372e+00
3.000000000000000000e+00 6.379310344827678669e+00
3.009999999999999787e+00 6.415620862464173513e+00
3.019999999999999574e+00 6.452139317169633514e+00
3.029999999999999361e+00 6.488866758944059399e+00
3.039999999999999147e+00 6.525804248132278218e+00
3.049999999999998934e+00 6.562952855423945131e+00
3.059999999999998721e+00 6.600313661853543401e+00
3.069999999999998508e+00 6.637887758800382620e+00
3.079999999999998295e+00 6.675676247988601375e+00
3.089999999999998082e+00 6.713680241487164579e+00
3.099999999999997868e+00 6.751900861709866142e+00
3.109999999999997655e+00 6.790339241415326299e+00
3.119999999999997442e+00 6.828996523706993393e+00
3.129999999999997229e+00 6.867873862033142984e+00
3.139999999999997016e+00 6.906972420186878736e+00
3.149999999999996803e+00 6.946293372306131531e+00
3.159999999999996589e+00 6.985837902873660354e+00
3.169999999999996376e+00 7.025607206717051412e+00
3.179999999999996163e+00 7.065602489008718123e+00
3.189999999999995950e+00 7.105824965265902016e+00
3.199999999999995737e+00 7.146275861350672720e+00
3.209999999999995524e+00 7.186956413469926197e+00
3.219999999999995310e+00 7.227867868175386512e+00
3.229999999999995097e+00 7.269011482363604948e+00
3.239999999999994884e+00 7.310388523275961781e+00
3.249999999999994671e+00 7.352000268498663615e+00
3.259999999999994458e+00 7.393848005962744274e+00
3.269999999999994245e+00 7.435933033944066572e+00
3.279999999999994031e+00 7.478256661063319655e+00
3.289999999999993818e+00 7.520820206286020770e+00
3.299999999999993605e+00 7.563624998922515275e+00
3.309999999999993392e+00 7.606672378627974851e+00
3.319999999999993179e+00 7.649963695402400177e+00
3.329999999999992966e+00 7.693500309590619146e+00
3.339999999999992752e+00 7.737283591882285982e+00
3.349999999999992539e+00 7.781314923311883902e+00
3.359999999999992326e+00 7.825595695258723339e+00
3.369999999999992113e+00 7.870127309446941943e+00
3.379999999999991900e+00 7.914911177945505472e+00
3.389999999999991687e+00 7.959948723168206897e+00
3.399999999999991473e+00 8.005241377873666409e+00
3.409999999999991260e+00 8.050790585165334079e+00
3.419999999999991047e+00 8.096597798491483644e+00
3.429999999999990834e+00 8.142664481645219610e+00
3.439999999999990621e+00 8.188992108764471922e+00
3.449999999999990408e+00 8.235582164332001298e+00
3.459999999999990195e+00 8.282436143175392118e+00
3.469999999999989981e+00 8.329555550467059533e+00
3.479999999999989768e+00 8.376941901724244133e+00
3.489999999999989555e+00 8.424596722809013727e+00
3.499999999999989342e+00 8.472521549928266893e+00
3.509999999999989129e+00 8.520717929633727650e+00
3.519999999999988916e+00 8.569187418821945457e+00
3.529999999999988702e+00 8.617931584734302319e+00
3.539999999999988489e+00 8.666952004957003908e+00
3.549999999999988276e+00 8.716250267421084885e+00
3.559999999999988063e+00 8.765827970402407132e+00
3.569999999999987850e+00 8.815686722521659746e+00
3.579999999999987637e+00 8.865828142744360818e+00
3.589999999999987423e+00 8.916253860380855656e+00
3.599999999999987210e+00 8.966965515086315008e+00
3.609999999999986997e+00 9.017964756860740394e+00
3.619999999999986784e+00 9.069253246048958772e+00
3.629999999999986571e+00 9.120832653340626095e+00
3.639999999999986358e+00 9.172704659770223756e+00
3.649999999999986144e+00 9.224870956717063919e+00
3.659999999999985931e+00 9.277333245905282411e+00
3.669999999999985718e+00 9.330093239403845828e+00
3.679999999999985505e+00 9.383152659626547987e+00
3.689999999999985292e+00 9.436513239332008141e+00
3.699999999999985079e+00 9.490176721623674538e+00
3.709999999999984865e+00 9.544144859949824422e+00
3.719999999999984652e+00 9.598419418103560474e+00
3.729999999999984439e+00 9.653002170222814371e+00
3.739999999999984226e+00 9.707894900790343229e+00
3.749999999999984013e+00 9.763099404633734935e+00
3.759999999999983800e+00 9.818617486925401039e+00
3.769999999999983586e+00 9.874450963182585639e+00
3.779999999999983373e+00 9.930601659267356496e+00
3.789999999999983160e+00 9.987071411386610365e+00
3.799999999999982947e+00 1.004386206609206944e+01
3.809999999999982734e+00 1.010097548028028847e+01
3.819999999999982521e+00 1.015841352119264585e+01
3.829999999999982307e+00 1.021617806641534720e+01
3.839999999999982094e+00 1.027427100387942716e+01
3.849999999999981881e+00 1.033269423186074931e+01
3.859999999999981668e+00 1.039144965898000272e+01
3.869999999999981455e+00 1.045053920420270366e+01
3.879999999999981242e+00 1.050996479683919738e+01
3.889999999999981029e+00 1.056972837654465813e+01
3.899999999999980815e+00 1.062983189331908385e+01
3.909999999999980602e+00 1.069027730750730321e+01
3.919999999999980389e+00 1.075106658979897034e+01
3.929999999999980176e+00 1.081220172122856837e+01
3.939999999999979963e+00 1.087368469317540765e+01
3.949999999999979750e+00 1.093551750736362571e+01
3.959999999999979536e+00 1.099770217586218912e+01
3.969999999999979323e+00 1.106024072108488987e+01
3.979999999999979110e+00 1.112313517579034894e+01
3.989999999999978897e+00 1.118638758308201631e+01
3.999999999999978684e+00 1.124999999640816561e+01
4.009999999999979359e+00 1.131397447956224589e+01
4.019999999999980034e+00 1.137831310670698670e+01
4.029999999999980709e+00 1.144301796245445679e+01
4.039999999999981384e+00 1.150809114196845151e+01
4.049999999999982059e+00 1.157353475106793361e+01
4.059999999999982734e+00 1.163935090633049008e+01
4.069999999999983409e+00 1.170554173519577645e+01
4.079999999999984084e+00 1.177210937606896657e+01
4.089999999999984759e+00 1.183905597842419688e+01
4.099999999999985434e+00 1.190638370290801795e+01
4.109999999999986109e+00 1.197409472144284592e+01
4.119999999999986784e+00 1.204219121733040332e+01
4.129999999999987459e+00 1.211067538535517407e+01
4.139999999999988134e+00 1.217954943188784611e+01
4.149999999999988809e+00 1.224881557498876639e+01
4.159999999999989484e+00 1.231847604451138167e+01
4.169999999999990159e+00 1.238853308220569183e+01
4.179999999999990834e+00 1.245898894182169769e+01
4.189999999999991509e+00 1.252984588921284725e+01
4.199999999999992184e+00 1.260110620243948532e+01
4.209999999999992859e+00 1.267277217187230143e+01
4.219999999999993534e+00 1.274484610029577958e+01
4.229999999999994209e+00 1.281733030301164256e+01
4.239999999999994884e+00 1.289022710794230342e+01
4.249999999999995559e+00 1.296353885573431519e+01
4.259999999999996234e+00 1.303726789986181522e+01
4.269999999999996909e+00 1.311141660672997666e+01
4.279999999999997584e+00 1.318598735577845460e+01
4.289999999999998259e+00 1.326098253958483397e+01
4.299999999999998934e+00 1.333640456396808105e+01
4.309999999999999609e+00 1.341225584809198956e+01
4.320000000000000284e+00 1.348853882456862863e+01
4.330000000000000959e+00 1.356525593956179065e+01
4.340000000000001634e+00 1.364240965289044105e+01
4.350000000000002309e+00 1.372000243813216613e+01
4.360000000000002984e+00 1.379803678272662104e+01
4.370000000000003659e+00 1.387651518807897766e+01
4.380000000000004334e+00 1.395544016966337431e+01
4.390000000000005009e+00 1.403481425712636366e+01
4.400000000000005684e+00 1.411463999439035888e+01
4.410000000000006359e+00 1.419491993975708333e+01
4.420000000000007034e+00 1.427565666601102201e+01
4.430000000000007709e+00 1.435685276052286241e+01
4.440000000000008384e+00 1.443851082535294950e+01
4.450000000000009059e+00 1.452063347735473187e+01
4.460000000000009734e+00 1.460322334827820967e+01
4.470000000000010409e+00 1.468628308487338430e+01
4.480000000000011084e+00 1.476981534899370097e+01
4.490000000000011759e+00 1.485382281769950730e+01
4.500000000000012434e+00 1.493830818336149235e+01
4.510000000000013110e+00 1.502327415376413811e+01
4.520000000000013785e+00 1.510872345220916912e+01
4.530000000000014460e+00 1.519465881761899873e+01
4.540000000000015135e+00 1.528108300464017866e+01
4.550000000000015810e+00 1.536799878374684702e+01
4.560000000000016485e+00 1.545540894134417620e+01
4.570000000000017160e+00 1.554331627987182252e+01
4.580000000000017835e+00 1.563172361790737064e+01
4.590000000000018510e+00 1.572063379026978680e+01
4.600000000000019185e+00 1.581004964812286318e+01
4.610000000000019860e+00 1.589997405907866934e+01
4.620000000000020535e+00 1.599040990730099843e+01
4.630000000000021210e+00 1.608136009360881502e+01
4.640000000000021885e+00 1.617282753557970665e+01
4.650000000000022560e+00 1.626481516765332813e+01
4.660000000000023235e+00 1.635732594123485484e+01
4.670000000000023910e+00 1.645036282479842171e+01
4.680000000000024585e+00 1.654392880399057830e+01
4.690000000000025260e+00 1.663802688173374023e+01
4.700000000000025935e+00 1.673266007832963354e+01
4.710000000000026610e+00 1.682783143156273908e+01
4.720000000000027285e+00 1.692354399680374755e+01
4.730000000000027960e+00 1.701980084711300378e+01
4.740000000000028635e+00 1.711660507334395476e+01
4.750000000000029310e+00 1.721395978424660100e+01
4.760000000000029985e+00 1.731186810657094455e+01
4.770000000000030660e+00 1.741033318517042972e+01
4.780000000000031335e+00 1.750935818310540526e+01
4.790000000000032010e+00 1.760894628174655807e+01
4.800000000000032685e+00 1.770910068087837175e+01
4.810000000000033360e+00 1.780982459880257096e+01
4.820000000000034035e+00 1.791112127244156937e+01
4.830000000000034710e+00 1.801299395744191756e+01
4.840000000000035385e+00 1.811544592827775446e+01
4.850000000000036060e+00 1.821848047835425177e+01
4.860000000000036735e+00 1.832210092011106539e+01
4.870000000000037410e+00 1.842631058512578335e+01
4.880000000000038085e+00 1.853111282421736661e+01
4.890000000000038760e+00 1.863651100754961121e+01
4.900000000000039435e+00 1.874250852473458551e+01
4.910000000000040110e+00 1.884910878493608521e+01
4.920000000000040785e+00 1.895631521697307065e+01
4.930000000000041460e+00 1.906413126942313241e+01
4.940000000000042135e+00 1.917256041072592510e+01
4.950000000000042810e+00 1.928160612928661877e+01
4.960000000000043485e+00 1.939127193357935397e+01
4.970000000000044160e+00 1.950156135225067899e+01
4.980000000000044835e+00 1.961247793422301200e+01
4.990000000000021529e+00 1.972402524879782248e+01
5.000000000000000000e+00 1.983620688575985369e+01
