-1.000010000000000066e+00 7.260226831902875100e-01
-1.000000000000000000e+00 7.259954919231305093e-01
-9.899999999999999911e-01 6.982429728551056147e-01
-9.799999999999999822e-01 6.693989142588789854e-01
-9.699999999999999734e-01 6.395084070717538260e-01
-9.599999999999999645e-01 6.086181781085804321e-01
-9.499999999999999556e-01 5.767765170153110743e-01
-9.399999999999999467e-01 5.440332007794398406e-01
-9.299999999999999378e-01 5.104394159153247124e-01
-9.200000000000000400e-01 4.760476784460508370e-01
-9.100000000000000311e-01 4.409117518069124997e-01
-9.000000000000000222e-01 4.050865627988624040e-01
-8.900000000000000133e-01 3.686281157233086692e-01
-8.800000000000000044e-01 3.315934048324910566e-01
-8.699999999999999956e-01 2.940403252323035010e-01
-8.599999999999999867e-01 2.560275823768394798e-01
-8.499999999999999778e-01 2.176146002961507897e-01
-8.399999999999999689e-01 1.788614287006777270e-01
-8.299999999999999600e-01 1.398286491075772520e-01
-8.200000000000000622e-01 1.005772801356942803e-01
-8.100000000000000533e-01 6.116868211722518295e-02
-8.000000000000000444e-01 2.166446117519705075e-02
-7.900000000000000355e-01 -1.787362708329431893e-02
-7.800000000000000266e-01 -5.738377410752740909e-02
-7.700000000000000178e-01 -9.680421502636329945e-02
-7.600000000000000089e-01 -1.360733252031715024e-01
-7.500000000000000000e-01 -1.751297165715313686e-01
-7.399999999999999911e-01 -2.139123336011121146e-01
-7.299999999999999822e-01 -2.523605487437096673e-01
-7.199999999999999734e-01 -2.904142572102341169e-01
-7.099999999999999645e-01 -3.280139709304855655e-01
-6.999999999999999556e-01 -3.651009115488336176e-01
-6.899999999999999467e-01 -4.016171023104255777e-01
-6.799999999999999378e-01 -4.375054586942777046e-01
-6.699999999999999289e-01 -4.727098776515688550e-01
-6.599999999999999201e-01 -5.071753253096311642e-01
-6.499999999999999112e-01 -5.408479230045346586e-01
-6.400000000000000133e-01 -5.736750315077724371e-01
-6.300000000000000044e-01 -6.056053333153805784e-01
-6.199999999999999956e-01 -6.365889128708468458e-01
-6.099999999999999867e-01 -6.665773345964072227e-01
-5.999999999999999778e-01 -6.955237186107389169e-01
-5.899999999999999689e-01 -7.233828140146874031e-01
-5.800000000000000711e-01 -7.501110696304599257e-01
-5.700000000000000622e-01 -7.756667020837025861e-01
-5.600000000000000533e-01 -8.000097611220323701e-01
-5.500000000000000444e-01 -8.231021920679065795e-01
-5.400000000000000355e-01 -8.449078953082117538e-01
-5.300000000000000266e-01 -8.653927827275607054e-01
-5.200000000000000178e-01 -8.845248309970856759e-01
-5.100000000000000089e-01 -9.022741316354223606e-01
-5.000000000000000000e-01 -9.186129377636218507e-01
-4.899999999999999911e-01 -9.335157074809048439e-01
-4.799999999999999822e-01 -9.469591437934474776e-01
-4.699999999999999734e-01 -9.589222310337809363e-01
-4.599999999999999645e-01 -9.693862677138703754e-01
-4.499999999999999556e-01 -9.783348957605169094e-01
-4.399999999999999467e-01 -9.857541260873762257e-01
-4.299999999999999378e-01 -9.916323604636245737e-01
-4.200000000000000400e-01 -9.959604096450775934e-01
-4.100000000000000311e-01 -9.987315077394232077e-01
-4.000000000000000222e-01 -9.999413227831132067e-01
-3.900000000000000133e-01 -9.995879635133728680e-01
-3.800000000000000044e-01 -9.976719823247498509e-01
-3.699999999999999956e-01 -9.941963744055716257e-01
-3.599999999999999867e-01 -9.891665730556723490e-01
-3.499999999999999778e-01 -9.825904411926981163e-01
-3.399999999999999689e-01 -9.744782590602741879e-01
-3.299999999999999600e-01 -9.648427081572521491e-01
-3.199999999999999512e-01 -9.536988514131494732e-01
-3.099999999999999423e-01 -9.410641096407852402e-01
-2.999999999999999334e-01 -9.269582343029166838e-01
-2.900000000000000355e-01 -9.114032766354454029e-01
-2.800000000000000266e-01 -8.944235531754697321e-01
-2.700000000000000178e-01 -8.760456077480696102e-01
-2.600000000000000089e-01 -8.562981699712454153e-01
-2.500000000000000000e-01 -8.352121103438798766e-01
-2.399999999999999911e-01 -8.128203919869390059e-01
-2.299999999999999822e-01 -7.891580191133410471e-01
-2.199999999999999734e-01 -7.642619823070617713e-01
-2.099999999999999645e-01 -7.381712006970088114e-01
-1.999999999999999556e-01 -7.109264611160706071e-01
-1.899999999999999467e-01 -6.825703543404438856e-01
-1.799999999999999378e-01 -6.531472085089211621e-01
-1.699999999999999289e-01 -6.227030198262161198e-01
-1.600000000000000311e-01 -5.912853806586585437e-01
-1.500000000000000222e-01 -5.589434051346631183e-01
-1.400000000000000133e-01 -5.257276523662834933e-01
-1.300000000000000044e-01 -4.916900474118658937e-01
-1.199999999999999956e-01 -4.568838001033708185e-01
-1.099999999999999867e-01 -4.213633218652485524e-01
-9.999999999999997780e-02 -3.851841406549080249e-01
-8.999999999999996891e-02 -3.484028141577453219e-01
-7.999999999999996003e-02 -3.110768413724362413e-01
-6.999999999999995115e-02 -2.732645727247028922e-01
-5.999999999999994227e-02 -2.350251188500757649e-01
-4.999999999999993339e-02 -1.964182581882434886e-01
-4.000000000000003553e-02 -1.575043435334494424e-01
-3.000000000000002665e-02 -1.183442076870155624e-01
-2.000000000000001776e-02 -7.899906835949267736e-02
-1.000000000000000888e-02 -3.953043247109088582e-02
0.000000000000000000e+00 0.000000000000000000e+00
9.999999999999999547e-07 7.259941323294714757e-07
1.000100000000000121e-02 7.122817270679385193e-03
2.000099999999999795e-02 1.396188728237050120e-02
3.000099999999999642e-02 2.050724518865415513e-02
4.000100000000000183e-02 2.674865873445371120e-02
5.000100000000000378e-02 3.267637096189680151e-02
6.000100000000000572e-02 3.828111527118664009e-02
7.000100000000000766e-02 4.355412995816874966e-02
8.000100000000001654e-02 4.848717189743134703e-02
9.000100000000002542e-02 5.307252943219416264e-02
1.000010000000000343e-01 5.730303442869066205e-02
1.100010000000000432e-01 6.117207348213312551e-02
1.200010000000000521e-01 6.467359825515278660e-02
1.300010000000000610e-01 6.780213493297924943e-02
1.400010000000000698e-01 7.055279278046415470e-02
1.500010000000000787e-01 7.292127178760272888e-02
1.600010000000000876e-01 7.490386939159301982e-02
1.700010000000000965e-01 7.649748626492668124e-02
1.800010000000001054e-01 7.769963116046242624e-02
1.900010000000001142e-01 7.850842480590806971e-02
2.000010000000001231e-01 7.892260284162307127e-02
2.100010000000001320e-01 7.894151779714905781e-02
2.200010000000001409e-01 7.856514010337836695e-02
2.300010000000001498e-01 7.779405813877847409e-02
2.400010000000001587e-01 7.662947730959986103e-02
2.500010000000001398e-01 7.507321816550541205e-02
2.600010000000001487e-01 7.312771355356691150e-02
2.700010000000001575e-01 7.079600481507783427e-02
2.800010000000001664e-01 6.808173703112781194e-02
2.900010000000001753e-01 6.498915332437110726e-02
3.000010000000001842e-01 6.152308822589708237e-02
3.100010000000001931e-01 5.768896011757191494e-02
3.200010000000002020e-01 5.349276276166622934e-02
3.300010000000002108e-01 4.894105593101007873e-02
3.400010000000002197e-01 4.404095515432282504e-02
3.500010000000002286e-01 3.880012059274874636e-02
3.600010000000002375e-01 3.322674506498723285e-02
3.700010000000002464e-01 2.732954123973752730e-02
3.800010000000002552e-01 2.111772801547962680e-02
3.900010000000002641e-01 1.460101610888334470e-02
4.000010000000002730e-01 7.789592874374702547e-03
4.100010000000002819e-01 6.941063785907029479e-04
4.200010000000002908e-01 -6.674351245381660545e-03
4.300010000000002997e-01 -1.430426113796037096e-02
4.400010000000003085e-01 -2.218369572011042248e-02
4.500010000000003174e-01 -3.030033733932308015e-02
4.600010000000003263e-01 -3.864149752538374727e-02
4.700010000000003352e-01 -4.719413682582659919e-02
4.800010000000003441e-01 -5.594488519006778765e-02
4.900010000000003529e-01 -6.488006287035151531e-02
5.000010000000003618e-01 -7.398570180683514130e-02
5.100010000000002597e-01 -8.324756746338284052e-02
5.200010000000001575e-01 -9.265118107993250418e-02
5.300010000000000554e-01 -1.021818423066497006e-01
5.400009999999999533e-01 -1.118246521844853680e-01
5.500009999999998511e-01 -1.215645364362125669e-01
5.600009999999997490e-01 -1.313862690315321102e-01
5.700009999999996468e-01 -1.412744959894087493e-01
5.800009999999995447e-01 -1.512137593804283031e-01
5.900009999999994426e-01 -1.611885214916537468e-01
6.000009999999993404e-01 -1.711831891162042818e-01
6.100009999999992383e-01 -1.811821379295860401e-01
6.200009999999991361e-01 -1.911697369146680425e-01
6.300009999999990340e-01 -2.011303727971205102e-01
6.400009999999989319e-01 -2.110484744531163359e-01
6.500009999999988297e-01 -2.209085372511402912e-01
6.600009999999987276e-01 -2.306951472898528255e-01
6.700009999999986254e-01 -2.403930054941187389e-01
6.800009999999985233e-01 -2.499869515315317203e-01
6.900009999999984212e-01 -2.594619875120471875e-01
7.000009999999983190e-01 -2.688033014336745352e-01
7.100009999999982169e-01 -2.779962903375767791e-01
7.200009999999981147e-01 -2.870265831363803533e-01
7.300009999999980126e-01 -2.958800630800077491e-01
7.400009999999979105e-01 -3.045428898239137538e-01
7.500009999999978083e-01 -3.130015210652259405e-01
7.600009999999977062e-01 -3.212427337129669103e-01
7.700009999999976040e-01 -3.292536445592634253e-01
7.800009999999975019e-01 -3.370217304192277830e-01
7.900009999999973997e-01 -3.445348477080273919e-01
8.000009999999972976e-01 -3.517812514245385880e-01
8.100009999999971955e-01 -3.587496135119081497e-01
8.200009999999970933e-01 -3.654290405663198626e-01
8.300009999999969912e-01 -3.718090908662826100e-01
8.400009999999968890e-01 -3.778797906958192288e-01
8.500009999999967869e-01 -3.836316499360378773e-01
8.600009999999966848e-01 -3.890556769007126880e-01
8.700009999999965826e-01 -3.941433923926814242e-01
8.800009999999964805e-01 -3.988868429590864961e-01
8.900009999999963783e-01 -4.032786133247377447e-01
9.000009999999962762e-01 -4.073118379841604297e-01
9.100009999999961741e-01 -4.109802119342064186e-01
9.200009999999960719e-01 -4.142780005304527724e-01
9.300009999999959698e-01 -4.172000484519715613e-01
9.400009999999958676e-01 -4.197417877604878167e-01
9.500009999999957655e-01 -4.218992450412075157e-01
9.600009999999956634e-01 -4.236690476146015016e-01
9.700009999999955612e-01 -4.250484288077578388e-01
9.800009999999954591e-01 -4.260352322833199090e-01
9.900004999999978406e-01 -4.266278956325837424e-01
1.000000000000000000e+00 -4.268255516606375699e-01
1.009999999999999787e+00 -4.267897094083725751e-01
1.019999999999999574e+00 -4.266840519860556347e-01
1.029999999999999361e+00 -4.265114634259997151e-01
1.039999999999999147e+00 -4.262749323902977339e-01
1.049999999999998934e+00 -4.259775475005171397e-01
1.059999999999998721e+00 -4.256224925088887834e-01
1.069999999999998508e+00 -4.252130413213822124e-01
1.079999999999998295e+00 -4.247525528796855521e-01
1.089999999999998082e+00 -4.242444659102952431e-01
1.099999999999997868e+00 -4.236922935488691144e-01
1.109999999999997655e+00 -4.230996178482615000e-01
1.119999999999997442e+00 -4.224700841788213146e-01
1.129999999999997229e+00 -4.218073955297086397e-01
1.139999999999997016e+00 -4.211153067201372502e-01
1.149999999999996803e+00 -4.203976185295934531e-01
1.159999999999996589e+00 -4.196581717562065661e-01
1.169999999999996376e+00 -4.189008412125594383e-01
1.179999999999996163e+00 -4.181295296683257834e-01
1.189999999999995950e+00 -4.173481617492027507e-01
1.199999999999995737e+00 -4.165606778016767708e-01
1.209999999999995524e+00 -4.157710277332138382e-01
1.219999999999995310e+00 -4.149831648375032489e-01
1.229999999999995097e+00 -4.142010396144078510e-01
1.239999999999994884e+00 -4.134285935942816903e-01
1.249999999999994671e+00 -4.126697531763095506e-01
1.259999999999994458e+00 -4.119284234905002950e-01
1.269999999999994245e+00 -4.112084822929299999e-01
1.279999999999994031e+00 -4.105137739037772460e-01
1.289999999999993818e+00 -4.098481031976280997e-01
1.299999999999993605e+00 -4.092152296554449342e-01
1.309999999999993392e+00 -4.086188614874974312e-01
1.319999999999993179e+00 -4.080626498364433585e-01
1.329999999999992966e+00 -4.075501830696212635e-01
1.339999999999992752e+00 -4.070849811694777221e-01
1.349999999999992539e+00 -4.066704902308982406e-01
1.359999999999992326e+00 -4.063100770740442069e-01
1.369999999999992113e+00 -4.060070239811172099e-01
1.379999999999991900e+00 -4.057645235652788118e-01
1.389999999999991687e+00 -4.055856737797466915e-01
1.399999999999991473e+00 -4.054734730748696947e-01
1.409999999999991260e+00 -4.054308157107521793e-01
1.419999999999991047e+00 -4.054604872327554621e-01
1.429999999999990834e+00 -4.055651601169493747e-01
1.439999999999990621e+00 -4.057473895923211504e-01
1.449999999999990408e+00 -4.060096096462727511e-01
1.459999999999990195e+00 -4.063541292196510279e-01
1.469999999999989981e+00 -4.067831285972587918e-01
1.479999999999989768e+00 -4.072986559994898337e-01
1.489999999999989555e+00 -4.079026243804153018e-01
1.499999999999989342e+00 -4.085968084373277076e-01
1.509999999999989129e+00 -4.093828418364168775e-01
1.519999999999988916e+00 -4.102622146589151031e-01
1.529999999999988702e+00 -4.112362710717036851e-01
1.539999999999988489e+00 -4.123062072260225697e-01
1.549999999999988276e+00 -4.134730693875676710e-01
1.559999999999988063e+00 -4.147377523008992650e-01
1.569999999999987850e+00 -4.161009977907182411e-01
1.579999999999987637e+00 -4.175633936021966863e-01
1.589999999999987423e+00 -4.191253724821757398e-01
1.599999999999987210e+00 -4.207872115026673465e-01
1.609999999999986997e+00 -4.225490316277168978e-01
1.619999999999986784e+00 -4.244107975243041619e-01
1.629999999999986571e+00 -4.263723176175783225e-01
1.639999999999986358e+00 -4.284332443903403065e-01
1.649999999999986144e+00 -4.305930749263047752e-01
1.659999999999985931e+00 -4.328511516962919581e-01
1.669999999999985718e+00 -4.352066635861207566e-01
1.679999999999985505e+00 -4.376586471645959597e-01
1.689999999999985292e+00 -4.402059881896075444e-01
1.699999999999985079e+00 -4.428474233499874457e-01
1.709999999999984865e+00 -4.455815422404011406e-01
1.719999999999984652e+00 -4.484067895661862924e-01
1.729999999999984439e+00 -4.513214675746921589e-01
1.739999999999984226e+00 -4.543237387093186364e-01
1.749999999999984013e+00 -4.574116284821060363e-01
1.759999999999983800e+00 -4.605830285603851326e-01
1.769999999999983586e+00 -4.638357000626620597e-01
1.779999999999983373e+00 -4.671672770585856282e-01
1.789999999999983160e+00 -4.705752702675259358e-01
1.799999999999982947e+00 -4.740570709499822288e-01
1.809999999999982734e+00 -4.776099549857368842e-01
1.819999999999982521e+00 -4.812310871323798311e-01
1.829999999999982307e+00 -4.849175254575469052e-01
1.839999999999982094e+00 -4.886662259379427331e-01
1.849999999999981881e+00 -4.924740472179590656e-01
1.859999999999981668e+00 -4.963377555204491753e-01
1.869999999999981455e+00 -5.002540297019819615e-01
1.879999999999981242e+00 -5.042194664446727481e-01
1.889999999999981029e+00 -5.082305855764743807e-01
1.899999999999980815e+00 -5.122838355116121623e-01
1.909999999999980602e+00 -5.163755988026572652e-01
1.919999999999980389e+00 -5.205021977955593959e-01
1.929999999999980176e+00 -5.246599003787983939e-01
1.939999999999979963e+00 -5.288449258176678436e-01
1.949999999999979750e+00 -5.330534506645685511e-01
1.959999999999979536e+00 -5.372816147360756078e-01
1.969999999999979323e+00 -5.415255271474284093e-01
1.979999999999979110e+00 -5.457812723950317135e-01
1.989999999999978897e+00 -5.500449164773855149e-01
1.994999999999989448e+00 -5.521784676548382453e-01
2.000000000000000000e+00 -5.543125130365409436e-01
2.009999999999999787e+00 -5.585806485963541457e-01
2.019999999999999574e+00 -5.628480742955093152e-01
2.029999999999999361e+00 -5.671141063135336502e-01
2.039999999999999147e+00 -5.713780901972534965e-01
2.049999999999998934e+00 -5.756394018838797422e-01
2.059999999999998721e+00 -5.798974486765836600e-01
2.069999999999998508e+00 -5.841516701710399717e-01
2.079999999999998295e+00 -5.884015391314877386e-01
2.089999999999998082e+00 -5.926465623149400619e-01
2.099999999999997868e+00 -5.968862812422544017e-01
2.109999999999997655e+00 -6.011202729148570345e-01
2.119999999999997442e+00 -6.053481504760025445e-01
2.129999999999997229e+00 -6.095695638155340657e-01
2.139999999999997016e+00 -6.137842001171982531e-01
2.149999999999996803e+00 -6.179917843476604444e-01
2.159999999999996589e+00 -6.221920796864549574e-01
2.169999999999996376e+00 -6.263848878961985056e-01
2.179999999999996163e+00 -6.305700496324878612e-01
2.189999999999995950e+00 -6.347474446929975977e-01
2.199999999999995737e+00 -6.389169922053884454e-01
2.209999999999995524e+00 -6.430786507537319396e-01
2.219999999999995310e+00 -6.472324184432548533e-01
2.229999999999995097e+00 -6.513783329033011604e-01
2.239999999999994884e+00 -6.555164712285072026e-01
2.249999999999994671e+00 -6.596469498582825386e-01
2.259999999999994458e+00 -6.637699243947838834e-01
2.269999999999994245e+00 -6.678855893596676863e-01
2.279999999999994031e+00 -6.719941778900009322e-01
2.289999999999993818e+00 -6.760959613738061202e-01
2.299999999999993605e+00 -6.801912490258094079e-01
2.309999999999993392e+00 -6.842803874040556122e-01
2.319999999999993179e+00 -6.883637598681460190e-01
2.329999999999992966e+00 -6.924417859799452124e-01
2.339999999999992752e+00 -6.965149208476942855e-01
2.349999999999992539e+00 -7.005836544145555012e-01
2.359999999999992326e+00 -7.046485106927010689e-01
2.369999999999992113e+00 -7.087100469441423023e-01
2.379999999999991900e+00 -7.127688528095812437e-01
2.389999999999991687e+00 -7.168255493866448891e-01
2.399999999999991473e+00 -7.208807882589449711e-01
2.409999999999991260e+00 -7.249352504774788652e-01
2.419999999999991047e+00 -7.289896454959661209e-01
2.429999999999990834e+00 -7.330447100617831779e-01
2.439999999999990621e+00 -7.371012070642314340e-01
2.449999999999990408e+00 -7.411599243419384475e-01
2.459999999999990195e+00 -7.452216734512562279e-01
2.469999999999989981e+00 -7.492872883975828513e-01
2.479999999999989768e+00 -7.533576243315903698e-01
2.489999999999989555e+00 -7.574335562123966081e-01
2.499999999999989342e+00 -7.615159774397711745e-01
2.509999999999989129e+00 -7.656057984575141973e-01
2.519999999999988916e+00 -7.697039453301902645e-01
2.529999999999988702e+00 -7.738113582954433411e-01
2.539999999999988489e+00 -7.779289902941549650e-01
2.549999999999988276e+00 -7.820578054807441060e-01
2.559999999999988063e+00 -7.861987777159376023e-01
2.569999999999987850e+00 -7.903528890443665134e-01
2.579999999999987637e+00 -7.945211281593691499e-01
2.589999999999987423e+00 -7.987044888574003076e-01
2.599999999999987210e+00 -8.029039684844631042e-01
2.609999999999986997e+00 -8.071205663769916994e-01
2.619999999999986784e+00 -8.113552822996229485e-01
2.629999999999986571e+00 -8.156091148822977033e-01
2.639999999999986358e+00 -8.198830600591371365e-01
2.649999999999986144e+00 -8.241781095115323641e-01
2.659999999999985931e+00 -8.284952491178826373e-01
2.669999999999985718e+00 -8.328354574124053888e-01
2.679999999999985505e+00 -8.371997040554266523e-01
2.689999999999985292e+00 -8.415889483175440500e-01
2.699999999999985079e+00 -8.460041375800316787e-01
2.709999999999984865e+00 -8.504462058538312386e-01
2.719999999999984652e+00 -8.549160723194441092e-01
2.729999999999984439e+00 -8.594146398900082140e-01
2.739999999999984226e+00 -8.639427937998040985e-01
2.749999999999984013e+00 -8.685014002203984562e-01
2.759999999999983800e+00 -8.730913049065874842e-01
2.769999999999983586e+00 -8.777133318742571522e-01
2.779999999999983373e+00 -8.823682821122271758e-01
2.789999999999983160e+00 -8.870569323300923070e-01
2.799999999999982947e+00 -8.917800337440185965e-01
2.809999999999982734e+00 -8.965383109023928876e-01
2.819999999999982521e+00 -9.013324605531606304e-01
2.829999999999982307e+00 -9.061631505546237086e-01
2.839999999999982094e+00 -9.110310188314001412e-01
2.849999999999981881e+00 -9.159366723771781293e-01
2.859999999999981668e+00 -9.208806863058235370e-01
2.869999999999981455e+00 -9.258636029523238387e-01
2.879999999999981242e+00 -9.308859310249743002e-01
2.889999999999981029e+00 -9.359481448101316658e-01
2.899999999999980815e+00 -9.410506834307781343e-01
2.909999999999980602e+00 -9.461939501600555857e-01
2.919999999999980389e+00 -9.513783117908423126e-01
2.929999999999980176e+00 -9.566040980623580214e-01
2.939999999999979963e+00 -9.618716011446938330e-01
2.949999999999979750e+00 -9.671810751820726360e-01
2.959999999999979536e+00 -9.725327358955542234e-01
2.969999999999979323e+00 -9.779267602458057151e-01
2.979999999999979110e+00 -9.833632861564648442e-01
2.989999999999978897e+00 -9.888424122985289832e-01
2.994999999999989448e+00 -9.915979704585864418e-01
3.000000000000000000e+00 -9.943641978159325490e-01
3.009999999999999787e+00 -9.999286639474718186e-01
3.019999999999999574e+00 -1.005535808466114789e+00
3.029999999999999361e+00 -1.011185620830081788e+00
3.039999999999999147e+00 -1.016878083805354605e+00
3.049999999999998934e+00 -1.022613173764504113e+00
3.059999999999998721e+00 -1.028390860995511691e+00
3.069999999999998508e+00 -1.034211110020103686e+00
3.079999999999998295e+00 -1.040073879921098898e+00
3.089999999999998082e+00 -1.045979124678259709e+00
3.099999999999997868e+00 -1.051926793512119485e+00
3.109999999999997655e+00 -1.057916831235250710e+00
3.119999999999997442e+00 -1.063949178610423596e+00
3.129999999999997229e+00 -1.070023772715095411e+00
3.139999999999997016e+00 -1.076140547311661866e+00
3.149999999999996803e+00 -1.082299433222889462e+00
3.159999999999996589e+00 -1.088500358711944616e+00
3.169999999999996376e+00 -1.094743249866422685e+00
3.179999999999996163e+00 -1.101028030985779838e+00
3.189999999999995950e+00 -1.107354624971558010e+00
3.199999999999995737e+00 -1.113722953719797237e+00
3.209999999999995524e+00 -1.120132938515018717e+00
3.219999999999995310e+00 -1.126584500425164004e+00
3.229999999999995097e+00 -1.133077560696872821e+00
3.239999999999994884e+00 -1.139612041150481758e+00
3.249999999999994671e+00 -1.146187864574125914e+00
3.259999999999994458e+00 -1.152804955116327523e+00
3.269999999999994245e+00 -1.159463238676458063e+00
3.279999999999994031e+00 -1.166162643292463441e+00
3.289999999999993818e+00 -1.172903099525246073e+00
3.299999999999993605e+00 -1.179684540839101903e+00
3.309999999999993392e+00 -1.186506903977620375e+00
3.319999999999993179e+00 -1.193370129334456520e+00
3.329999999999992966e+00 -1.200274161318398036e+00
3.339999999999992752e+00 -1.207218948712154738e+00
3.349999999999992539e+00 -1.214204445024311241e+00
3.359999999999992326e+00 -1.221230608833891118e+00
3.369999999999992113e+00 -1.228297404126995396e+00
3.379999999999991900e+00 -1.235404800624987365e+00
3.389999999999991687e+00 -1.242552774103712787e+00
3.399999999999991473e+00 -1.249741306703254118e+00
3.409999999999991260e+00 -1.256970387227737129e+00
3.419999999999991047e+00 -1.264240011434718314e+00
3.429999999999990834e+00 -1.271550182313703425e+00
3.439999999999990621e+00 -1.278900910353360398e+00
3.449999999999990408e+00 -1.286292213797008088e+00
3.459999999999990195e+00 -1.293724118885983820e+00
3.469999999999989981e+00 -1.301196660090507162e+00
3.479999999999989768e+00 -1.308709880327679320e+00
3.489999999999989555e+00 -1.316263831166278875e+00
3.499999999999989342e+00 -1.323858573018032336e+00
3.509999999999989129e+00 -1.331494175315059758e+00
3.519999999999988916e+00 -1.339170716673220740e+00
3.529999999999988702e+00 -1.346888285041102362e+00
3.539999999999988489e+00 -1.354646977834418786e+00
3.549999999999988276e+00 -1.362446902055610032e+00
3.559999999999988063e+00 -1.370288174398455405e+00
3.569999999999987850e+00 -1.378170921337535271e+00
3.579999999999987637e+00 -1.386095279202404607e+00
3.589999999999987423e+00 -1.394061394236359330e+00
3.599999999999987210e+00 -1.402069422639704799e+00
3.609999999999986997e+00 -1.410119530597459647e+00
3.619999999999986784e+00 -1.418211894291450559e+00
3.629999999999986571e+00 -1.426346699896778869e+00
3.639999999999986358e+00 -1.434524143562665666e+00
3.649999999999986144e+00 -1.442744431377704473e+00
3.659999999999985931e+00 -1.451007779319575697e+00
3.669999999999985718e+00 -1.459314413189302329e+00
3.679999999999985505e+00 -1.467664568530148816e+00
3.689999999999985292e+00 -1.476058490531290790e+00
3.699999999999985079e+00 -1.484496433916404401e+00
3.709999999999984865e+00 -1.492978662817352031e+00
3.719999999999984652e+00 -1.501505450633160210e+00
3.729999999999984439e+00 -1.510077079874509343e+00
3.739999999999984226e+00 -1.518693841993981497e+00
3.749999999999984013e+00 -1.527356037202328043e+00
3.759999999999983800e+00 -1.536063974271046018e+00
3.769999999999983586e+00 -1.544817970321572975e+00
3.779999999999983373e+00 -1.553618350601427167e+00
3.789999999999983160e+00 -1.562465448247645883e+00
3.799999999999982947e+00 -1.571359604037888991e+00
3.809999999999982734e+00 -1.580301166129599366e+00
3.819999999999982521e+00 -1.589290489787625882e+00
3.829999999999982307e+00 -1.598327937100736396e+00
3.839999999999982094e+00 -1.607413876687462384e+00
3.849999999999981881e+00 -1.616548683391736185e+00
3.859999999999981668e+00 -1.625732737968796471e+00
3.869999999999981455e+00 -1.634966426761852443e+00
3.879999999999981242e+00 -1.644250141370012797e+00
3.889999999999981029e+00 -1.653584278307997701e+00
3.899999999999980815e+00 -1.662969238658167370e+00
3.909999999999980602e+00 -1.672405427715409898e+00
3.919999999999980389e+00 -1.681893254625442591e+00
3.929999999999980176e+00 -1.691433132017095664e+00
3.939999999999979963e+00 -1.701025475629148742e+00
3.949999999999979750e+00 -1.710670703932306802e+00
3.959999999999979536e+00 -1.720369237746905311e+00
3.969999999999979323e+00 -1.730121499856942302e+00
3.979999999999979110e+00 -1.739927914621040239e+00
3.989999999999978897e+00 -1.749788907580946962e+00
3.999999999999978684e+00 -1.759704905066956204e+00
4.009999999999979359e+00 -1.769676333808111623e+00
4.019999999999980034e+00 -1.779703620608675374e+00
4.029999999999980709e+00 -1.789787192205498201e+00
4.039999999999981384e+00 -1.799927475196306581e+00
4.049999999999982059e+00 -1.810124895974266179e+00
4.059999999999982734e+00 -1.820379880665583761e+00
4.069999999999983409e+00 -1.830692855070245262e+00
4.079999999999984084e+00 -1.841064244605982614e+00
4.089999999999984759e+00 -1.851494474255557021e+00
4.099999999999985434e+00 -1.861983968517441079e+00
4.109999999999986109e+00 -1.872533151359977444e+00
4.119999999999986784e+00 -1.883142446179083773e+00
4.129999999999987459e+00 -1.893812275759572339e+00
4.139999999999988134e+00 -1.904543062240144025e+00
4.149999999999988809e+00 -1.915335227082110237e+00
4.159999999999989484e+00 -1.926189191041893567e+00
4.169999999999990159e+00 -1.937105374147348957e+00
4.179999999999990834e+00 -1.948084195677941999e+00
4.189999999999991509e+00 -1.959126074148817453e+00
4.199999999999992184e+00 -1.970231427298779758e+00
4.209999999999992859e+00 -1.981400672082207715e+00
4.219999999999993534e+00 -1.992634224664912912e+00
4.229999999999994209e+00 -2.003932500423950547e+00
4.239999999999994884e+00 -2.015295913951381745e+00
4.249999999999995559e+00 -2.026724879061982065e+00
4.259999999999996234e+00 -2.038219808804884625e+00
4.269999999999996909e+00 -2.049781115479136773e+00
4.279999999999997584e+00 -2.061409210653152080e+00
4.289999999999998259e+00 -2.073104505188018365e+00
4.299999999999998934e+00 -2.084867409264635540e+00
4.309999999999999609e+00 -2.096698332414631327e+00
4.320000000000000284e+00 -2.108597683555013091e+00
4.330000000000000959e+00 -2.120565871026499405e+00
4.340000000000001634e+00 -2.132603302635470044e+00
4.350000000000002309e+00 -2.144710385699470923e+00
4.360000000000002984e+00 -2.156887527096202906e+00
4.370000000000003659e+00 -2.169135133315915898e+00
4.380000000000004334e+00 -2.181453610517126496e+00
4.390000000000005009e+00 -2.193843364585577049e+00
4.400000000000005684e+00 -2.206304801196334431e+00
4.410000000000006359e+00 -2.218838325878942364e+00
4.420000000000007034e+00 -2.231444344085515841e+00
4.430000000000007709e+00 -2.244123261261679048e+00
4.440000000000008384e+00 -2.256875482920228659e+00
4.450000000000009059e+00 -2.269701414717414600e+00
4.460000000000009734e+00 -2.282601462531712144e+00
4.470000000000010409e+00 -2.295576032544968115e+00
4.480000000000011084e+00 -2.308625531325790181e+00
4.490000000000011759e+00 -2.321750365915050907e+00
4.500000000000012434e+00 -2.334950943913371990e+00
4.510000000000013110e+00 -2.348227673570453256e+00
4.520000000000013785e+00 -2.361580963876103834e+00
4.530000000000014460e+00 -2.375011224652838315e+00
4.540000000000015135e+00 -2.388518866649887329e+00
4.550000000000015810e+00 -2.402104301638478656e+00
4.560000000000016485e+00 -2.415767942508241894e+00
4.570000000000017160e+00 -2.429510203364579901e+00
4.580000000000017835e+00 -2.443331499626861802e+00
4.590000000000018510e+00 -2.457232248127278584e+00
4.600000000000019185e+00 -2.471212867210210717e+00
4.610000000000019860e+00 -2.485273776831949277e+00
4.620000000000020535e+00 -2.499415398660616017e+00
4.630000000000021210e+00 -2.513638156176127403e+00
4.640000000000021885e+00 -2.527942474770044967e+00
4.650000000000022560e+00 -2.542328781845154761e+00
4.660000000000023235e+00 -2.556797506914623597e+00
4.670000000000023910e+00 -2.571349081700573080e+00
4.680000000000024585e+00 -2.585983940231920908e+00
4.690000000000025260e+00 -2.600702518941334418e+00
4.700000000000025935e+00 -2.615505256761144093e+00
4.710000000000026610e+00 -2.630392595218070895e+00
4.720000000000027285e+00 -2.645364978526613786e+00
4.730000000000027960e+00 -2.660422853680956212e+00
4.740000000000028635e+00 -2.675566670545245884e+00
4.750000000000029310e+00 -2.690796881942107088e+00
4.760000000000029985e+00 -2.706113943739244743e+00
4.770000000000030660e+00 -2.721518314934011418e+00
4.780000000000031335e+00 -2.737010457735795654e+00
4.790000000000032010e+00 -2.752590837646112121e+00
4.800000000000032685e+00 -2.768259923536261713e+00
4.810000000000033360e+00 -2.784018187722443471e+00
4.820000000000034035e+00 -2.799866106038199742e+00
4.830000000000034710e+00 -2.815804157904082672e+00
4.840000000000035385e+00 -2.831832826394430125e+00
4.850000000000036060e+00 -2.847952598301150662e+00
4.860000000000036735e+00 -2.864163964194414103e+00
4.870000000000037410e+00 -2.880467418480157082e+00
4.880000000000038085e+00 -2.896863459454307232e+00
4.890000000000038760e+00 -2.913352589353649158e+00
4.900000000000039435e+00 -2.929935314403245616e+00
4.910000000000040110e+00 -2.946612144860345062e+00
4.920000000000040785e+00 -2.963383595054703168e+00
4.930000000000041460e+00 -2.980250183425257049e+00
4.940000000000042135e+00 -2.997212432553094885e+00
4.950000000000042810e+00 -3.014270869190669888e+00
4.960000000000043485e+00 -3.031426024287210197e+00
4.970000000000044160e+00 -3.048678433010289179e+00
4.980000000000044835e+00 -3.066028634763518834e+00
4.990000000000021529e+00 -3.083477173200300570e+00
5.000000000000000000e+00 -3.101024596233804775e+00
