-1.000010000000000066e+00 9.766099574752866719e-01
-1.000000000000000000e+00 9.766205557100866574e-01
-9.899999999999999911e-01 9.860261313135519901e-01
-9.799999999999999822e-01 9.930365882406964051e-01
-9.699999999999999734e-01 9.976348976564998194e-01
-9.599999999999999645e-01 9.998098899819707341e-01
-9.499999999999999556e-01 9.995562820257473113e-01
-9.399999999999999467e-01 9.968746898172970994e-01
-9.299999999999999378e-01 9.917716271105422310e-01
-9.200000000000000400e-01 9.842594895615484063e-01
-9.100000000000000311e-01 9.743565246187062545e-01
-9.000000000000000222e-01 9.620867871985461228e-01
-8.900000000000000133e-01 9.474800812548536122e-01
-8.800000000000000044e-01 9.305718873830129967e-01
-8.699999999999999956e-01 9.114032766354448478e-01
-8.599999999999999867e-01 8.900208107574639760e-01
-8.499999999999999778e-01 8.664764290859133800e-01
-8.399999999999999689e-01 8.408273223852895661e-01
-8.299999999999999600e-01 8.131357939278276437e-01
-8.200000000000000622e-01 7.834691081549847169e-01
-8.100000000000000533e-01 7.518993272879342937e-01
-8.000000000000000444e-01 7.185031362839626734e-01
-7.900000000000000355e-01 6.833616565639442086e-01
-7.800000000000000266e-01 6.465602489633760497e-01
-7.700000000000000178e-01 6.081883063856103888e-01
-7.600000000000000089e-01 5.683390366609429867e-01
-7.500000000000000000e-01 5.271092361390077308e-01
-7.399999999999999911e-01 4.845990545644365821e-01
-7.299999999999999822e-01 4.409117518069124442e-01
-7.199999999999999734e-01 3.961534470365355998e-01
-7.099999999999999645e-01 3.504328609537740169e-01
-6.999999999999999556e-01 3.038610517001327782e-01
-6.899999999999999467e-01 2.565511450910350488e-01
-6.799999999999999378e-01 2.086180598261948571e-01
-6.699999999999999289e-01 1.601782283449618427e-01
-6.599999999999999201e-01 1.113493140046995927e-01
-6.499999999999999112e-01 6.224992526918692037e-02
-6.400000000000000133e-01 1.299932760129762777e-02
-6.300000000000000044e-01 -3.628284624021342608e-02
-6.199999999999999956e-01 -8.547688679610424001e-02
-6.099999999999999867e-01 -1.344632986883547709e-01
-5.999999999999999778e-01 -1.831230908818563541e-01
-5.899999999999999689e-01 -2.313380657210222235e-01
-5.800000000000000711e-01 -2.789911060392291087e-01
-5.700000000000000622e-01 -3.259664596436859796e-01
-5.600000000000000533e-01 -3.721500204846927007e-01
-5.500000000000000444e-01 -4.174296058263192721e-01
-5.400000000000000355e-01 -4.616952287452340542e-01
-5.300000000000000266e-01 -5.048393652957673394e-01
-5.200000000000000178e-01 -5.467572156922501092e-01
-5.100000000000000089e-01 -5.873469588741980774e-01
-5.000000000000000000e-01 -6.265099998359866529e-01
-4.899999999999999911e-01 -6.641512091202417256e-01
-4.799999999999999822e-01 -7.001791538931945169e-01
-4.699999999999999734e-01 -7.345063200407104809e-01
-4.599999999999999645e-01 -7.670493247455052455e-01
-4.499999999999999556e-01 -7.977291190291827538e-01
-4.399999999999999467e-01 -8.264711797671109306e-01
-4.299999999999999378e-01 -8.532056907097168574e-01
-4.200000000000000400e-01 -8.778677120704898584e-01
-4.100000000000000311e-01 -9.003973382687554539e-01
-4.000000000000000222e-01 -9.207398434440476898e-01
-3.900000000000000133e-01 -9.388458143886214691e-01
-3.800000000000000044e-01 -9.546712705752017358e-01
-3.699999999999999956e-01 -9.681777709884136218e-01
-3.599999999999999867e-01 -9.793325075003951330e-01
-3.499999999999999778e-01 -9.881083845637760321e-01
-3.399999999999999689e-01 -9.944840850284446532e-01
-3.299999999999999600e-01 -9.984441219222273123e-01
-3.199999999999999512e-01 -9.999788760697069234e-01
-3.099999999999999423e-01 -9.990846194577961414e-01
-2.999999999999999334e-01 -9.957635242913124296e-01
-2.900000000000000355e-01 -9.900236577165577589e-01
-2.800000000000000266e-01 -9.818789622257197980e-01
-2.700000000000000178e-01 -9.713492217896932956e-01
-2.600000000000000089e-01 -9.584600138015856308e-01
-2.500000000000000000e-01 -9.432426469476430375e-01
-2.399999999999999911e-01 -9.257340851565062367e-01
-2.299999999999999822e-01 -9.059768578115352522e-01
-2.199999999999999734e-01 -8.840189564442967329e-01
-2.099999999999999645e-01 -8.599137181601544944e-01
-1.999999999999999556e-01 -8.337196960791302125e-01
-1.899999999999999467e-01 -8.055005171067409764e-01
-1.799999999999999378e-01 -7.753247273802953421e-01
-1.699999999999999289e-01 -7.432656257660728016e-01
-1.600000000000000311e-01 -7.094010858118259266e-01
-1.500000000000000222e-01 -6.738133665870992273e-01
-1.400000000000000133e-01 -6.365889128708464018e-01
-1.300000000000000044e-01 -5.978181451716926276e-01
-1.199999999999999956e-01 -5.575952400909089945e-01
-1.099999999999999867e-01 -5.160179015616022102e-01
-9.999999999999997780e-02 -4.731871235197949721e-01
-8.999999999999996891e-02 -4.292069445838886388e-01
-7.999999999999996003e-02 -3.841841953384004804e-01
-6.999999999999995115e-02 -3.382282388358424097e-01
-5.999999999999994227e-02 -2.914507049470789757e-01
-4.999999999999993339e-02 -2.439652192054415358e-01
-4.000000000000003553e-02 -1.958871268032557622e-01
-3.000000000000002665e-02 -1.473332124112076702e-01
-2.000000000000001776e-02 -9.842141650113292450e-02
-1.000000000000000888e-02 -4.927054886128792027e-02
0.000000000000000000e+00 0.000000000000000000e+00
9.999999999999999547e-07 9.766210855584439893e-07
1.000100000000000121e-02 9.816208417409594614e-03
2.000099999999999795e-02 1.971353320267958675e-02
3.000099999999999642e-02 2.966891127909946843e-02
4.000100000000000183e-02 3.965816000851886403e-02
5.000100000000000378e-02 4.965701499475327213e-02
6.000100000000000572e-02 5.964118836919331257e-02
7.000100000000000766e-02 6.958642796281477860e-02
8.000100000000001654e-02 7.946857616923919121e-02
9.000100000000002542e-02 8.926362863764299160e-02
1.000010000000000343e-01 9.894779257744379386e-02
1.100010000000000432e-01 1.084975445533690741e-01
1.200010000000000521e-01 1.178896876250984244e-01
1.300010000000000610e-01 1.271014076941363591e-01
1.400010000000000698e-01 1.361103289206562206e-01
1.500010000000000787e-01 1.448945680758086940e-01
1.600010000000000876e-01 1.534327876974417582e-01
1.700010000000000965e-01 1.617042479201209471e-01
1.800010000000001054e-01 1.696888568535498132e-01
1.900010000000001142e-01 1.773672193870185765e-01
2.000010000000001231e-01 1.847206843013319000e-01
2.100010000000001320e-01 1.917313895737779716e-01
2.200010000000001409e-01 1.983823057660904221e-01
2.300010000000001498e-01 2.046572773900109388e-01
2.400010000000001587e-01 2.105410621499729518e-01
2.500010000000001398e-01 2.160193679675836975e-01
2.600010000000001487e-01 2.210788876979697670e-01
2.700010000000001575e-01 2.257073314536579833e-01
2.800010000000001664e-01 2.298934564574749151e-01
2.900010000000001753e-01 2.336270943519504484e-01
3.000010000000001842e-01 2.368991758988892860e-01
3.100010000000001931e-01 2.397017530091134219e-01
3.200010000000002020e-01 2.420280180488641186e-01
3.300010000000002108e-01 2.438723203759668723e-01
3.400010000000002197e-01 2.452301800655919406e-01
3.500010000000002286e-01 2.460982987922698817e-01
3.600010000000002375e-01 2.464745678417288588e-01
3.700010000000002464e-01 2.463580732330924172e-01
3.800010000000002552e-01 2.457490979389958530e-01
3.900010000000002641e-01 2.446491211982280700e-01
4.000010000000002730e-01 2.430608149225687298e-01
4.100010000000002819e-01 2.409880372065487664e-01
4.200010000000002908e-01 2.384358229558991848e-01
4.300010000000002997e-01 2.354103716574526273e-01
4.400010000000003085e-01 2.319190323202049986e-01
4.500010000000003174e-01 2.279702856241164199e-01
4.600010000000003263e-01 2.235737233200132956e-01
4.700010000000003352e-01 2.187400249306301059e-01
4.800010000000003441e-01 2.134809318093858488e-01
4.900010000000003529e-01 2.078092186199077818e-01
5.000010000000003618e-01 2.017386623055804906e-01
5.100010000000002597e-01 1.952840086244953532e-01
5.200010000000001575e-01 1.884609363310887631e-01
5.300010000000000554e-01 1.812860190914744596e-01
5.400009999999999533e-01 1.737766852249798266e-01
5.500009999999998511e-01 1.659511753696764069e-01
5.600009999999997490e-01 1.578284981747378191e-01
5.700009999999996468e-01 1.494283841272510682e-01
5.800009999999995447e-01 1.407712376256387010e-01
5.900009999999994426e-01 1.318780874161085137e-01
6.000009999999993404e-01 1.227705355125237596e-01
6.100009999999992383e-01 1.134707047237706323e-01
6.200009999999991361e-01 1.040011849160822760e-01
6.300009999999990340e-01 9.438497814085156090e-02
6.400009999999989319e-01 8.464544276122049071e-02
6.500009999999988297e-01 7.480623671316623258e-02
6.600009999999987276e-01 6.489126003890620387e-02
6.700009999999986254e-01 5.492459683221200678e-02
6.800009999999985233e-01 4.493045673665074791e-02
6.900009999999984212e-01 3.493311613885809186e-02
7.000009999999983190e-01 2.495685919968829505e-02
7.100009999999982169e-01 1.502591886648013339e-02
7.200009999999981147e-01 5.164418009723670266e-03
7.300009999999980126e-01 -4.603689172889490269e-03
7.400009999999979105e-01 -1.425467534269925576e-02
7.500009999999978083e-01 -2.376509765525541135e-02
7.600009999999977062e-01 -3.311185470444192452e-02
7.700009999999976040e-01 -4.227224263722630104e-02
7.800009999999975019e-01 -5.122401030272785705e-02
7.900009999999973997e-01 -5.994541330164435133e-02
8.000009999999972976e-01 -6.841526680474757649e-02
8.100009999999971955e-01 -7.661299701214852043e-02
8.200009999999970933e-01 -8.451869112833432229e-02
8.300009999999969912e-01 -9.211314573158457808e-02
8.400009999999968890e-01 -9.937791342027466057e-02
8.500009999999967869e-01 -1.062953476227593147e-01
8.600009999999966848e-01 -1.128486454619905266e-01
8.700009999999965826e-01 -1.190218885707488294e-01
8.800009999999964805e-01 -1.248000817583453798e-01
8.900009999999963783e-01 -1.301691894348707690e-01
9.000009999999962762e-01 -1.351161697045145105e-01
9.100009999999961741e-01 -1.396290060451382542e-01
9.200009999999960719e-01 -1.436967364971582506e-01
9.300009999999959698e-01 -1.473094802908095080e-01
9.400009999999958676e-01 -1.504584618472091795e-01
9.500009999999957655e-01 -1.531360320945570064e-01
9.600009999999956634e-01 -1.553356870490465447e-01
9.700009999999955612e-01 -1.570520836103070084e-01
9.800009999999954591e-01 -1.582810525518385247e-01
9.900004999999978406e-01 -1.590195839720112414e-01
1.000000000000000000e+00 -1.592659578757220917e-01
1.009999999999999787e+00 -1.592169593148329010e-01
1.019999999999999574e+00 -1.590693780874501417e-01
1.029999999999999361e+00 -1.588225132976258114e-01
1.039999999999999147e+00 -1.584759052105919885e-01
1.049999999999998934e+00 -1.580293363755151115e-01
1.059999999999998721e+00 -1.574828321520817809e-01
1.069999999999998508e+00 -1.568366606493314941e-01
1.079999999999998295e+00 -1.560913320742871035e-01
1.089999999999998082e+00 -1.552475974926613989e-01
1.099999999999997868e+00 -1.543064470044634984e-01
1.109999999999997655e+00 -1.532691073389867709e-01
1.119999999999997442e+00 -1.521370388750065694e-01
1.129999999999997229e+00 -1.509119320934297348e-01
1.139999999999997016e+00 -1.495957034710115041e-01
1.149999999999996803e+00 -1.481904908251145403e-01
1.159999999999996589e+00 -1.466986481208177873e-01
1.169999999999996376e+00 -1.451227397529892826e-01
1.179999999999996163e+00 -1.434655343172117903e-01
1.189999999999995950e+00 -1.417299978846922603e-01
1.199999999999995737e+00 -1.399192867974908272e-01
1.209999999999995524e+00 -1.380367400015699575e-01
1.219999999999995310e+00 -1.360858709362875452e-01
1.229999999999995097e+00 -1.340703590000345280e-01
1.239999999999994884e+00 -1.319940406127478594e-01
1.249999999999994671e+00 -1.298608998970083861e-01
1.259999999999994458e+00 -1.276750590003597752e-01
1.269999999999994245e+00 -1.254407680823562132e-01
1.279999999999994031e+00 -1.231623949906611309e-01
1.289999999999993818e+00 -1.208444146512740458e-01
1.299999999999993605e+00 -1.184913981986575743e-01
1.309999999999993392e+00 -1.161080018721680762e-01
1.319999999999993179e+00 -1.136989557057612732e-01
1.329999999999992966e+00 -1.112690520384461423e-01
1.339999999999992752e+00 -1.088231338733959830e-01
1.349999999999992539e+00 -1.063660831139931623e-01
1.359999999999992326e+00 -1.039028087053827099e-01
1.369999999999992113e+00 -1.014382347103398863e-01
1.379999999999991900e+00 -9.897728834841608425e-02
1.389999999999991687e+00 -9.652488802741666929e-02
1.399999999999991473e+00 -9.408593139628312896e-02
1.409999999999991260e+00 -9.166528344839983133e-02
1.419999999999991047e+00 -8.926776470422308207e-02
1.429999999999990834e+00 -8.689813950193774061e-02
1.439999999999990621e+00 -8.456110442458404652e-02
1.449999999999990408e+00 -8.226127689176586377e-02
1.459999999999990195e+00 -8.000318394365191210e-02
1.469999999999989981e+00 -7.779125124451415074e-02
1.479999999999989768e+00 -7.562979233251457267e-02
1.489999999999989555e+00 -7.352299814185327131e-02
1.499999999999989342e+00 -7.147492682272912901e-02
1.509999999999989129e+00 -6.948949388384109693e-02
1.519999999999988916e+00 -6.757046268137453793e-02
1.529999999999988702e+00 -6.572143527757540182e-02
1.539999999999988489e+00 -6.394584369111752653e-02
1.549999999999988276e+00 -6.224694156051620297e-02
1.559999999999988063e+00 -6.062779624083827062e-02
1.569999999999987850e+00 -5.909128135290627609e-02
1.579999999999987637e+00 -5.764006980309512029e-02
1.589999999999987423e+00 -5.627662729067657577e-02
1.599999999999987210e+00 -5.500320631848269054e-02
1.609999999999986997e+00 -5.382184072143661457e-02
1.619999999999986784e+00 -5.273434072624131469e-02
1.629999999999986571e+00 -5.174228855422655093e-02
1.639999999999986358e+00 -5.084703457803507048e-02
1.649999999999986144e+00 -5.004969404148362777e-02
1.659999999999985931e+00 -4.935114435056653370e-02
1.669999999999985718e+00 -4.875202294218202587e-02
1.679999999999985505e+00 -4.825272573575849905e-02
1.689999999999985292e+00 -4.785340617154161535e-02
1.699999999999985079e+00 -4.755397483787843216e-02
1.709999999999984865e+00 -4.735409968840385841e-02
1.719999999999984652e+00 -4.725320684860187526e-02
1.729999999999984439e+00 -4.725048200978237967e-02
1.739999999999984226e+00 -4.734487240708751266e-02
1.749999999999984013e+00 -4.753508937672286383e-02
1.759999999999983800e+00 -4.781961148620179902e-02
1.769999999999983586e+00 -4.819668822999941676e-02
1.779999999999983373e+00 -4.866434428163912695e-02
1.789999999999983160e+00 -4.922038429188325959e-02
1.799999999999982947e+00 -4.986239822137264466e-02
1.809999999999982734e+00 -5.058776719476179573e-02
1.819999999999982521e+00 -5.139366986212969002e-02
1.829999999999982307e+00 -5.227708925221385278e-02
1.839999999999982094e+00 -5.323482010082079136e-02
1.849999999999981881e+00 -5.426347663661171272e-02
1.859999999999981668e+00 -5.535950080535124301e-02
1.869999999999981455e+00 -5.651917091264201110e-02
1.879999999999981242e+00 -5.773861066415135468e-02
1.889999999999981029e+00 -5.901379858137086737e-02
1.899999999999980815e+00 -6.034057777003729722e-02
1.909999999999980602e+00 -6.171466601748674258e-02
1.919999999999980389e+00 -6.313166619441501481e-02
1.929999999999980176e+00 -6.458707693577761533e-02
1.939999999999979963e+00 -6.607630357488500361e-02
1.949999999999979750e+00 -6.759466930413246533e-02
1.959999999999979536e+00 -6.913742653525883908e-02
1.969999999999979323e+00 -7.069976843152273038e-02
1.979999999999979110e+00 -7.227684058384598043e-02
1.989999999999978897e+00 -7.386375280233868634e-02
1.994999999999989448e+00 -7.465936387803906449e-02
2.000000000000000000e+00 -7.545559097870471743e-02
2.009999999999999787e+00 -7.704808739049036348e-02
2.019999999999999574e+00 -7.863960157914381965e-02
2.029999999999999361e+00 -8.022914401313119281e-02
2.039999999999999147e+00 -8.181571935659447126e-02
2.049999999999998934e+00 -8.339832888708663405e-02
2.059999999999998721e+00 -8.497597292152976600e-02
2.069999999999998508e+00 -8.654765324450749975e-02
2.079999999999998295e+00 -8.811237553299219871e-02
2.089999999999998082e+00 -8.966915177161725869e-02
2.099999999999997868e+00 -9.121700265262781826e-02
2.109999999999997655e+00 -9.275495995468006905e-02
2.119999999999997442e+00 -9.428206889471098251e-02
2.129999999999997229e+00 -9.579739044716562013e-02
2.139999999999997016e+00 -9.730000362494854727e-02
2.149999999999996803e+00 -9.878900771655860225e-02
2.159999999999996589e+00 -1.002635244739730480e-01
2.169999999999996376e+00 -1.017227002459665658e-01
2.179999999999996163e+00 -1.031657080516830277e-01
2.189999999999995950e+00 -1.045917495894233551e-01
2.199999999999995737e+00 -1.060000571757698795e-01
2.209999999999995524e+00 -1.073898956103370300e-01
2.219999999999995310e+00 -1.087605639616186920e-01
2.229999999999995097e+00 -1.101113972695943466e-01
2.239999999999994884e+00 -1.114417681609582572e-01
2.249999999999994671e+00 -1.127510883730481056e-01
2.259999999999994458e+00 -1.140388101827716077e-01
2.269999999999994245e+00 -1.153044277370598031e-01
2.279999999999994031e+00 -1.165474782816156435e-01
2.289999999999993818e+00 -1.177675432849728393e-01
2.299999999999993605e+00 -1.189642494551348129e-01
2.309999999999993392e+00 -1.201372696463241102e-01
2.319999999999993179e+00 -1.212863236536398104e-01
2.329999999999992966e+00 -1.224111788936925876e-01
2.339999999999992752e+00 -1.235116509695642628e-01
2.349999999999992539e+00 -1.245876041187193028e-01
2.359999999999992326e+00 -1.256389515427804859e-01
2.369999999999992113e+00 -1.266656556183675397e-01
2.379999999999991900e+00 -1.276677279884866345e-01
2.389999999999991687e+00 -1.286452295342488394e-01
2.399999999999991473e+00 -1.295982702269861397e-01
2.409999999999991260e+00 -1.305270088611241719e-01
2.419999999999991047e+00 -1.314316526684607689e-01
2.429999999999990834e+00 -1.323124568147870384e-01
2.439999999999990621e+00 -1.331697237800738287e-01
2.449999999999990408e+00 -1.340038026237291291e-01
2.459999999999990195e+00 -1.348150881367110032e-01
2.469999999999989981e+00 -1.356040198825559651e-01
2.479999999999989768e+00 -1.363710811296517944e-01
2.489999999999989555e+00 -1.371167976773486341e-01
2.499999999999989342e+00 -1.378417365787597826e-01
2.509999999999989129e+00 -1.385465047633544222e-01
2.519999999999988916e+00 -1.392317475626882739e-01
2.529999999999988702e+00 -1.398981471428532297e-01
2.539999999999988489e+00 -1.405464208474535570e-01
2.549999999999988276e+00 -1.411773194551337041e-01
2.559999999999988063e+00 -1.417916253558904882e-01
2.569999999999987850e+00 -1.423901506505990955e-01
2.579999999999987637e+00 -1.429737351783697541e-01
2.589999999999987423e+00 -1.435432444765263327e-01
2.599999999999987210e+00 -1.440995676781625101e-01
2.609999999999986997e+00 -1.446436153523822932e-01
2.619999999999986784e+00 -1.451763172924710743e-01
2.629999999999986571e+00 -1.456986202573701539e-01
2.639999999999986358e+00 -1.462114856719403666e-01
2.649999999999986144e+00 -1.467158872916015377e-01
2.659999999999985931e+00 -1.472128088370200649e-01
2.669999999999985718e+00 -1.477032416045903351e-01
2.679999999999985505e+00 -1.481881820585143339e-01
2.689999999999985292e+00 -1.486686294103281847e-01
2.699999999999985079e+00 -1.491455831917553043e-01
2.709999999999984865e+00 -1.496200408267818471e-01
2.719999999999984652e+00 -1.500929952088518871e-01
2.729999999999984439e+00 -1.505654322890676577e-01
2.739999999999984226e+00 -1.510383286812530812e-01
2.749999999999984013e+00 -1.515126492896982091e-01
2.759999999999983800e+00 -1.519893449653467454e-01
2.769999999999983586e+00 -1.524693501961201791e-01
2.779999999999983373e+00 -1.529535808369885674e-01
2.789999999999983160e+00 -1.534429318853019197e-01
2.799999999999982947e+00 -1.539382753067861931e-01
2.809999999999982734e+00 -1.544404579174843140e-01
2.819999999999982521e+00 -1.549502993267874995e-01
2.829999999999982307e+00 -1.554685899465531596e-01
2.839999999999982094e+00 -1.559960890711454551e-01
2.849999999999981881e+00 -1.565335230330621163e-01
2.859999999999981668e+00 -1.570815834386277698e-01
2.869999999999981455e+00 -1.576409254880392075e-01
2.879999999999981242e+00 -1.582121663838434722e-01
2.889999999999981029e+00 -1.587958838317145016e-01
2.899999999999980815e+00 -1.593926146371702768e-01
2.909999999999980602e+00 -1.600028534016388337e-01
2.919999999999980389e+00 -1.606270513210406869e-01
2.929999999999980176e+00 -1.612656150898060248e-01
2.939999999999979963e+00 -1.619189059129885477e-01
2.949999999999979750e+00 -1.625872386288761129e-01
2.959999999999979536e+00 -1.632708809442288966e-01
2.969999999999979323e+00 -1.639700527840031175e-01
2.979999999999979110e+00 -1.646849257571396385e-01
2.989999999999978897e+00 -1.654156227397151624e-01
2.994999999999989448e+00 -1.657869301571326948e-01
3.000000000000000000e+00 -1.661622174266145502e-01
3.009999999999999787e+00 -1.669247362608759500e-01
3.019999999999999574e+00 -1.677031759699433577e-01
3.029999999999999361e+00 -1.684975217896850785e-01
3.039999999999999147e+00 -1.693077490296223120e-01
3.049999999999998934e+00 -1.701338230269654195e-01
3.059999999999998721e+00 -1.709756991248736202e-01
3.069999999999998508e+00 -1.718333226749909071e-01
3.079999999999998295e+00 -1.727066290642518820e-01
3.089999999999998082e+00 -1.735955437658926181e-01
3.099999999999997868e+00 -1.744999824145422873e-01
3.109999999999997655e+00 -1.754198509052136701e-01
3.119999999999997442e+00 -1.763550455159515473e-01
3.129999999999997229e+00 -1.773054530538414608e-01
3.139999999999997016e+00 -1.782709510240238771e-01
3.149999999999996803e+00 -1.792514078213035267e-01
3.159999999999996589e+00 -1.802466829438881812e-01
3.169999999999996376e+00 -1.812566272287378655e-01
3.179999999999996163e+00 -1.822810831079528238e-01
3.189999999999995950e+00 -1.833198848855772667e-01
3.199999999999995737e+00 -1.843728590341468521e-01
3.209999999999995524e+00 -1.854398245102592546e-01
3.219999999999995310e+00 -1.865205930884014929e-01
3.229999999999995097e+00 -1.876149697122229953e-01
3.239999999999994884e+00 -1.887227528624011996e-01
3.249999999999994671e+00 -1.898437349402061769e-01
3.259999999999994458e+00 -1.909777026658324162e-01
3.269999999999994245e+00 -1.921244374905304308e-01
3.279999999999994031e+00 -1.932837160215367389e-01
3.289999999999993818e+00 -1.944553104587704861e-01
3.299999999999993605e+00 -1.956389890422355893e-01
3.309999999999993392e+00 -1.968345165090417959e-01
3.319999999999993179e+00 -1.980416545589344379e-01
3.329999999999992966e+00 -1.992601623272022282e-01
3.339999999999992752e+00 -2.004897968638141847e-01
3.349999999999992539e+00 -2.017303136176220313e-01
3.359999999999992326e+00 -2.029814669244516812e-01
3.369999999999992113e+00 -2.042430104978984196e-01
3.379999999999991900e+00 -2.055146979216335434e-01
3.389999999999991687e+00 -2.067962831420265268e-01
3.399999999999991473e+00 -2.080875209598861408e-01
3.409999999999991260e+00 -2.093881675201262338e-01
3.419999999999991047e+00 -2.106979807981664288e-01
3.429999999999990834e+00 -2.120167210818865722e-01
3.439999999999990621e+00 -2.133441514479638701e-01
3.449999999999990408e+00 -2.146800382314361100e-01
3.459999999999990195e+00 -2.160241514873498803e-01
3.469999999999989981e+00 -2.173762654433728236e-01
3.479999999999989768e+00 -2.187361589422703034e-01
3.489999999999989555e+00 -2.201036158731716208e-01
3.499999999999989342e+00 -2.214784255905783983e-01
3.509999999999989129e+00 -2.228603833200972495e-01
3.519999999999988916e+00 -2.242492905499110234e-01
3.529999999999988702e+00 -2.256449554070380781e-01
3.539999999999988489e+00 -2.270471930174652320e-01
3.549999999999988276e+00 -2.284558258492798422e-01
3.559999999999988063e+00 -2.298706840379675098e-01
3.569999999999987850e+00 -2.312916056930851560e-01
3.579999999999987637e+00 -2.327184371855645917e-01
3.589999999999987423e+00 -2.341510334149486394e-01
3.599999999999987210e+00 -2.355892580559108551e-01
3.609999999999986997e+00 -2.370329837834597997e-01
3.619999999999986784e+00 -2.384820924762810490e-01
3.629999999999986571e+00 -2.399364753977227260e-01
3.639999999999986358e+00 -2.413960333539852954e-01
3.649999999999986144e+00 -2.428606768291310392e-01
3.659999999999985931e+00 -2.443303260965855039e-01
3.669999999999985718e+00 -2.458049113068599134e-01
3.679999999999985505e+00 -2.472843725512815505e-01
3.689999999999985292e+00 -2.487686599015772604e-01
3.699999999999985079e+00 -2.502577334252139574e-01
3.709999999999984865e+00 -2.517515631764588591e-01
3.719999999999984652e+00 -2.532501291631812923e-01
3.729999999999984439e+00 -2.547534212894762007e-01
3.739999999999984226e+00 -2.562614392742495473e-01
3.749999999999984013e+00 -2.577741925459626771e-01
3.759999999999983800e+00 -2.592917001137917121e-01
3.769999999999983586e+00 -2.608139904155146183e-01
3.779999999999983373e+00 -2.623411011424957029e-01
3.789999999999983160e+00 -2.638730790421926486e-01
3.799999999999982947e+00 -2.654099796986656989e-01
3.809999999999982734e+00 -2.669518672916221247e-01
3.819999999999982521e+00 -2.684988143345812817e-01
3.829999999999982307e+00 -2.700509013927964719e-01
3.839999999999982094e+00 -2.716082167816186721e-01
3.849999999999981881e+00 -2.731708562460344880e-01
3.859999999999981668e+00 -2.747389226221574887e-01
3.869999999999981455e+00 -2.763125254814944309e-01
3.879999999999981242e+00 -2.778917807588509037e-01
3.889999999999981029e+00 -2.794768103647800594e-01
3.899999999999980815e+00 -2.810677417835161229e-01
3.909999999999980602e+00 -2.826647076573687301e-01
3.919999999999980389e+00 -2.842678453585882892e-01
3.929999999999980176e+00 -2.858772965497418106e-01
3.939999999999979963e+00 -2.874932067336674058e-01
3.949999999999979750e+00 -2.891157247941004149e-01
3.959999999999979536e+00 -2.907450025280874373e-01
3.969999999999979323e+00 -2.923811941713231888e-01
3.979999999999979110e+00 -2.940244559175643202e-01
3.989999999999978897e+00 -2.956749454332866511e-01
3.999999999999978684e+00 -2.973328213672317144e-01
4.009999999999979359e+00 -2.989982428650500568e-01
4.019999999999980034e+00 -3.006713691641126340e-01
4.029999999999980709e+00 -3.023523594075953613e-01
4.039999999999981384e+00 -3.040413725414486401e-01
4.049999999999982059e+00 -3.057385672148838496e-01
4.059999999999982734e+00 -3.074441016805214422e-01
4.069999999999983409e+00 -3.091581336944427827e-01
4.079999999999984084e+00 -3.108808204163888145e-01
4.089999999999984759e+00 -3.126123183103480252e-01
4.099999999999985434e+00 -3.143527830457747418e-01
4.109999999999986109e+00 -3.161023693996783401e-01
4.119999999999986784e+00 -3.178612311598206785e-01
4.129999999999987459e+00 -3.196295210292571798e-01
4.139999999999988134e+00 -3.214073905324532632e-01
4.149999999999988809e+00 -3.231949899232043899e-01
4.159999999999989484e+00 -3.249924680945830424e-01
4.169999999999990159e+00 -3.267999724911319070e-01
4.179999999999990834e+00 -3.286176490235160341e-01
4.189999999999991509e+00 -3.304456419858414762e-01
4.199999999999992184e+00 -3.322840939758413548e-01
4.209999999999992859e+00 -3.341331458181231451e-01
4.219999999999993534e+00 -3.359929364906636406e-01
4.229999999999994209e+00 -3.378636030547298996e-01
4.239999999999994884e+00 -3.397452805883968696e-01
4.249999999999995559e+00 -3.416381021238227844e-01
4.259999999999996234e+00 -3.435421985884349327e-01
4.269999999999996909e+00 -3.454576987501684071e-01
4.279999999999997584e+00 -3.473847291668912818e-01
4.289999999999998259e+00 -3.493234141401383996e-01
4.299999999999998934e+00 -3.512738756732668999e-01
4.309999999999999609e+00 -3.532362334341347387e-01
4.320000000000000284e+00 -3.552106047223926311e-01
4.330000000000000959e+00 -3.571971044414694596e-01
4.340000000000001634e+00 -3.591958450753186538e-01
4.350000000000002309e+00 -3.612069366699822703e-01
4.360000000000002984e+00 -3.632304868200176839e-01
4.370000000000003659e+00 -3.652666006598195292e-01
4.380000000000004334e+00 -3.673153808598581538e-01
4.390000000000005009e+00 -3.693769276278439095e-01
4.400000000000005684e+00 -3.714513387148140056e-01
4.410000000000006359e+00 -3.735387094261274910e-01
4.420000000000007034e+00 -3.756391326373415551e-01
4.430000000000007709e+00 -3.777526988149307319e-01
4.440000000000008384e+00 -3.798794960417982702e-01
4.450000000000009059e+00 -3.820196100475180545e-01
4.460000000000009734e+00 -3.841731242432336324e-01
4.470000000000010409e+00 -3.863401197611293636e-01
4.480000000000011084e+00 -3.885206754983779875e-01
4.490000000000011759e+00 -3.907148681654576960e-01
4.500000000000012434e+00 -3.929227723387215265e-01
4.510000000000013110e+00 -3.951444605170912339e-01
4.520000000000013785e+00 -3.973800031827380841e-01
4.530000000000014460e+00 -3.996294688656028549e-01
4.540000000000015135e+00 -4.018929242115988898e-01
4.550000000000015810e+00 -4.041704340543318952e-01
4.560000000000016485e+00 -4.064620614901626183e-01
4.570000000000017160e+00 -4.087678679564301087e-01
4.580000000000017835e+00 -4.110879133126453810e-01
4.590000000000018510e+00 -4.134222559244584705e-01
4.600000000000019185e+00 -4.157709527501945446e-01
4.610000000000019860e+00 -4.181340594297493496e-01
4.620000000000020535e+00 -4.205116303756276097e-01
4.630000000000021210e+00 -4.229037188659036661e-01
4.640000000000021885e+00 -4.253103771388782040e-01
4.650000000000022560e+00 -4.277316564892013062e-01
4.660000000000023235e+00 -4.301676073652282439e-01
4.670000000000023910e+00 -4.326182794673716359e-01
4.680000000000024585e+00 -4.350837218472111689e-01
4.690000000000025260e+00 -4.375639830071196279e-01
4.700000000000025935e+00 -4.400591110001640383e-01
4.710000000000026610e+00 -4.425691535300385060e-01
4.720000000000027285e+00 -4.450941580507863371e-01
4.730000000000027960e+00 -4.476341718660693525e-01
4.740000000000028635e+00 -4.501892422277430916e-01
4.750000000000029310e+00 -4.527594164334982629e-01
4.760000000000029985e+00 -4.553447419233316862e-01
4.770000000000030660e+00 -4.579452663746121366e-01
4.780000000000031335e+00 -4.605610377955101642e-01
4.790000000000032010e+00 -4.631921046165649591e-01
4.800000000000032685e+00 -4.658385157801660514e-01
4.810000000000033360e+00 -4.685003208277320197e-01
4.820000000000034035e+00 -4.711775699843749887e-01
4.830000000000034710e+00 -4.738703142408450808e-01
4.840000000000035385e+00 -4.765786054325552579e-01
4.850000000000036060e+00 -4.793024963154955409e-01
4.860000000000036735e+00 -4.820420406388514212e-01
4.870000000000037410e+00 -4.847972932141504931e-01
4.880000000000038085e+00 -4.875683099807689991e-01
4.890000000000038760e+00 -4.903551480676396901e-01
4.900000000000039435e+00 -4.931578658510105684e-01
4.910000000000040110e+00 -4.959765230081144005e-01
4.920000000000040785e+00 -4.988111805666189391e-01
4.930000000000041460e+00 -5.016619009497372828e-01
4.940000000000042135e+00 -5.045287480168887395e-01
4.950000000000042810e+00 -5.074117870998123836e-01
4.960000000000043485e+00 -5.103110850340442095e-01
4.970000000000044160e+00 -5.132267101856821112e-01
4.980000000000044835e+00 -5.161587324733741822e-01
4.990000000000021529e+00 -5.191072233854692186e-01
5.000000000000000000e+00 -5.220722559923152151e-01
