-1.000010000000000066e+00 -1.310344827586207073e+00
-1.000000000000000000e+00 -1.310344827586207073e+00
-9.899999999999999911e-01 -1.310344827586207073e+00
-9.799999999999999822e-01 -1.310344827586206851e+00
-9.699999999999999734e-01 -1.310344827586207073e+00
-9.599999999999999645e-01 -1.310344827586206629e+00
-9.499999999999999556e-01 -1.310344827586206629e+00
-9.399999999999999467e-01 -1.310344827586206851e+00
-9.299999999999999378e-01 -1.310344827586207073e+00
-9.200000000000000400e-01 -1.310344827586206629e+00
-9.100000000000000311e-01 -1.310344827586207073e+00
-9.000000000000000222e-01 -1.310344827586206851e+00
-8.900000000000000133e-01 -1.310344827586206851e+00
-8.800000000000000044e-01 -1.310344827586206851e+00
-8.699999999999999956e-01 -1.310344827586206851e+00
-8.599999999999999867e-01 -1.310344827586206407e+00
-8.499999999999999778e-01 -1.310344827586207073e+00
-8.399999999999999689e-01 -1.310344827586207073e+00
-8.299999999999999600e-01 -1.310344827586206851e+00
-8.200000000000000622e-01 -1.310344827586207073e+00
-8.100000000000000533e-01 -1.310344827586207295e+00
-8.000000000000000444e-01 -1.310344827586207073e+00
-7.900000000000000355e-01 -1.310344827586207295e+00
-7.800000000000000266e-01 -1.310344827586206851e+00
-7.700000000000000178e-01 -1.310344827586207295e+00
-7.600000000000000089e-01 -1.310344827586206851e+00
-7.500000000000000000e-01 -1.310344827586207295e+00
-7.399999999999999911e-01 -1.310344827586206851e+00
-7.299999999999999822e-01 -1.310344827586207295e+00
-7.199999999999999734e-01 -1.310344827586206851e+00
-7.099999999999999645e-01 -1.310344827586207295e+00
-6.999999999999999556e-01 -1.310344827586206851e+00
-6.899999999999999467e-01 -1.310344827586207295e+00
-6.799999999999999378e-01 -1.310344827586206851e+00
-6.699999999999999289e-01 -1.310344827586207295e+00
-6.599999999999999201e-01 -1.310344827586206851e+00
-6.499999999999999112e-01 -1.310344827586207073e+00
-6.400000000000000133e-01 -1.310344827586207073e+00
-6.300000000000000044e-01 -1.310344827586207295e+00
-6.199999999999999956e-01 -1.310344827586207073e+00
-6.099999999999999867e-01 -1.310344827586207295e+00
-5.999999999999999778e-01 -1.310344827586206851e+00
-5.899999999999999689e-01 -1.310344827586207073e+00
-5.800000000000000711e-01 -1.310344827586207073e+00
-5.700000000000000622e-01 -1.310344827586207295e+00
-5.600000000000000533e-01 -1.310344827586207073e+00
-5.500000000000000444e-01 -1.310344827586207295e+00
-5.400000000000000355e-01 -1.310344827586206851e+00
-5.300000000000000266e-01 -1.310344827586207295e+00
-5.200000000000000178e-01 -1.310344827586206851e+00
-5.100000000000000089e-01 -1.310344827586207295e+00
-5.000000000000000000e-01 -1.310344827586206851e+00
-4.899999999999999911e-01 -1.310344827586207295e+00
-4.799999999999999822e-01 -1.310344827586206851e+00
-4.699999999999999734e-01 -1.310344827586207295e+00
-4.599999999999999645e-01 -1.310344827586206851e+00
-4.499999999999999556e-01 -1.310344827586207295e+00
-4.399999999999999467e-01 -1.310344827586206851e+00
-4.299999999999999378e-01 -1.310344827586207073e+00
-4.200000000000000400e-01 -1.310344827586207073e+00
-4.100000000000000311e-01 -1.310344827586207295e+00
-4.000000000000000222e-01 -1.310344827586207295e+00
-3.900000000000000133e-01 -1.310344827586206851e+00
-3.800000000000000044e-01 -1.310344827586207295e+00
-3.699999999999999956e-01 -1.310344827586206851e+00
-3.599999999999999867e-01 -1.310344827586207295e+00
-3.499999999999999778e-01 -1.310344827586206851e+00
-3.399999999999999689e-01 -1.310344827586207295e+00
-3.299999999999999600e-01 -1.310344827586206851e+00
-3.199999999999999512e-01 -1.310344827586207295e+00
-3.099999999999999423e-01 -1.310344827586206851e+00
-2.999999999999999334e-01 -1.310344827586207073e+00
-2.900000000000000355e-01 -1.310344827586207073e+00
-2.800000000000000266e-01 -1.310344827586207295e+00
-2.700000000000000178e-01 -1.310344827586207295e+00
-2.600000000000000089e-01 -1.310344827586206851e+00
-2.500000000000000000e-01 -1.310344827586207295e+00
-2.399999999999999911e-01 -1.310344827586206851e+00
-2.299999999999999822e-01 -1.310344827586207295e+00
-2.199999999999999734e-01 -1.310344827586206851e+00
-2.099999999999999645e-01 -1.310344827586207295e+00
-1.999999999999999556e-01 -1.310344827586206851e+00
-1.899999999999999467e-01 -1.310344827586207295e+00
-1.799999999999999378e-01 -1.310344827586206851e+00
-1.699999999999999289e-01 -1.310344827586207073e+00
-1.600000000000000311e-01 -1.310344827586207073e+00
-1.500000000000000222e-01 -1.310344827586207295e+00
-1.400000000000000133e-01 -1.310344827586207073e+00
-1.300000000000000044e-01 -1.310344827586207295e+00
-1.199999999999999956e-01 -1.310344827586206851e+00
-1.099999999999999867e-01 -1.310344827586207295e+00
-9.999999999999997780e-02 -1.310344827586206851e+00
-8.999999999999996891e-02 -1.310344827586207295e+00
-7.999999999999996003e-02 -1.310344827586206851e+00
-6.999999999999995115e-02 -1.310344827586207295e+00
-5.999999999999994227e-02 -1.310344827586206629e+00
-4.999999999999993339e-02 -1.310344827586206851e+00
-4.000000000000003553e-02 -1.310344827586206851e+00
-3.000000000000002665e-02 -1.310344827586207295e+00
-2.000000000000001776e-02 -1.310344827586207073e+00
-1.000000000000000888e-02 -1.310344827586206851e+00
0.000000000000000000e+00 -1.310344827586206851e+00
9.999999999999999547e-07 -1.310346137931034383e+00
1.000100000000000121e-02 -1.323449586206896456e+00
2.000099999999999795e-02 -1.336553034482758529e+00
3.000099999999999642e-02 -1.349656482758620601e+00
4.000100000000000183e-02 -1.362759931034482674e+00
5.000100000000000378e-02 -1.375863379310344747e+00
6.000100000000000572e-02 -1.388966827586206820e+00
7.000100000000000766e-02 -1.402070275862068893e+00
8.000100000000001654e-02 -1.415173724137930966e+00
9.000100000000002542e-02 -1.428277172413793039e+00
1.000010000000000343e-01 -1.441380620689655112e+00
1.100010000000000432e-01 -1.454484068965517185e+00
1.200010000000000521e-01 -1.467587517241379258e+00
1.300010000000000610e-01 -1.480690965517241331e+00
1.400010000000000698e-01 -1.493794413793103404e+00
1.500010000000000787e-01 -1.506897862068965477e+00
1.600010000000000876e-01 -1.520001310344827550e+00
1.700010000000000965e-01 -1.533104758620689623e+00
1.800010000000001054e-01 -1.546208206896551696e+00
1.900010000000001142e-01 -1.559311655172413769e+00
2.000010000000001231e-01 -1.572415103448275842e+00
2.100010000000001320e-01 -1.585518551724137915e+00
2.200010000000001409e-01 -1.598621999999999987e+00
2.300010000000001498e-01 -1.611725448275862060e+00
2.400010000000001587e-01 -1.624828896551724133e+00
2.500010000000001398e-01 -1.637932344827586206e+00
2.600010000000001487e-01 -1.651035793103448279e+00
2.700010000000001575e-01 -1.664139241379310352e+00
2.800010000000001664e-01 -1.677242689655172425e+00
2.900010000000001753e-01 -1.690346137931034498e+00
3.000010000000001842e-01 -1.703449586206896571e+00
3.100010000000001931e-01 -1.716553034482758644e+00
3.200010000000002020e-01 -1.729656482758620717e+00
3.300010000000002108e-01 -1.742759931034482790e+00
3.400010000000002197e-01 -1.755863379310344863e+00
3.500010000000002286e-01 -1.768966827586206936e+00
3.600010000000002375e-01 -1.782070275862069009e+00
3.700010000000002464e-01 -1.795173724137931082e+00
3.800010000000002552e-01 -1.808277172413793155e+00
3.900010000000002641e-01 -1.821380620689655228e+00
4.000010000000002730e-01 -1.834484068965517300e+00
4.100010000000002819e-01 -1.847587517241379373e+00
4.200010000000002908e-01 -1.860690965517241446e+00
4.300010000000002997e-01 -1.873794413793103519e+00
4.400010000000003085e-01 -1.886897862068965592e+00
4.500010000000003174e-01 -1.900001310344827665e+00
4.600010000000003263e-01 -1.913104758620689738e+00
4.700010000000003352e-01 -1.926208206896551811e+00
4.800010000000003441e-01 -1.939311655172413884e+00
4.900010000000003529e-01 -1.952415103448275957e+00
5.000010000000003618e-01 -1.965518551724138030e+00
5.100010000000002597e-01 -1.978622000000000103e+00
5.200010000000001575e-01 -1.991725448275862176e+00
5.300010000000000554e-01 -2.004828896551724249e+00
5.400009999999999533e-01 -2.017932344827586100e+00
5.500009999999998511e-01 -2.031035793103447951e+00
5.600009999999997490e-01 -2.044139241379309802e+00
5.700009999999996468e-01 -2.057242689655171652e+00
5.800009999999995447e-01 -2.070346137931033503e+00
5.900009999999994426e-01 -2.083449586206895354e+00
6.000009999999993404e-01 -2.096553034482757205e+00
6.100009999999992383e-01 -2.109656482758619056e+00
6.200009999999991361e-01 -2.122759931034480907e+00
6.300009999999990340e-01 -2.135863379310342758e+00
6.400009999999989319e-01 -2.148966827586204609e+00
6.500009999999988297e-01 -2.162070275862066460e+00
6.600009999999987276e-01 -2.175173724137928311e+00
6.700009999999986254e-01 -2.188277172413790161e+00
6.800009999999985233e-01 -2.201380620689652012e+00
6.900009999999984212e-01 -2.214484068965513863e+00
7.000009999999983190e-01 -2.227587517241375714e+00
7.100009999999982169e-01 -2.240690965517237565e+00
7.200009999999981147e-01 -2.253794413793099416e+00
7.300009999999980126e-01 -2.266897862068961267e+00
7.400009999999979105e-01 -2.280001310344823118e+00
7.500009999999978083e-01 -2.293104758620684969e+00
7.600009999999977062e-01 -2.306208206896546820e+00
7.700009999999976040e-01 -2.319311655172408670e+00
7.800009999999975019e-01 -2.332415103448270521e+00
7.900009999999973997e-01 -2.345518551724132372e+00
8.000009999999972976e-01 -2.358621999999994223e+00
8.100009999999971955e-01 -2.371725448275856074e+00
8.200009999999970933e-01 -2.384828896551717925e+00
8.300009999999969912e-01 -2.397932344827579776e+00
8.400009999999968890e-01 -2.411035793103441627e+00
8.500009999999967869e-01 -2.424139241379303478e+00
8.600009999999966848e-01 -2.437242689655165329e+00
8.700009999999965826e-01 -2.450346137931027179e+00
8.800009999999964805e-01 -2.463449586206889030e+00
8.900009999999963783e-01 -2.476553034482750881e+00
9.000009999999962762e-01 -2.489656482758612732e+00
9.100009999999961741e-01 -2.502759931034474583e+00
9.200009999999960719e-01 -2.515863379310336434e+00
9.300009999999959698e-01 -2.528966827586198285e+00
9.400009999999958676e-01 -2.542070275862060136e+00
9.500009999999957655e-01 -2.555173724137921987e+00
9.600009999999956634e-01 -2.568277172413783838e+00
9.700009999999955612e-01 -2.581380620689645689e+00
9.800009999999954591e-01 -2.594484068965507539e+00
9.900004999999978406e-01 -2.607586862068958844e+00
1.000000000000000000e+00 -2.620689655172410149e+00
1.009999999999999787e+00 -2.633858620689651708e+00
1.019999999999999574e+00 -2.647158620689651798e+00
1.029999999999999361e+00 -2.660589655172410417e+00
1.039999999999999147e+00 -2.674151724137927566e+00
1.049999999999998934e+00 -2.687844827586203245e+00
1.059999999999998721e+00 -2.701668965517237897e+00
1.069999999999998508e+00 -2.715624137931031079e+00
1.079999999999998295e+00 -2.729710344827582791e+00
1.089999999999998082e+00 -2.743927586206893032e+00
1.099999999999997868e+00 -2.758275862068961803e+00
1.109999999999997655e+00 -2.772755172413789548e+00
1.119999999999997442e+00 -2.787365517241375823e+00
1.129999999999997229e+00 -2.802106896551720627e+00
1.139999999999997016e+00 -2.816979310344823961e+00
1.149999999999996803e+00 -2.831982758620685825e+00
1.159999999999996589e+00 -2.847117241379306662e+00
1.169999999999996376e+00 -2.862382758620686030e+00
1.179999999999996163e+00 -2.877779310344823926e+00
1.189999999999995950e+00 -2.893306896551720353e+00
1.199999999999995737e+00 -2.908965517241375309e+00
1.209999999999995524e+00 -2.924755172413789239e+00
1.219999999999995310e+00 -2.940675862068961699e+00
1.229999999999995097e+00 -2.956727586206892688e+00
1.239999999999994884e+00 -2.972910344827582207e+00
1.249999999999994671e+00 -2.989224137931030256e+00
1.259999999999994458e+00 -3.005668965517237279e+00
1.269999999999994245e+00 -3.022244827586202831e+00
1.279999999999994031e+00 -3.038951724137926913e+00
1.289999999999993818e+00 -3.055789655172409525e+00
1.299999999999993605e+00 -3.072758620689650666e+00
1.309999999999993392e+00 -3.089858620689650781e+00
1.319999999999993179e+00 -3.107089655172409426e+00
1.329999999999992966e+00 -3.124451724137926600e+00
1.339999999999992752e+00 -3.141944827586202305e+00
1.349999999999992539e+00 -3.159568965517236538e+00
1.359999999999992326e+00 -3.177324137931029746e+00
1.369999999999992113e+00 -3.195210344827581483e+00
1.379999999999991900e+00 -3.213227586206891750e+00
1.389999999999991687e+00 -3.231375862068960547e+00
1.399999999999991473e+00 -3.249655172413787874e+00
1.409999999999991260e+00 -3.268065517241374174e+00
1.419999999999991047e+00 -3.286606896551719004e+00
1.429999999999990834e+00 -3.305279310344822363e+00
1.439999999999990621e+00 -3.324082758620684253e+00
1.449999999999990408e+00 -3.343017241379304672e+00
1.459999999999990195e+00 -3.362082758620684064e+00
1.469999999999989981e+00 -3.381279310344821987e+00
1.479999999999989768e+00 -3.400606896551718439e+00
1.489999999999989555e+00 -3.420065517241373421e+00
1.499999999999989342e+00 -3.439655172413786932e+00
1.509999999999989129e+00 -3.459375862068959417e+00
1.519999999999988916e+00 -3.479227586206890432e+00
1.529999999999988702e+00 -3.499210344827579977e+00
1.539999999999988489e+00 -3.519324137931028051e+00
1.549999999999988276e+00 -3.539568965517234655e+00
1.559999999999988063e+00 -3.559944827586200233e+00
1.569999999999987850e+00 -3.580451724137924341e+00
1.579999999999987637e+00 -3.601089655172406978e+00
1.589999999999987423e+00 -3.621858620689648145e+00
1.599999999999987210e+00 -3.642758620689647842e+00
1.609999999999986997e+00 -3.663789655172406068e+00
1.619999999999986784e+00 -3.684951724137923268e+00
1.629999999999986571e+00 -3.706244827586198998e+00
1.639999999999986358e+00 -3.727668965517233257e+00
1.649999999999986144e+00 -3.749224137931026046e+00
1.659999999999985931e+00 -3.770910344827577365e+00
1.669999999999985718e+00 -3.792727586206887658e+00
1.679999999999985505e+00 -3.814675862068956480e+00
1.689999999999985292e+00 -3.836755172413783832e+00
1.699999999999985079e+00 -3.858965517241369714e+00
1.709999999999984865e+00 -3.881306896551714125e+00
1.719999999999984652e+00 -3.903779310344817510e+00
1.729999999999984439e+00 -3.926382758620679425e+00
1.739999999999984226e+00 -3.949117241379299870e+00
1.749999999999984013e+00 -3.971982758620678844e+00
1.759999999999983800e+00 -3.994979310344816348e+00
1.769999999999983586e+00 -4.018106896551712381e+00
1.779999999999983373e+00 -4.041365517241366945e+00
1.789999999999983160e+00 -4.064755172413780926e+00
1.799999999999982947e+00 -4.088275862068953437e+00
1.809999999999982734e+00 -4.111927586206884477e+00
1.819999999999982521e+00 -4.135710344827574048e+00
1.829999999999982307e+00 -4.159624137931022148e+00
1.839999999999982094e+00 -4.183668965517228777e+00
1.849999999999981881e+00 -4.207844827586193936e+00
1.859999999999981668e+00 -4.232151724137917626e+00
1.869999999999981455e+00 -4.256589655172399844e+00
1.879999999999981242e+00 -4.281158620689640593e+00
1.889999999999981029e+00 -4.305858620689640759e+00
1.899999999999980815e+00 -4.330689655172399455e+00
1.909999999999980602e+00 -4.355651724137916680e+00
1.919999999999980389e+00 -4.380744827586192436e+00
1.929999999999980176e+00 -4.405968965517226721e+00
1.939999999999979963e+00 -4.431324137931019536e+00
1.949999999999979750e+00 -4.456810344827570880e+00
1.959999999999979536e+00 -4.482427586206880754e+00
1.969999999999979323e+00 -4.508175862068949158e+00
1.979999999999979110e+00 -4.534055172413776091e+00
1.989999999999978897e+00 -4.560065517241361555e+00
1.994999999999989448e+00 -4.573119827586216601e+00
2.000000000000000000e+00 -4.586206896551761503e+00
2.009999999999999787e+00 -4.612479528735669909e+00
2.019999999999999574e+00 -4.638884505747164155e+00
2.029999999999999361e+00 -4.665423137931072439e+00
2.039999999999999147e+00 -4.692096735632222071e+00
2.049999999999998934e+00 -4.718906609195440360e+00
2.059999999999998721e+00 -4.745854068965555506e+00
2.069999999999998508e+00 -4.772940425287394817e+00
2.079999999999998295e+00 -4.800166988505785604e+00
2.089999999999998082e+00 -4.827535068965556064e+00
2.099999999999997868e+00 -4.855045977011532621e+00
2.109999999999997655e+00 -4.882701022988544359e+00
2.119999999999997442e+00 -4.910501517241417702e+00
2.129999999999997229e+00 -4.938448770114980846e+00
2.139999999999997016e+00 -4.966544091954061102e+00
2.149999999999996803e+00 -4.994788793103486668e+00
2.159999999999996589e+00 -5.023184183908083966e+00
2.169999999999996376e+00 -5.051731574712681194e+00
2.179999999999996163e+00 -5.080432275862106550e+00
2.189999999999995950e+00 -5.109287597701187345e+00
2.199999999999995737e+00 -5.138298850574750887e+00
2.209999999999995524e+00 -5.167467344827624487e+00
2.219999999999995310e+00 -5.196794390804636343e+00
2.229999999999995097e+00 -5.226281298850612878e+00
2.239999999999994884e+00 -5.255929379310383176e+00
2.249999999999994671e+00 -5.285739942528773661e+00
2.259999999999994458e+00 -5.315714298850612529e+00
2.269999999999994245e+00 -5.345853758620727092e+00
2.279999999999994031e+00 -5.376159632183945547e+00
2.289999999999993818e+00 -5.406633229885095204e+00
2.299999999999993605e+00 -5.437275862069003374e+00
2.309999999999993392e+00 -5.468088839080497365e+00
2.319999999999993179e+00 -5.499073471264405377e+00
2.329999999999992966e+00 -5.530231068965554719e+00
2.339999999999992752e+00 -5.561562942528772702e+00
2.349999999999992539e+00 -5.593070402298887522e+00
2.359999999999992326e+00 -5.624754758620726491e+00
2.369999999999992113e+00 -5.656617321839116919e+00
2.379999999999991900e+00 -5.688659402298887002e+00
2.389999999999991687e+00 -5.720882310344864052e+00
2.399999999999991473e+00 -5.753287356321875379e+00
2.409999999999991260e+00 -5.785875850574749180e+00
2.419999999999991047e+00 -5.818649103448312765e+00
2.429999999999990834e+00 -5.851608425287393445e+00
2.439999999999990621e+00 -5.884755126436818529e+00
2.449999999999990408e+00 -5.918090517241416215e+00
2.459999999999990195e+00 -5.951615908046013814e+00
2.469999999999989981e+00 -5.985332609195438636e+00
2.479999999999989768e+00 -6.019241931034518878e+00
2.489999999999989555e+00 -6.053345183908081850e+00
2.499999999999989342e+00 -6.087643678160955751e+00
2.509999999999989129e+00 -6.122138724137967003e+00
2.519999999999988916e+00 -6.156831632183943803e+00
2.529999999999988702e+00 -6.191723712643713462e+00
2.539999999999988489e+00 -6.226816275862104177e+00
2.549999999999988276e+00 -6.262110632183943260e+00
2.559999999999988063e+00 -6.297608091954058018e+00
2.569999999999987850e+00 -6.333309965517276652e+00
2.579999999999987637e+00 -6.369217563218425582e+00
2.589999999999987423e+00 -6.405332195402333895e+00
2.599999999999987210e+00 -6.441655172413828012e+00
2.609999999999986997e+00 -6.478187804597736132e+00
2.619999999999986784e+00 -6.514931402298885565e+00
2.629999999999986571e+00 -6.551887275862103621e+00
2.639999999999986358e+00 -6.589056735632218498e+00
2.649999999999986144e+00 -6.626441091954057505e+00
2.659999999999985931e+00 -6.664041655172447953e+00
2.669999999999985718e+00 -6.701859735632218040e+00
2.679999999999985505e+00 -6.739896643678195076e+00
2.689999999999985292e+00 -6.778153689655206371e+00
2.699999999999985079e+00 -6.816632183908080123e+00
2.709999999999984865e+00 -6.855333436781643641e+00
2.719999999999984652e+00 -6.894258758620724237e+00
2.729999999999984439e+00 -6.933409459770149219e+00
2.739999999999984226e+00 -6.972786850574746786e+00
2.749999999999984013e+00 -7.012392241379344249e+00
2.759999999999983800e+00 -7.052226942528769804e+00
2.769999999999983586e+00 -7.092292264367849874e+00
2.779999999999983373e+00 -7.132589517241412658e+00
2.789999999999983160e+00 -7.173120011494286352e+00
2.799999999999982947e+00 -7.213885057471297380e+00
2.809999999999982734e+00 -7.254885965517273938e+00
2.819999999999982521e+00 -7.296124045977044226e+00
2.829999999999982307e+00 -7.337600609195434664e+00
2.839999999999982094e+00 -7.379316965517273452e+00
2.849999999999981881e+00 -7.421274425287387899e+00
2.859999999999981668e+00 -7.463474298850606203e+00
2.869999999999981455e+00 -7.505917896551755675e+00
2.879999999999981242e+00 -7.548606528735663623e+00
2.889999999999981029e+00 -7.591541505747157359e+00
2.899999999999980815e+00 -7.634724137931065080e+00
2.909999999999980602e+00 -7.678155735632214096e+00
2.919999999999980389e+00 -7.721837609195432606e+00
2.929999999999980176e+00 -7.765771068965547030e+00
2.939999999999979963e+00 -7.809957425287385568e+00
2.949999999999979750e+00 -7.854397988505776418e+00
2.959999999999979536e+00 -7.899094068965546001e+00
2.969999999999979323e+00 -7.944046977011522515e+00
2.979999999999979110e+00 -7.989258022988534158e+00
2.989999999999978897e+00 -8.034728517241408241e+00
2.994999999999989448e+00 -8.057561466954100027e+00
3.000000000000000000e+00 -8.080459770115067997e+00
3.009999999999999787e+00 -8.126453092454628546e+00
3.019999999999999574e+00 -8.172709801748212044e+00
3.029999999999999361e+00 -8.219231227995818401e+00
3.039999999999999147e+00 -8.266018714300894743e+00
3.049999999999998934e+00 -8.313073616870338967e+00
3.059999999999998721e+00 -8.360397305014496183e+00
3.069999999999998508e+00 -8.407991161147158721e+00
3.079999999999998295e+00 -8.455856580785569676e+00
3.089999999999998082e+00 -8.503994972550417586e+00
3.099999999999997868e+00 -8.552407758165839979e+00
3.109999999999997655e+00 -8.601096372459423378e+00
3.119999999999997442e+00 -8.650062263362201520e+00
3.129999999999997229e+00 -8.699306891908657136e+00
3.139999999999997016e+00 -8.748831732236721948e+00
3.149999999999996803e+00 -8.798638271587776671e+00
3.159999999999996589e+00 -8.848728010306647462e+00
3.169999999999996376e+00 -8.899102461841609468e+00
3.179999999999996163e+00 -8.949763152744386829e+00
3.189999999999995950e+00 -9.000711622670152678e+00
3.199999999999995737e+00 -9.051949424377529141e+00
3.209999999999995524e+00 -9.103478123728583782e+00
3.219999999999995310e+00 -9.155299299688833159e+00
3.229999999999995097e+00 -9.207414544327242822e+00
3.239999999999994884e+00 -9.259825462816227315e+00
3.249999999999994671e+00 -9.312533673431648396e+00
3.259999999999994458e+00 -9.365540807552816815e+00
3.269999999999994245e+00 -9.418848509662492319e+00
3.279999999999994031e+00 -9.472458437346880089e+00
3.289999999999993818e+00 -9.526372261295636079e+00
3.299999999999993605e+00 -9.580591665301861681e+00
3.309999999999993392e+00 -9.635118346262110833e+00
3.319999999999993179e+00 -9.689954014176382913e+00
3.329999999999992966e+00 -9.745100392148126289e+00
3.339999999999992752e+00 -9.800559216384238326e+00
3.349999999999992539e+00 -9.856332236195061824e+00
3.359999999999992326e+00 -9.912421213994392133e+00
3.369999999999992113e+00 -9.968827925299468262e+00
3.379999999999991900e+00 -1.002555415873098177e+01
3.389999999999991687e+00 -1.008260171601306965e+01
3.399999999999991473e+00 -1.013997241197331967e+01
3.409999999999991260e+00 -1.019766807454276503e+01
3.419999999999991047e+00 -1.025569054475588793e+01
3.429999999999990834e+00 -1.031404167675061956e+01
3.439999999999990621e+00 -1.037272333776834010e+01
3.449999999999990408e+00 -1.043173740815387696e+01
3.459999999999990195e+00 -1.049108578135550651e+01
3.469999999999989981e+00 -1.055077036392495060e+01
3.479999999999989768e+00 -1.061079307551738360e+01
3.489999999999989555e+00 -1.067115584889142532e+01
3.499999999999989342e+00 -1.073186062990914635e+01
3.509999999999989129e+00 -1.079290937753606272e+01
3.519999999999988916e+00 -1.085430406384113944e+01
3.529999999999988702e+00 -1.091604667399679052e+01
3.539999999999988489e+00 -1.097813920627887896e+01
3.549999999999988276e+00 -1.104058367206671498e+01
3.559999999999988063e+00 -1.110338209584305602e+01
3.569999999999987850e+00 -1.116653651519411028e+01
3.579999999999987637e+00 -1.123004898080953140e+01
3.589999999999987423e+00 -1.129392155648242380e+01
3.599999999999987210e+00 -1.135815631910933909e+01
3.609999999999986997e+00 -1.142275535869027792e+01
3.619999999999986784e+00 -1.148772077832868810e+01
3.629999999999986571e+00 -1.155305469423146647e+01
3.639999999999986358e+00 -1.161875923570895708e+01
3.649999999999986144e+00 -1.168483654517495296e+01
3.659999999999985931e+00 -1.175128877814669615e+01
3.669999999999985718e+00 -1.181811810324487588e+01
3.679999999999985505e+00 -1.188532670219363041e+01
3.689999999999985292e+00 -1.195291676982054696e+01
3.699999999999985079e+00 -1.202089051405665820e+01
3.709999999999984865e+00 -1.208925015593644758e+01
3.719999999999984652e+00 -1.215799792959784575e+01
3.729999999999984439e+00 -1.222713608228223237e+01
3.739999999999984226e+00 -1.229666687433443606e+01
3.749999999999984013e+00 -1.236659257920273092e+01
3.759999999999983800e+00 -1.243691548343884179e+01
3.769999999999983586e+00 -1.250763788669794252e+01
3.779999999999983373e+00 -1.257876210173865239e+01
3.789999999999983160e+00 -1.265029045442303968e+01
3.799999999999982947e+00 -1.272222528371662165e+01
3.809999999999982734e+00 -1.279456894168836456e+01
3.819999999999982521e+00 -1.286732379351068367e+01
3.829999999999982307e+00 -1.294049221745943967e+01
3.839999999999982094e+00 -1.301407660491394225e+01
3.849999999999981881e+00 -1.308807936035695008e+01
3.859999999999981668e+00 -1.316250290137467083e+01
3.869999999999981455e+00 -1.323734965865675939e+01
3.879999999999981242e+00 -1.331262207599631964e+01
3.889999999999981029e+00 -1.338832261028990267e+01
3.899999999999980815e+00 -1.346445373153750857e+01
3.909999999999980602e+00 -1.354101792284258465e+01
3.919999999999980389e+00 -1.361801768041202898e+01
3.929999999999980176e+00 -1.369545551355618684e+01
3.939999999999979963e+00 -1.377333394468885075e+01
3.949999999999979750e+00 -1.385165550932726042e+01
3.959999999999979536e+00 -1.393042275609210812e+01
3.969999999999979323e+00 -1.400963824670752977e+01
3.979999999999979110e+00 -1.408930455600111209e+01
3.989999999999978897e+00 -1.416942427190389076e+01
3.999999999999978684e+00 -1.424999999545034690e+01
4.009999999999979359e+00 -1.433103434077884764e+01
4.019999999999980034e+00 -1.441252993516218694e+01
4.029999999999980709e+00 -1.449448941910898370e+01
4.039999999999981384e+00 -1.457691544649337523e+01
4.049999999999982059e+00 -1.465981068468605386e+01
4.059999999999982734e+00 -1.474317781468529276e+01
4.069999999999983409e+00 -1.482701953124798955e+01
4.079999999999984084e+00 -1.491133854302069572e+01
4.089999999999984759e+00 -1.499613757267065317e+01
4.099999999999985434e+00 -1.508141935701682712e+01
4.109999999999986109e+00 -1.516718664716094267e+01
4.119999999999986784e+00 -1.525344220861851596e+01
4.129999999999987459e+00 -1.534018882144989071e+01
4.139999999999988134e+00 -1.542742928039127648e+01
4.149999999999988809e+00 -1.551516639498577455e+01
4.159999999999989484e+00 -1.560340298971441975e+01
4.169999999999990159e+00 -1.569214190412721344e+01
4.179999999999990834e+00 -1.578138599297415468e+01
4.189999999999991509e+00 -1.587113812633627674e+01
4.199999999999992184e+00 -1.596140118975668543e+01
4.209999999999992859e+00 -1.605217808437158666e+01
4.219999999999993534e+00 -1.614347172704132305e+01
4.229999999999994209e+00 -1.623528505048141568e+01
4.239999999999994884e+00 -1.632762100339358824e+01
4.249999999999995559e+00 -1.642048255059680173e+01
4.259999999999996234e+00 -1.651387267315830343e+01
4.269999999999996909e+00 -1.660779436852464030e+01
4.279999999999997584e+00 -1.670225065065271153e+01
4.289999999999998259e+00 -1.679724455014079254e+01
4.299999999999998934e+00 -1.689277911435957336e+01
4.309999999999999609e+00 -1.698885740758318974e+01
4.320000000000000284e+00 -1.708548251112026506e+01
4.330000000000000959e+00 -1.718265752344493791e+01
4.340000000000001634e+00 -1.728038556032789330e+01
4.350000000000002309e+00 -1.737866975496741162e+01
4.360000000000002984e+00 -1.747751325812038914e+01
4.370000000000003659e+00 -1.757691923823337632e+01
4.380000000000004334e+00 -1.767689088157361255e+01
4.390000000000005009e+00 -1.777743139236006442e+01
4.400000000000005684e+00 -1.787854399289445695e+01
4.410000000000006359e+00 -1.798023192369230827e+01
4.420000000000007034e+00 -1.808249844361396441e+01
4.430000000000007709e+00 -1.818534682999563046e+01
4.440000000000008384e+00 -1.828878037878040885e+01
4.450000000000009059e+00 -1.839280240464933414e+01
4.460000000000009734e+00 -1.849741624115240768e+01
4.470000000000010409e+00 -1.860262524083962887e+01
4.480000000000011084e+00 -1.870843277539202987e+01
4.490000000000011759e+00 -1.881484223575271741e+01
4.500000000000012434e+00 -1.892185703225789695e+01
4.510000000000013110e+00 -1.902948059476791443e+01
4.520000000000013785e+00 -1.913771637279828752e+01
4.530000000000014460e+00 -1.924656783565073681e+01
4.540000000000015135e+00 -1.935603847254423115e+01
4.550000000000015810e+00 -1.946613179274601180e+01
4.560000000000016485e+00 -1.957685132570263065e+01
4.570000000000017160e+00 -1.968820062117098146e+01
4.580000000000017835e+00 -1.980018324934934171e+01
4.590000000000018510e+00 -1.991280280100840017e+01
4.600000000000019185e+00 -2.002606288762229880e+01
4.610000000000019860e+00 -2.013996714149965328e+01
4.620000000000020535e+00 -2.025451921591460547e+01
4.630000000000021210e+00 -2.036972278523784041e+01
4.640000000000021885e+00 -2.048558154506763884e+01
4.650000000000022560e+00 -2.060209921236089414e+01
4.660000000000023235e+00 -2.071927952556416130e+01
4.670000000000023910e+00 -2.083712624474467745e+01
4.680000000000024585e+00 -2.095564315172141079e+01
4.690000000000025260e+00 -2.107483405019608469e+01
4.700000000000025935e+00 -2.119470276588421598e+01
4.710000000000026610e+00 -2.131525314664614967e+01
4.720000000000027285e+00 -2.143648906261809373e+01
4.730000000000027960e+00 -2.155841440634315020e+01
4.740000000000028635e+00 -2.168103309290235359e+01
4.750000000000029310e+00 -2.180434906004570550e+01
4.760000000000029985e+00 -2.192836626832320590e+01
4.770000000000030660e+00 -2.205308870121588782e+01
4.780000000000031335e+00 -2.217852036526685566e+01
4.790000000000032010e+00 -2.230466529021231636e+01
4.800000000000032685e+00 -2.243152752911261416e+01
4.810000000000033360e+00 -2.255911115848326531e+01
4.820000000000034035e+00 -2.268742027842599640e+01
4.830000000000034710e+00 -2.281645901275977195e+01
4.840000000000035385e+00 -2.294623150915183274e+01
4.850000000000036060e+00 -2.307674193924873052e+01
4.860000000000036735e+00 -2.320799449880736276e+01
4.870000000000037410e+00 -2.333999340782600385e+01
4.880000000000038085e+00 -2.347274291067534335e+01
4.890000000000038760e+00 -2.360624727622952079e+01
4.900000000000039435e+00 -2.374051079799715680e+01
4.910000000000040110e+00 -2.387553779425238787e+01
4.920000000000040785e+00 -2.401133260816590465e+01
4.930000000000041460e+00 -2.414789960793598311e+01
4.940000000000042135e+00 -2.428524318691951933e+01
4.950000000000042810e+00 -2.442336776376306418e+01
4.960000000000043485e+00 -2.456227778253386163e+01
4.970000000000044160e+00 -2.470197771285087640e+01
4.980000000000044835e+00 -2.484247205001583225e+01
4.990000000000021529e+00 -2.498376531514392695e+01
5.000000000000000000e+00 -2.512586205529583339e+01
