-1.000010000000000066e+00 9.941429331643326650e-01
-1.000000000000000000e+00 9.941379571543598193e-01
-9.899999999999999911e-01 9.881083845637759211e-01
-9.799999999999999822e-01 9.799846538196522738e-01
-9.699999999999999734e-01 9.697839820382887499e-01
-9.599999999999999645e-01 9.575279881233573764e-01
-9.499999999999999556e-01 9.432426469476424824e-01
-9.399999999999999467e-01 9.269582343029163507e-01
-9.299999999999999378e-01 9.087092627346122775e-01
-9.200000000000000400e-01 8.885344083972911422e-01
-9.100000000000000311e-01 8.664764290859132689e-01
-9.000000000000000222e-01 8.425820736166491631e-01
-8.900000000000000133e-01 8.169019827492681740e-01
-8.800000000000000044e-01 7.894905818611016590e-01
-8.699999999999999956e-01 7.604059656000305978e-01
-8.599999999999999867e-01 7.297097747609694318e-01
-8.499999999999999778e-01 6.974670656467818475e-01
-8.399999999999999689e-01 6.637461721905039136e-01
-8.299999999999999600e-01 6.286185611310884935e-01
-8.200000000000000622e-01 5.921586805495997474e-01
-8.100000000000000533e-01 5.544438020868713846e-01
-8.000000000000000444e-01 5.155538571770214018e-01
-7.900000000000000355e-01 4.755712676439069475e-01
-7.800000000000000266e-01 4.345807710195417894e-01
-7.700000000000000178e-01 3.926692409546960749e-01
-7.600000000000000089e-01 3.499255031022878715e-01
-7.500000000000000000e-01 3.064401468637785175e-01
-7.399999999999999911e-01 2.623053333975478019e-01
-7.299999999999999822e-01 2.176146002961507897e-01
-7.199999999999999734e-01 1.724626633464118874e-01
-7.099999999999999645e-01 1.269452157925022029e-01
-6.999999999999999556e-01 8.115872552743064183e-02
-6.899999999999999467e-01 3.520023064277552627e-02
-6.799999999999999378e-01 -1.083286623004066362e-02
-6.699999999999999289e-01 -5.684300435106781624e-02
-6.599999999999999201e-01 -1.027326716382338662e-01
-6.499999999999999112e-01 -1.484046113306269066e-01
-6.400000000000000133e-01 -1.937620281106587627e-01
-6.300000000000000044e-01 -2.387087932482666597e-01
-6.199999999999999956e-01 -2.831496483323703295e-01
-6.099999999999999867e-01 -3.269904071578139115e-01
-5.999999999999999778e-01 -3.701381553399147317e-01
-5.899999999999999689e-01 -4.125014472335655213e-01
-5.800000000000000711e-01 -4.539904997395469710e-01
-5.700000000000000622e-01 -4.945173825873094287e-01
-5.600000000000000533e-01 -5.339962046909364490e-01
-5.500000000000000444e-01 -5.723432961833438970e-01
-5.400000000000000355e-01 -6.094773857429163222e-01
-5.300000000000000266e-01 -6.453197728367565666e-01
-5.200000000000000178e-01 -6.797944945155079965e-01
-5.100000000000000089e-01 -7.128284864062517379e-01
-5.000000000000000000e-01 -7.443517375622704657e-01
-4.899999999999999911e-01 -7.742974388415051479e-01
-4.799999999999999822e-01 -8.026021244992290748e-01
-4.699999999999999734e-01 -8.292058066948568840e-01
-4.599999999999999645e-01 -8.540521026278232730e-01
-4.499999999999999556e-01 -8.770883540330771666e-01
-4.399999999999999467e-01 -8.982657387829444673e-01
-4.299999999999999378e-01 -9.175393743588299289e-01
-4.200000000000000400e-01 -9.348684129734652348e-01
-4.100000000000000311e-01 -9.502161281421107608e-01
-4.000000000000000222e-01 -9.635499925192230197e-01
-3.900000000000000133e-01 -9.748417468356372906e-01
-3.800000000000000044e-01 -9.840674597901530873e-01
-3.699999999999999956e-01 -9.912075787685961092e-01
-3.599999999999999867e-01 -9.962469712828615487e-01
-3.499999999999999778e-01 -9.991749570421146753e-01
-3.399999999999999689e-01 -9.999853305881825083e-01
-3.299999999999999600e-01 -9.986763744471569559e-01
-3.199999999999999512e-01 -9.952508627693420484e-01
-3.099999999999999423e-01 -9.897160554498281027e-01
-2.999999999999999334e-01 -9.820836827421560722e-01
-2.900000000000000355e-01 -9.723699203976765570e-01
-2.800000000000000266e-01 -9.605953553832988767e-01
-2.700000000000000178e-01 -9.467849422502784273e-01
-2.600000000000000089e-01 -9.309679502465224576e-01
-2.500000000000000000e-01 -9.131779012844910559e-01
-2.399999999999999911e-01 -8.934524988961736192e-01
-2.299999999999999822e-01 -8.718335483256993701e-01
-2.199999999999999734e-01 -8.483668679289451120e-01
-2.099999999999999645e-01 -8.231021920679060244e-01
-1.999999999999999556e-01 -7.960930657056437543e-01
-1.899999999999999467e-01 -7.673967309251866764e-01
-1.799999999999999378e-01 -7.370740056129087003e-01
-1.699999999999999289e-01 -7.051891545634851877e-01
-1.600000000000000311e-01 -6.718097532796061255e-01
-1.500000000000000222e-01 -6.370065447551075399e-01
-1.400000000000000133e-01 -6.008532895450460209e-01
-1.300000000000000044e-01 -5.634266094404694059e-01
-1.199999999999999956e-01 -5.248058250792004831e-01
-1.099999999999999867e-01 -4.850727878367859791e-01
-9.999999999999997780e-02 -4.443117063539034350e-01
-8.999999999999996891e-02 -4.026089680678704985e-01
-7.999999999999996003e-02 -3.600529561264985690e-01
-6.999999999999995115e-02 -3.167338620723162967e-01
-5.999999999999994227e-02 -2.727434946941514338e-01
-4.999999999999993339e-02 -2.281750854511856996e-01
-4.000000000000003553e-02 -1.831230908818562431e-01
-3.000000000000002665e-02 -1.376829924163722463e-01
-2.000000000000001776e-02 -9.195109401711892838e-02
-1.000000000000000888e-02 -4.602431807581548739e-02
0.000000000000000000e+00 0.000000000000000000e+00
9.999999999999999547e-07 9.941377082975827161e-07
1.000100000000000121e-02 9.913971168362206710e-03
2.000099999999999795e-02 1.975616601739326947e-02
3.000099999999999642e-02 2.950672068144876564e-02
4.000100000000000183e-02 3.914496990703704438e-02
5.000100000000000378e-02 4.865048684995881834e-02
6.000100000000000572e-02 5.800312586815682681e-02
7.000100000000000766e-02 6.718306535130681711e-02
8.000100000000001654e-02 7.617084969413420725e-02
9.000100000000002542e-02 8.494743053946055000e-02
1.000010000000000343e-01 9.349420714597236892e-02
1.100010000000000432e-01 1.017930658105919428e-01
1.200010000000000521e-01 1.098264182577644299e-01
1.300010000000000610e-01 1.175772389154087494e-01
1.400010000000000698e-01 1.250291009982339441e-01
1.500010000000000787e-01 1.321662113220271884e-01
1.600010000000000876e-01 1.389734437751080076e-01
1.700010000000000965e-01 1.454363713760163102e-01
1.800010000000001054e-01 1.515412968494909973e-01
1.900010000000001142e-01 1.572752816559378486e-01
2.000010000000001231e-01 1.626261734128629510e-01
2.100010000000001320e-01 1.675826316501553837e-01
2.200010000000001409e-01 1.721341518446348473e-01
2.300010000000001498e-01 1.762710876829260143e-01
2.400010000000001587e-01 1.799846715054767843e-01
2.500010000000001398e-01 1.832670328883920507e-01
2.600010000000001487e-01 1.861112153237013400e-01
2.700010000000001575e-01 1.885111909627089910e-01
2.800010000000001664e-01 1.904618733911802586e-01
2.900010000000001753e-01 1.919591284092881101e-01
3.000010000000001842e-01 1.929997827934741839e-01
3.100010000000001931e-01 1.935816310216543767e-01
3.200010000000002020e-01 1.937034399475157931e-01
3.300010000000002108e-01 1.933649514139986758e-01
3.400010000000002197e-01 1.925668828004243882e-01
3.500010000000002286e-01 1.913109255021097632e-01
3.600010000000002375e-01 1.895997413456902980e-01
3.700010000000002464e-01 1.874369569477491171e-01
3.800010000000002552e-01 1.848271560287080284e-01
3.900010000000002641e-01 1.817758696982703093e-01
4.000010000000002730e-01 1.782895647330036415e-01
4.100010000000002819e-01 1.743756298709076558e-01
4.200010000000002908e-01 1.700423601520122951e-01
4.300010000000002997e-01 1.652989393381953664e-01
4.400010000000003085e-01 1.601554204494778644e-01
4.500010000000003174e-01 1.546227044580476273e-01
4.600010000000003263e-01 1.487125171851664540e-01
4.700010000000003352e-01 1.424373844499244313e-01
4.800010000000003441e-01 1.358106055225102859e-01
4.900010000000003529e-01 1.288462249382597846e-01
5.000010000000003618e-01 1.215590027322183547e-01
5.100010000000002597e-01 1.139643831573018268e-01
5.200010000000001575e-01 1.060784619523525152e-01
5.300010000000000554e-01 9.791795222946167443e-02
5.400009999999999533e-01 8.950014905285526290e-02
5.500009999999998511e-01 8.084289278441318671e-02
5.600009999999997490e-01 7.196453127350609102e-02
5.700009999999996468e-01 6.288388097128305709e-02
5.800009999999995447e-01 5.362018705182308026e-02
5.900009999999994426e-01 4.419308262466799253e-02
6.000009999999993404e-01 3.462254712518016142e-02
6.100009999999992383e-01 2.492886397091083686e-02
6.200009999999991361e-01 1.513257757372057401e-02
6.300009999999990340e-01 5.254449798758558873e-03
6.400009999999989319e-01 -4.684584037420053484e-03
6.500009999999988297e-01 -1.466345953634288525e-02
6.600009999999987276e-01 -2.466102786068025132e-02
6.700009999999986254e-01 -3.465610055626148350e-02
6.800009999999985233e-01 -4.462749445805361259e-02
6.900009999999984212e-01 -5.455407658493045819e-02
7.000009999999983190e-01 -6.441480892808394698e-02
7.100009999999982169e-01 -7.418879303815478776e-02
7.200009999999981147e-01 -8.385531431658635459e-02
7.300009999999980126e-01 -9.339388591733237266e-02
7.400009999999979105e-01 -1.027842921658748548e-01
7.500009999999978083e-01 -1.120066314035317728e-01
7.600009999999977062e-01 -1.210413581662518473e-01
7.700009999999976040e-01 -1.298693246085044495e-01
7.800009999999975019e-01 -1.384718210844723407e-01
7.900009999999973997e-01 -1.468306158005411866e-01
8.000009999999972976e-01 -1.549279934550478466e-01
8.100009999999971955e-01 -1.627467927833958772e-01
8.200009999999970933e-01 -1.702704429289665644e-01
8.300009999999969912e-01 -1.774829985627424944e-01
8.400009999999968890e-01 -1.843691736772124501e-01
8.500009999999967869e-01 -1.909143739829361752e-01
8.600009999999966848e-01 -1.971047278391089563e-01
8.700009999999965826e-01 -2.029271156525730979e-01
8.800009999999964805e-01 -2.083691976829689929e-01
8.900009999999963783e-01 -2.134194401950968989e-01
9.000009999999962762e-01 -2.180671399030630897e-01
9.100009999999961741e-01 -2.223024466544032962e-01
9.200009999999960719e-01 -2.261163843061126388e-01
9.300009999999959698e-01 -2.295008697483195137e-01
9.400009999999958676e-01 -2.324487300353545172e-01
9.500009999999957655e-01 -2.349537175876499351e-01
9.600009999999956634e-01 -2.370105234332128830e-01
9.700009999999955612e-01 -2.386147884570204436e-01
9.800009999999954591e-01 -2.397631126478861618e-01
9.900004999999978406e-01 -2.404530392634684210e-01
1.000000000000000000e+00 -2.406831751566790301e-01
1.009999999999999787e+00 -2.406335592652092126e-01
1.019999999999999574e+00 -2.404851499979099860e-01
1.029999999999999361e+00 -2.402387595902867046e-01
1.039999999999999147e+00 -2.398954079316025223e-01
1.049999999999998934e+00 -2.394563204079650232e-01
1.059999999999998721e+00 -2.389229253040584811e-01
1.069999999999998508e+00 -2.382968507764235411e-01
1.079999999999998295e+00 -2.375799214027175810e-01
1.089999999999998082e+00 -2.367741543148002004e-01
1.099999999999997868e+00 -2.358817549236966182e-01
1.109999999999997655e+00 -2.349051122455377838e-01
1.119999999999997442e+00 -2.338467938383728961e-01
1.129999999999997229e+00 -2.327095403605876356e-01
1.139999999999997016e+00 -2.314962597624602714e-01
1.149999999999996803e+00 -2.302100211231659088e-01
1.159999999999996589e+00 -2.288540481462904286e-01
1.169999999999996376e+00 -2.274317123276396180e-01
1.179999999999996163e+00 -2.259465258098231621e-01
1.189999999999995950e+00 -2.244021339387573255e-01
1.199999999999995737e+00 -2.228023075378618711e-01
1.209999999999995524e+00 -2.211509349163247318e-01
1.219999999999995310e+00 -2.194520136283720779e-01
1.229999999999995097e+00 -2.177096420010087019e-01
1.239999999999994884e+00 -2.159280104481844376e-01
1.249999999999994671e+00 -2.141113925897952797e-01
1.259999999999994458e+00 -2.122641361943409244e-01
1.269999999999994245e+00 -2.103906539644348206e-01
1.279999999999994031e+00 -2.084954141846953046e-01
1.289999999999993818e+00 -2.065829312518383809e-01
1.299999999999993605e+00 -2.046577561070424822e-01
1.309999999999993392e+00 -2.027244665908621846e-01
1.319999999999993179e+00 -2.007876577411324970e-01
1.329999999999992966e+00 -1.988519320544259172e-01
1.339999999999992752e+00 -1.969218897317017436e-01
1.349999999999992539e+00 -1.950021189288205226e-01
1.359999999999992326e+00 -1.930971860325865486e-01
1.369999999999992113e+00 -1.912116259829267917e-01
1.379999999999991900e+00 -1.893499326617169853e-01
1.389999999999991687e+00 -1.875165493686247742e-01
1.399999999999991473e+00 -1.857158594041545818e-01
1.409999999999991260e+00 -1.839521767798525109e-01
1.419999999999991047e+00 -1.822297370753594437e-01
1.429999999999990834e+00 -1.805526884616896754e-01
1.439999999999990621e+00 -1.789250829097600304e-01
1.449999999999990408e+00 -1.773508676028015818e-01
1.459999999999990195e+00 -1.758338765708543361e-01
1.469999999999989981e+00 -1.743778225650743363e-01
1.479999999999989768e+00 -1.729862891890745213e-01
1.489999999999989555e+00 -1.716627233039758060e-01
1.499999999999989342e+00 -1.704104277232647568e-01
1.509999999999989129e+00 -1.692325542129402560e-01
1.519999999999988916e+00 -1.681320968117842873e-01
1.529999999999988702e+00 -1.671118854859136027e-01
1.539999999999988489e+00 -1.661745801310604287e-01
1.549999999999988276e+00 -1.653226649352938782e-01
1.559999999999988063e+00 -1.645584431141291770e-01
1.569999999999987850e+00 -1.638840320291830299e-01
1.579999999999987637e+00 -1.633013587007204337e-01
1.589999999999987423e+00 -1.628121557236035799e-01
1.599999999999987210e+00 -1.624179575952981458e-01
1.609999999999986997e+00 -1.621200974637196923e-01
1.619999999999986784e+00 -1.619197043018121840e-01
1.629999999999986571e+00 -1.618177005148469794e-01
1.639999999999986358e+00 -1.618147999855133745e-01
1.649999999999986144e+00 -1.619115065609435522e-01
1.659999999999985931e+00 -1.621081129848787883e-01
1.669999999999985718e+00 -1.624047002772397719e-01
1.679999999999985505e+00 -1.628011375624162926e-01
1.689999999999985292e+00 -1.632970823466396992e-01
1.699999999999985079e+00 -1.638919812438509316e-01
1.709999999999984865e+00 -1.645850711485251361e-01
1.719999999999984652e+00 -1.653753808529675740e-01
1.729999999999984439e+00 -1.662617331056531755e-01
1.739999999999984226e+00 -1.672427471062472026e-01
1.749999999999984013e+00 -1.683168414320193318e-01
1.759999999999983800e+00 -1.694822373894489254e-01
1.769999999999983586e+00 -1.707369627839183945e-01
1.779999999999983373e+00 -1.720788560995050454e-01
1.789999999999983160e+00 -1.735055710800131878e-01
1.799999999999982947e+00 -1.750145817015374416e-01
1.809999999999982734e+00 -1.766031875260187511e-01
1.819999999999982521e+00 -1.782685194244469085e-01
1.829999999999982307e+00 -1.800075456575799815e-01
1.839999999999982094e+00 -1.818170783012936498e-01
1.849999999999981881e+00 -1.836937800029424250e-01
1.859999999999981668e+00 -1.856341710544140433e-01
1.869999999999981455e+00 -1.876346367668863258e-01
1.879999999999981242e+00 -1.896914351316568714e-01
1.889999999999981029e+00 -1.918007047508095420e-01
1.899999999999980815e+00 -1.939584730209097663e-01
1.909999999999980602e+00 -1.961606645523844006e-01
1.919999999999980389e+00 -1.984031098067425836e-01
1.929999999999980176e+00 -2.006815539333320075e-01
1.939999999999979963e+00 -2.029916657869026975e-01
1.949999999999979750e+00 -2.053290471068657530e-01
1.959999999999979536e+00 -2.076892418387963901e-01
1.969999999999979323e+00 -2.100677455784134839e-01
1.979999999999979110e+00 -2.124600151180648377e-01
1.989999999999978897e+00 -2.148614780753274889e-01
1.994999999999989448e+00 -2.160642226125262244e-01
2.000000000000000000e+00 -2.172675425703068930e-01
2.009999999999999787e+00 -2.196742088293684447e-01
2.019999999999999574e+00 -2.220798843655330534e-01
2.029999999999999361e+00 -2.244835851324633313e-01
2.039999999999999147e+00 -2.268843362460674917e-01
2.049999999999998934e+00 -2.292811740506323637e-01
2.059999999999998721e+00 -2.316731481611569443e-01
2.069999999999998508e+00 -2.340593234775613374e-01
2.079999999999998295e+00 -2.364387821665010769e-01
2.089999999999998082e+00 -2.388106256065871125e-01
2.099999999999997868e+00 -2.411739762928887809e-01
2.109999999999997655e+00 -2.435279796966833277e-01
2.119999999999997442e+00 -2.458718060765105462e-01
2.129999999999997229e+00 -2.482046522366943009e-01
2.139999999999997016e+00 -2.505257432296039144e-01
2.149999999999996803e+00 -2.528343339980477777e-01
2.159999999999996589e+00 -2.551297109543184116e-01
2.169999999999996376e+00 -2.574111934925421563e-01
2.179999999999996163e+00 -2.596781354311286649e-01
2.189999999999995950e+00 -2.619299263822627566e-01
2.199999999999995737e+00 -2.641659930455364513e-01
2.209999999999995524e+00 -2.663858004229792686e-01
2.219999999999995310e+00 -2.685888529529121271e-01
2.229999999999995097e+00 -2.707746955602211569e-01
2.239999999999994884e+00 -2.729429146208260937e-01
2.249999999999994671e+00 -2.750931388382989451e-01
2.259999999999994458e+00 -2.772250400307751939e-01
2.269999999999994245e+00 -2.793383338264893156e-01
2.279999999999994031e+00 -2.814327802664613465e-01
2.289999999999993818e+00 -2.835081843130564661e-01
2.299999999999993605e+00 -2.855643962633400701e-01
2.309999999999993392e+00 -2.876013120663524769e-01
2.319999999999993179e+00 -2.896188735436301398e-01
2.329999999999992966e+00 -2.916170685125071271e-01
2.339999999999992752e+00 -2.935959308119343580e-01
2.349999999999992539e+00 -2.955555402307627477e-01
2.359999999999992326e+00 -2.974960223386418079e-01
2.369999999999992113e+00 -2.994175482198923599e-01
2.379999999999991900e+00 -3.013203341109170208e-01
2.389999999999991687e+00 -3.032046409419172361e-01
2.399999999999991473e+00 -3.050707737838881939e-01
2.409999999999991260e+00 -3.069190812020632375e-01
2.419999999999991047e+00 -3.087499545171782378e-01
2.429999999999990834e+00 -3.105638269761220593e-01
2.439999999999990621e+00 -3.123611728337298832e-01
2.449999999999990408e+00 -3.141425063476662172e-01
2.459999999999990195e+00 -3.159083806885272794e-01
2.469999999999989981e+00 -3.176593867674729621e-01
2.479999999999989768e+00 -3.193961519838730556e-01
2.489999999999989555e+00 -3.211193388956213868e-01
2.499999999999989342e+00 -3.228296438149367287e-01
2.509999999999989129e+00 -3.245277953326259901e-01
2.519999999999988916e+00 -3.262145527739374606e-01
2.529999999999988702e+00 -3.278907045892766603e-01
2.539999999999988489e+00 -3.295570666831953988e-01
2.549999999999988276e+00 -3.312144806851957113e-01
2.559999999999988063e+00 -3.328638121660133509e-01
2.569999999999987850e+00 -3.345059488031610351e-01
2.579999999999987637e+00 -3.361417984996196706e-01
2.589999999999987423e+00 -3.377722874596642555e-01
2.599999999999987210e+00 -3.393983582259029186e-01
2.609999999999986997e+00 -3.410209676816891022e-01
2.619999999999986784e+00 -3.426410850231405014e-01
2.629999999999986571e+00 -3.442596897050627658e-01
2.639999999999986358e+00 -3.458777693651315932e-01
2.649999999999986144e+00 -3.474963177307319184e-01
2.659999999999985931e+00 -3.491163325128912032e-01
2.669999999999985718e+00 -3.507388132917699242e-01
2.679999999999985505e+00 -3.523647593981903414e-01
2.689999999999985292e+00 -3.539951677956942322e-01
2.699999999999985079e+00 -3.556310309676171677e-01
2.709999999999984865e+00 -3.572733348136584719e-01
2.719999999999984652e+00 -3.589230565604040191e-01
2.729999999999984439e+00 -3.605811626902305500e-01
2.739999999999984226e+00 -3.622486068929807179e-01
2.749999999999984013e+00 -3.639263280447504467e-01
2.759999999999983800e+00 -3.656152482180715091e-01
2.769999999999983586e+00 -3.673162707277074501e-01
2.779999999999983373e+00 -3.690302782162034334e-01
2.789999999999983160e+00 -3.707581307832484296e-01
2.799999999999982947e+00 -3.725006641628136328e-01
2.809999999999982734e+00 -3.742586879519306797e-01
2.819999999999982521e+00 -3.760329838948633374e-01
2.829999999999982307e+00 -3.778243042263095819e-01
2.839999999999982094e+00 -3.796333700771446495e-01
2.849999999999981881e+00 -3.814608699460846908e-01
2.859999999999981668e+00 -3.833074582405096020e-01
2.869999999999981455e+00 -3.851737538895376178e-01
2.879999999999981242e+00 -3.870603390322912563e-01
2.889999999999981029e+00 -3.889677577841345046e-01
2.899999999999980815e+00 -3.908965150834960989e-01
2.909999999999980602e+00 -3.928470756217226634e-01
2.919999999999980389e+00 -3.948198628582302305e-01
2.929999999999980176e+00 -3.968152581230410259e-01
2.939999999999979963e+00 -3.988335998086073864e-01
2.949999999999979750e+00 -4.008751826526362194e-01
2.959999999999979536e+00 -4.029402571134333977e-01
2.969999999999979323e+00 -4.050290288390923088e-01
2.979999999999979110e+00 -4.071416582316512711e-01
2.989999999999978897e+00 -4.092782601071438542e-01
2.994999999999989448e+00 -4.103555740092476034e-01
3.000000000000000000e+00 -4.114389033123036499e-01
3.009999999999999787e+00 -4.136236125171789957e-01
3.019999999999999574e+00 -4.158323842540598281e-01
3.029999999999999361e+00 -4.180652036886444711e-01
3.039999999999999147e+00 -4.203220461902492655e-01
3.049999999999998934e+00 -4.226028774337799998e-01
3.059999999999998721e+00 -4.249076535222489626e-01
3.069999999999998508e+00 -4.272363211295786001e-01
3.079999999999998295e+00 -4.295888176633886890e-01
3.089999999999998082e+00 -4.319650714474221331e-01
3.099999999999997868e+00 -4.343650019232228043e-01
3.109999999999997655e+00 -4.367885198706379368e-01
3.119999999999997442e+00 -4.392355276466778924e-01
3.129999999999997229e+00 -4.417059194422267021e-01
3.139999999999997016e+00 -4.441995815560599858e-01
3.149999999999996803e+00 -4.467163926855886036e-01
3.159999999999996589e+00 -4.492562242337126976e-01
3.169999999999996376e+00 -4.518189406311354239e-01
3.179999999999996163e+00 -4.544043996734530300e-01
3.189999999999995950e+00 -4.570124528723074064e-01
3.199999999999995737e+00 -4.596429458198563744e-01
3.209999999999995524e+00 -4.622957185657896040e-01
3.219999999999995310e+00 -4.649706060060911361e-01
3.229999999999995097e+00 -4.676674382827241683e-01
3.239999999999994884e+00 -4.703860411933916685e-01
3.249999999999994671e+00 -4.731262366105037365e-01
3.259999999999994458e+00 -4.758878429084643091e-01
3.269999999999994245e+00 -4.786706753983712703e-01
3.279999999999994031e+00 -4.814745467692088665e-01
3.289999999999993818e+00 -4.842992675345973441e-01
3.299999999999993605e+00 -4.871446464841528434e-01
3.309999999999993392e+00 -4.900104911385012585e-01
3.319999999999993179e+00 -4.928966082069814458e-01
3.329999999999992966e+00 -4.958028040470678355e-01
3.339999999999992752e+00 -4.987288851245387789e-01
3.349999999999992539e+00 -5.016746584734154135e-01
3.359999999999992326e+00 -5.046399321546961581e-01
3.369999999999992113e+00 -5.076245157129147811e-01
3.379999999999991900e+00 -5.106282206295539305e-01
3.389999999999991687e+00 -5.136508607723542230e-01
3.399999999999991473e+00 -5.166922528395655467e-01
3.409999999999991260e+00 -5.197522167981993846e-01
3.419999999999991047e+00 -5.228305763153539010e-01
3.429999999999990834e+00 -5.259271591816968572e-01
3.439999999999990621e+00 -5.290417977262094062e-01
3.449999999999990408e+00 -5.321743292213111376e-01
3.459999999999990195e+00 -5.353245962775090572e-01
3.469999999999989981e+00 -5.384924472267321738e-01
3.479999999999989768e+00 -5.416777364935410066e-01
3.489999999999989555e+00 -5.448803249534247550e-01
3.499999999999989342e+00 -5.481000802774257386e-01
3.509999999999989129e+00 -5.513368772623628011e-01
3.519999999999988916e+00 -5.545905981459515743e-01
3.529999999999988702e+00 -5.578611329061552437e-01
3.539999999999988489e+00 -5.611483795441313260e-01
3.549999999999988276e+00 -5.644522443501734932e-01
3.559999999999988063e+00 -5.677726421520866706e-01
3.569999999999987850e+00 -5.711094965454671657e-01
3.579999999999987637e+00 -5.744627401054016591e-01
3.589999999999987423e+00 -5.778323145791345317e-01
3.599999999999987210e+00 -5.812181710592966288e-01
3.609999999999986997e+00 -5.846202701373275357e-01
3.619999999999986784e+00 -5.880385820367666216e-01
3.629999999999986571e+00 -5.914730867261299707e-01
3.639999999999986358e+00 -5.949237740111343875e-01
3.649999999999986144e+00 -5.983906436060726364e-01
3.659999999999985931e+00 -6.018737051841890340e-01
3.669999999999985718e+00 -6.053729784069484809e-01
3.679999999999985505e+00 -6.088884929321364270e-01
3.689999999999985292e+00 -6.124202884007734493e-01
3.699999999999985079e+00 -6.159684144028716446e-01
3.709999999999984865e+00 -6.195329304221055544e-01
3.719999999999984652e+00 -6.231139057595144193e-01
3.729999999999984439e+00 -6.267114194363988533e-01
3.739999999999984226e+00 -6.303255600766155542e-01
3.749999999999984013e+00 -6.339564257685219584e-01
3.759999999999983800e+00 -6.376041239068610533e-01
3.769999999999983586e+00 -6.412687710149236331e-01
3.779999999999983373e+00 -6.449504925473631411e-01
3.789999999999983160e+00 -6.486494226740818769e-01
3.799999999999982947e+00 -6.523657040456468659e-01
3.809999999999982734e+00 -6.560994875407316629e-01
3.819999999999982521e+00 -6.598509319961198827e-01
3.829999999999982307e+00 -6.636202039198429992e-01
3.839999999999982094e+00 -6.674074771880594836e-01
3.849999999999981881e+00 -6.712129327263186562e-01
3.859999999999981668e+00 -6.750367581758841551e-01
3.869999999999981455e+00 -6.788791475458242353e-01
3.879999999999981242e+00 -6.827403008516067517e-01
3.889999999999981029e+00 -6.866204237409638811e-01
3.899999999999980815e+00 -6.905197271078208354e-01
3.909999999999980602e+00 -6.944384266951051377e-01
3.919999999999980389e+00 -6.983767426872797834e-01
3.929999999999980176e+00 -7.023348992934626001e-01
3.939999999999979963e+00 -7.063131243220166500e-01
3.949999999999979750e+00 -7.103116487475117369e-01
3.959999999999979536e+00 -7.143307062709760569e-01
3.969999999999979323e+00 -7.183705328743694718e-01
3.979999999999979110e+00 -7.224313663702224275e-01
3.989999999999978897e+00 -7.265134459473957529e-01
3.999999999999978684e+00 -7.306170117124904939e-01
4.009999999999979359e+00 -7.347423042362722923e-01
4.019999999999980034e+00 -7.388895641733618236e-01
4.029999999999980709e+00 -7.430590320831051976e-01
4.039999999999981384e+00 -7.472509483274464293e-01
4.049999999999982059e+00 -7.514655529734565187e-01
4.059999999999982734e+00 -7.557030856969846333e-01
4.069999999999983409e+00 -7.599637856876365616e-01
4.079999999999984084e+00 -7.642478915552812779e-01
4.089999999999984759e+00 -7.685556412382837932e-01
4.099999999999985434e+00 -7.728872719136589131e-01
4.109999999999986109e+00 -7.772430199093363079e-01
4.119999999999986784e+00 -7.816231206187226332e-01
4.129999999999987459e+00 -7.860278084177424462e-01
4.139999999999988134e+00 -7.904573165845324434e-01
4.149999999999988809e+00 -7.949118772219606610e-01
4.159999999999989484e+00 -7.993917211831339520e-01
4.169999999999990159e+00 -8.038970780000517236e-01
4.179999999999990834e+00 -8.084281758155575925e-01
4.189999999999991509e+00 -8.129852413187325100e-01
4.199999999999992184e+00 -8.175684996838671337e-01
4.209999999999992859e+00 -8.221781745131415686e-01
4.219999999999993534e+00 -8.268144877831354878e-01
4.229999999999994209e+00 -8.314776597952803217e-01
4.239999999999994884e+00 -8.361679091303603206e-01
4.249999999999995559e+00 -8.408854526071570801e-01
4.259999999999996234e+00 -8.456305052453267912e-01
4.269999999999996909e+00 -8.504032802325879326e-01
4.279999999999997584e+00 -8.552039888962890135e-01
4.289999999999998259e+00 -8.600328406794169878e-01
4.299999999999998934e+00 -8.648900431210972961e-01
4.309999999999999609e+00 -8.697758018416258396e-01
4.320000000000000284e+00 -8.746903205320661900e-01
4.330000000000000959e+00 -8.796338009484324649e-01
4.340000000000001634e+00 -8.846064429104717464e-01
4.350000000000002309e+00 -8.896084443050470414e-01
4.360000000000002984e+00 -8.946400010941152336e-01
4.370000000000003659e+00 -8.997013073272815964e-01
4.380000000000004334e+00 -9.047925551589053317e-01
4.390000000000005009e+00 -9.099139348697194984e-01
4.400000000000005684e+00 -9.150656348929194772e-01
4.410000000000006359e+00 -9.202478418446646824e-01
4.420000000000007034e+00 -9.254607405589292402e-01
4.430000000000007709e+00 -9.307045141266269139e-01
4.440000000000008384e+00 -9.359793439389283431e-01
4.450000000000009059e+00 -9.412854097346780025e-01
4.460000000000009734e+00 -9.466228896518114055e-01
4.470000000000010409e+00 -9.519919602826619753e-01
4.480000000000011084e+00 -9.573927967330420064e-01
4.490000000000011759e+00 -9.628255726849715979e-01
4.500000000000012434e+00 -9.682904604629226641e-01
4.510000000000013110e+00 -9.737876311034379118e-01
4.520000000000013785e+00 -9.793172544279771241e-01
4.530000000000014460e+00 -9.848794991188365433e-01
4.540000000000015135e+00 -9.904745327979795899e-01
4.550000000000015810e+00 -9.961025221086133863e-01
4.560000000000016485e+00 -1.001763632799336445e+00
4.570000000000017160e+00 -1.007458029810680999e+00
4.580000000000017835e+00 -1.013185877363864451e+00
4.590000000000018510e+00 -1.018947339051564205e+00
4.600000000000019185e+00 -1.024742577930521703e+00
4.610000000000019860e+00 -1.030571756615779710e+00
4.620000000000020535e+00 -1.036435037376354007e+00
4.630000000000021210e+00 -1.042332582232136096e+00
4.640000000000021885e+00 -1.048264553051821091e+00
4.650000000000022560e+00 -1.054231111651654063e+00
4.660000000000023235e+00 -1.060232419894785227e+00
4.670000000000023910e+00 -1.066268639791023709e+00
4.680000000000024585e+00 -1.072339933596777373e+00
4.690000000000025260e+00 -1.078446463914969122e+00
4.700000000000025935e+00 -1.084588393794714500e+00
4.710000000000026610e+00 -1.090765886830553422e+00
4.720000000000027285e+00 -1.096979107261022435e+00
4.730000000000027960e+00 -1.103228220066359677e+00
4.740000000000028635e+00 -1.109513391065136689e+00
4.750000000000029310e+00 -1.115834787009610141e+00
4.760000000000029985e+00 -1.122192575679592963e+00
4.770000000000030660e+00 -1.128586925974645050e+00
4.780000000000031335e+00 -1.135018008004389234e+00
4.790000000000032010e+00 -1.141485993176759361e+00
4.800000000000032685e+00 -1.147991054283995283e+00
4.810000000000033360e+00 -1.154533365586201787e+00
4.820000000000034035e+00 -1.161113102892293414e+00
4.830000000000034710e+00 -1.167730443638155258e+00
4.840000000000035385e+00 -1.174385566961853256e+00
4.850000000000036060e+00 -1.181078653775734066e+00
4.860000000000036735e+00 -1.187809886835263118e+00
4.870000000000037410e+00 -1.194579450804453602e+00
4.880000000000038085e+00 -1.201387532317748530e+00
4.890000000000038760e+00 -1.208234320038224174e+00
4.900000000000039435e+00 -1.215120004711991886e+00
4.910000000000040110e+00 -1.222044779218683042e+00
4.920000000000040785e+00 -1.229008838617909882e+00
4.930000000000041460e+00 -1.236012380191603865e+00
4.940000000000042135e+00 -1.243055603482142057e+00
4.950000000000042810e+00 -1.250138710326180069e+00
4.960000000000043485e+00 -1.257261904884120929e+00
4.970000000000044160e+00 -1.264425393665155939e+00
4.980000000000044835e+00 -1.271629385547826008e+00
4.990000000000021529e+00 -1.278874091796043055e+00
5.000000000000000000e+00 -1.286159726070611908e+00
