-1.000010000000000066e+00 3.700833067293444190e-01
-1.000000000000000000e+00 3.701381553399146207e-01
-9.899999999999999911e-01 4.243084207559202348e-01
-9.799999999999999822e-01 4.770000809092258542e-01
-9.699999999999999734e-01 5.280295189725635607e-01
-9.599999999999999645e-01 5.772189105333528358e-01
-9.499999999999999556e-01 6.243968432658609791e-01
-9.399999999999999467e-01 6.693989142588794294e-01
-9.299999999999999378e-01 7.120683029174192935e-01
-9.200000000000000400e-01 7.522563174419754084e-01
-9.100000000000000311e-01 7.898229129810520055e-01
-9.000000000000000222e-01 8.246371796512995678e-01
-8.900000000000000133e-01 8.565777987246461223e-01
-8.800000000000000044e-01 8.855334653927382504e-01
-8.699999999999999956e-01 9.114032766354451809e-01
-8.599999999999999867e-01 9.340970828418311278e-01
-8.499999999999999778e-01 9.535358019582623745e-01
-8.399999999999999689e-01 9.696516950689405556e-01
-8.299999999999999600e-01 9.823886024485325441e-01
-8.200000000000000622e-01 9.917021392643065036e-01
-8.100000000000000533e-01 9.975598502458111749e-01
-8.000000000000000444e-01 9.999413227831133177e-01
-7.900000000000000355e-01 9.988382580594683535e-01
-7.800000000000000266e-01 9.942544999705569264e-01
-7.700000000000000178e-01 9.862060217294983389e-01
-7.600000000000000089e-01 9.747208702043298478e-01
-7.500000000000000000e-01 9.598390681819137793e-01
-7.399999999999999911e-01 9.416124748988633497e-01
-7.299999999999999822e-01 9.201046053254955392e-01
-7.199999999999999734e-01 8.953904088325618238e-01
-7.099999999999999645e-01 8.675560080120512385e-01
-6.999999999999999556e-01 8.366983985621956332e-01
-6.899999999999999467e-01 8.029251112825158687e-01
-6.799999999999999378e-01 7.663538373567525541e-01
-6.699999999999999289e-01 7.271120182294904533e-01
-6.599999999999999201e-01 6.853364015056345737e-01
-6.499999999999999112e-01 6.411725644203249974e-01
-6.400000000000000133e-01 5.947744065398709035e-01
-6.300000000000000044e-01 5.463036134615057993e-01
-6.199999999999999956e-01 4.959290933808412905e-01
-6.099999999999999867e-01 4.438263884904294354e-01
-5.999999999999999778e-01 3.901770632605541245e-01
-5.899999999999999689e-01 3.351680717339466375e-01
-5.800000000000000711e-01 2.789911060392297748e-01
-5.700000000000000622e-01 2.218419283933541208e-01
-5.600000000000000533e-01 1.639196889208346941e-01
-5.500000000000000444e-01 1.054262316669985766e-01
-5.400000000000000355e-01 4.656539122361456201e-02
-5.300000000000000266e-01 -1.245771758201457899e-02
-5.200000000000000178e-01 -7.143741445925169686e-02
-5.100000000000000089e-01 -1.301681703968183834e-01
-5.000000000000000000e-01 -1.884453238783183604e-01
-4.899999999999999911e-01 -2.460657940747657535e-01
-4.799999999999999822e-01 -3.028287885288249437e-01
-4.699999999999999734e-01 -3.585365028646678165e-01
-4.599999999999999645e-01 -4.129948100851369985e-01
-4.499999999999999556e-01 -4.660139370541951376e-01
-4.399999999999999467e-01 -5.174091258072925914e-01
-4.299999999999999378e-01 -5.670012773851575982e-01
-4.200000000000000400e-01 -6.146175759474129530e-01
-4.100000000000000311e-01 -6.600920909911514034e-01
-4.000000000000000222e-01 -7.032663555758797980e-01
-3.900000000000000133e-01 -7.439899185398836101e-01
-3.800000000000000044e-01 -7.821208687836675999e-01
-3.699999999999999956e-01 -8.175263297934881601e-01
-3.599999999999999867e-01 -8.500829226816855044e-01
-3.499999999999999778e-01 -8.796771961302438658e-01
-3.399999999999999689e-01 -9.062060217393335115e-01
-3.299999999999999600e-01 -9.295769534031504966e-01
-3.199999999999999512e-01 -9.497085494607189204e-01
-3.099999999999999423e-01 -9.665306564990469029e-01
-2.999999999999999334e-01 -9.799846538196523849e-01
-2.900000000000000355e-01 -9.900236577165575369e-01
-2.800000000000000266e-01 -9.966126848538962024e-01
-2.700000000000000178e-01 -9.997287741738039024e-01
-2.600000000000000089e-01 -9.993610669097746646e-01
-2.500000000000000000e-01 -9.955108444266579371e-01
-2.399999999999999911e-01 -9.881915237554337317e-01
-2.299999999999999822e-01 -9.774286108383228866e-01
-2.199999999999999734e-01 -9.632596116471672243e-01
-2.099999999999999645e-01 -9.457339014848048508e-01
-1.999999999999999556e-01 -9.249125529248887201e-01
-1.899999999999999467e-01 -9.008681229897439469e-01
-1.799999999999999378e-01 -8.736844003078809706e-01
-1.699999999999999289e-01 -8.434561131322662053e-01
-1.600000000000000311e-01 -8.102885992368253909e-01
-1.500000000000000222e-01 -7.742974388415051479e-01
-1.400000000000000133e-01 -7.356080518450588412e-01
-1.300000000000000044e-01 -6.943552607690888223e-01
-1.199999999999999956e-01 -6.506828209363796356e-01
-1.099999999999999867e-01 -6.047429195207247865e-01
-9.999999999999997780e-02 -5.566956452139301126e-01
-8.999999999999996891e-02 -5.067084303580683402e-01
-7.999999999999996003e-02 -4.549554674870088800e-01
-6.999999999999995115e-02 -4.016171023104247451e-01
-5.999999999999994227e-02 -3.468792052555708660e-01
-4.999999999999993339e-02 -2.909325237568493039e-01
-4.000000000000003553e-02 -2.339720175502642829e-01
-3.000000000000002665e-02 -1.761961792890900658e-01
-2.000000000000001776e-02 -1.178063428482421376e-01
-1.000000000000000888e-02 -5.900598172771803762e-02
0.000000000000000000e+00 0.000000000000000000e+00
9.999999999999999547e-07 3.701408977359433875e-07
1.000100000000000121e-02 3.973818774315810744e-03
2.000099999999999795e-02 8.481729567822931387e-03
3.000099999999999642e-02 1.350839496132773265e-02
4.000100000000000183e-02 1.903629796380504335e-02
5.000100000000000378e-02 2.504617535750191734e-02
6.000100000000000572e-02 3.151708424596597058e-02
7.000100000000000766e-02 3.842647518985652100e-02
8.000100000000001654e-02 4.575027074432433394e-02
9.000100000000002542e-02 5.346294937383330725e-02
1.000010000000000343e-01 6.153763438513430717e-02
1.100010000000000432e-01 6.994618758639999101e-02
1.200010000000000521e-01 7.865930734134185531e-02
1.300010000000000610e-01 8.764663067790257056e-02
1.400010000000000698e-01 9.687683909535657611e-02
1.500010000000000787e-01 1.063177677012007716e-01
1.600010000000000876e-01 1.159365172974967245e-01
1.700010000000000965e-01 1.256995690260791221e-01
1.800010000000001054e-01 1.355729011731197087e-01
1.900010000000001142e-01 1.455221077260133444e-01
2.000010000000001231e-01 1.555125182694461206e-01
2.100010000000001320e-01 1.655093188028386453e-01
2.200010000000001409e-01 1.754776730581468214e-01
2.300010000000001498e-01 1.853828438952589697e-01
2.400010000000001587e-01 1.951903143519578832e-01
2.500010000000001398e-01 2.048659079266195449e-01
2.600010000000001487e-01 2.143759076744947978e-01
2.700010000000001575e-01 2.236871737025538931e-01
2.800010000000001664e-01 2.327672586534548504e-01
2.900010000000001753e-01 2.415845207762037927e-01
3.000010000000001842e-01 2.501082341894852457e-01
3.100010000000001931e-01 2.583086959534232063e-01
3.200010000000002020e-01 2.661573295766552771e-01
3.300010000000002108e-01 2.736267845980248081e-01
3.400010000000002197e-01 2.806910318958744655e-01
3.500010000000002286e-01 2.873254543928127624e-01
3.600010000000002375e-01 2.935069328398711153e-01
3.700010000000002464e-01 2.992139263811154914e-01
3.800010000000002552e-01 3.044265476179662255e-01
3.900010000000002641e-01 3.091266319116459105e-01
4.000010000000002730e-01 3.132978006822541017e-01
4.100010000000002819e-01 3.169255184838884465e-01
4.200010000000002908e-01 3.199971436569195027e-01
4.300010000000002997e-01 3.225019723809098293e-01
4.400010000000003085e-01 3.244312759746636465e-01
4.500010000000003174e-01 3.257783313134265946e-01
4.600010000000003263e-01 3.265384442572391022e-01
4.700010000000003352e-01 3.267089660088018932e-01
4.800010000000003441e-01 3.262893023438504514e-01
4.900010000000003529e-01 3.252809156818730618e-01
5.000010000000003618e-01 3.236873199899565900e-01
5.100010000000002597e-01 3.215140685375188490e-01
5.200010000000001575e-01 3.187687345445986975e-01
5.300010000000000554e-01 3.154608847911402614e-01
5.400009999999999533e-01 3.116020462792354895e-01
5.500009999999998511e-01 3.072056660644988946e-01
5.600009999999997490e-01 3.022870643965516191e-01
5.700009999999996468e-01 2.968633813319081494e-01
5.800009999999995447e-01 2.909535170053061393e-01
5.900009999999994426e-01 2.845780657676179604e-01
6.000009999999993404e-01 2.777592444198567212e-01
6.100009999999992383e-01 2.705208147933625962e-01
6.200009999999991361e-01 2.628880009459573230e-01
6.300009999999990340e-01 2.548874012626172747e-01
6.400009999999989319e-01 2.465468957669711692e-01
6.500009999999988297e-01 2.378955489666181311e-01
6.600009999999987276e-01 2.289635085708250362e-01
6.700009999999986254e-01 2.197819004335457849e-01
6.800009999999985233e-01 2.103827200878589654e-01
6.900009999999984212e-01 2.007987212497983620e-01
7.000009999999983190e-01 1.910633016801117356e-01
7.100009999999982169e-01 1.812103868016900210e-01
7.200009999999981147e-01 1.712743114782302456e-01
7.300009999999980126e-01 1.612897003661030171e-01
7.400009999999979105e-01 1.512913472563674755e-01
7.500009999999978083e-01 1.413140938273952929e-01
7.600009999999977062e-01 1.313927082306199923e-01
7.700009999999976040e-01 1.215617639325085320e-01
7.800009999999975019e-01 1.118555192349597882e-01
7.900009999999973997e-01 1.023077978939701121e-01
8.000009999999972976e-01 9.295187125257912963e-02
8.100009999999971955e-01 8.382034229883203458e-02
8.200009999999970933e-01 7.494503205278647828e-02
8.300009999999969912e-01 6.635686867847585824e-02
8.400009999999968890e-01 5.808577970724530110e-02
8.500009999999967869e-01 5.016058774803414111e-02
8.600009999999966848e-01 4.260891004802760257e-02
8.700009999999965826e-01 3.545706225368291942e-02
8.800009999999964805e-01 2.872996670749776438e-02
8.900009999999963783e-01 2.245106560008340579e-02
9.000009999999962762e-01 1.664223928018391391e-02
9.100009999999961741e-01 1.132373000731458010e-02
9.200009999999960719e-01 6.514071412704660995e-03
9.300009999999959698e-01 2.230023914418992163e-03
9.400009999999958676e-01 -1.513483688519164788e-03
9.500009999999957655e-01 -4.703406238581767443e-03
9.600009999999956634e-01 -7.328627680813578141e-03
9.700009999999955612e-01 -9.379999791677411103e-03
9.800009999999954591e-01 -1.085037408711937885e-02
9.900004999999978406e-01 -1.173459712609363145e-02
1.000000000000000000e+00 -1.202967627084822189e-02
1.009999999999999787e+00 -1.201026023341777126e-02
1.019999999999999574e+00 -1.194842554727987109e-02
1.029999999999999361e+00 -1.183890458413951186e-02
1.039999999999999147e+00 -1.167659588584957220e-02
1.049999999999998934e+00 -1.145658194701530165e-02
1.059999999999998721e+00 -1.117414634979966084e-02
1.069999999999998508e+00 -1.082479019980481932e-02
1.079999999999998295e+00 -1.040424780345449579e-02
1.089999999999998082e+00 -9.908501532861923103e-03
1.099999999999997868e+00 -9.333795826218047736e-03
1.109999999999997655e+00 -8.676650274956483958e-03
1.119999999999997442e+00 -7.933871752077974876e-03
1.129999999999997229e+00 -7.102565539373455542e-03
1.139999999999997016e+00 -6.180145414769372229e-03
1.149999999999996803e+00 -5.164342664643689629e-03
1.159999999999996589e+00 -4.053213989706933550e-03
1.169999999999996376e+00 -2.845148276898332856e-03
1.179999999999996163e+00 -1.538872213698742018e-03
1.189999999999995950e+00 -1.334547252959195421e-04
1.199999999999995737e+00 1.371689780860214534e-03
1.209999999999995524e+00 2.976799374418778558e-03
1.219999999999995310e+00 4.681763772516688016e-03
1.229999999999995097e+00 6.486124724085951150e-03
1.239999999999994884e+00 8.389077606740289947e-03
1.249999999999994671e+00 1.038947423067635052e-02
1.259999999999994458e+00 1.248582683981863672e-02
1.269999999999994245e+00 1.467631329626519106e-02
1.279999999999994031e+00 1.695878342996759783e-02
1.289999999999993818e+00 1.933076653151828694e-02
1.299999999999993605e+00 2.178947996193471986e-02
1.309999999999993392e+00 2.433183884943759812e-02
1.319999999999993179e+00 2.695446683943229088e-02
1.329999999999992966e+00 2.965370786023261568e-02
1.339999999999992752e+00 3.242563886352642366e-02
1.349999999999992539e+00 3.526608349518579183e-02
1.359999999999992326e+00 3.817062664878255462e-02
1.369999999999992113e+00 4.113462985109394426e-02
1.379999999999991900e+00 4.415324742598381730e-02
1.389999999999991687e+00 4.722144338033252425e-02
1.399999999999991473e+00 5.033400895317231838e-02
1.409999999999991260e+00 5.348558076687408985e-02
1.419999999999991047e+00 5.667065951713324418e-02
1.429999999999990834e+00 5.988362913662491349e-02
1.439999999999990621e+00 6.311877636554817650e-02
1.449999999999990408e+00 6.637031066086090947e-02
1.459999999999990195e+00 6.963238437482682786e-02
1.469999999999989981e+00 7.289911313255757752e-02
1.479999999999989768e+00 7.616459633753952518e-02
1.489999999999989555e+00 7.942293773368867826e-02
1.499999999999989342e+00 8.266826595228037033e-02
1.509999999999989129e+00 8.589475497215286193e-02
1.519999999999988916e+00 8.909664442188648670e-02
1.529999999999988702e+00 9.226825965321031053e-02
1.539999999999988489e+00 9.540403151568581375e-02
1.549999999999988276e+00 9.849851576375785733e-02
1.559999999999988063e+00 1.015464120285443916e-01
1.569999999999987850e+00 1.045425822882531108e-01
1.579999999999987637e+00 1.074820687728604424e-01
1.589999999999987423e+00 1.103601112406596557e-01
1.599999999999987210e+00 1.131721635664738046e-01
1.609999999999986997e+00 1.159139095837278810e-01
1.619999999999986784e+00 1.185812781251746190e-01
1.629999999999986571e+00 1.211704572098608879e-01
1.639999999999986358e+00 1.236779073268968604e-01
1.649999999999986144e+00 1.261003737697373173e-01
1.659999999999985931e+00 1.284348979779933453e-01
1.669999999999985718e+00 1.306788278472512388e-01
1.679999999999985505e+00 1.328298269709714818e-01
1.689999999999985292e+00 1.348858827822620177e-01
1.699999999999985079e+00 1.368453135671542087e-01
1.709999999999984865e+00 1.387067743249416063e-01
1.719999999999984652e+00 1.404692614551600882e-01
1.729999999999984439e+00 1.421321162548762895e-01
1.739999999999984226e+00 1.436950272140971874e-01
1.749999999999984013e+00 1.451580311013019597e-01
1.759999999999983800e+00 1.465215128353133667e-01
1.769999999999983586e+00 1.477862041439550467e-01
1.779999999999983373e+00 1.489531810141690171e-01
1.789999999999983160e+00 1.500238599424790764e-01
1.799999999999982947e+00 1.509999929988662948e-01
1.809999999999982734e+00 1.518836617212575568e-01
1.819999999999982521e+00 1.526772698619035251e-01
1.829999999999982307e+00 1.533835350109228057e-01
1.839999999999982094e+00 1.540054791262022993e-01
1.849999999999981881e+00 1.545464180026543399e-01
1.859999999999981668e+00 1.550099497175278784e-01
1.869999999999981455e+00 1.553999420920384456e-01
1.879999999999981242e+00 1.557205192130101667e-01
1.889999999999981029e+00 1.559760470614983130e-01
1.899999999999980815e+00 1.561711182984728274e-01
1.909999999999980602e+00 1.563105362605810289e-01
1.919999999999980389e+00 1.563992982217598804e-01
1.929999999999980176e+00 1.564425779790270532e-01
1.939999999999979963e+00 1.564457078231340503e-01
1.949999999999979750e+00 1.564141599569119079e-01
1.959999999999979536e+00 1.563535274260507146e-01
1.969999999999979323e+00 1.562695046288054834e-01
1.979999999999979110e+00 1.561678674723935289e-01
1.989999999999978897e+00 1.560544532457909250e-01
1.994999999999989448e+00 1.559951656861549296e-01
2.000000000000000000e+00 1.559351403056932484e-01
2.009999999999999787e+00 1.558149073236618498e-01
2.019999999999999574e+00 1.556950761465454303e-01
2.029999999999999361e+00 1.555760974305043232e-01
2.039999999999999147e+00 1.554584736921892363e-01
2.049999999999998934e+00 1.553427575575982433e-01
2.059999999999998721e+00 1.552295498363185366e-01
2.069999999999998508e+00 1.551194974278599648e-01
2.079999999999998295e+00 1.550132910673774067e-01
2.089999999999998082e+00 1.549116629186371441e-01
2.099999999999997868e+00 1.548153840226151601e-01
2.109999999999997655e+00 1.547252616106185585e-01
2.119999999999997442e+00 1.546421362912928921e-01
2.129999999999997229e+00 1.545668791213181126e-01
2.139999999999997016e+00 1.545003885700010626e-01
2.149999999999996803e+00 1.544435873883419075e-01
2.159999999999996589e+00 1.543974193934852801e-01
2.169999999999996376e+00 1.543628461797612317e-01
2.179999999999996163e+00 1.543408437677774026e-01
2.189999999999995950e+00 1.543323992032392400e-01
2.199999999999995737e+00 1.543385071173505874e-01
2.209999999999995524e+00 1.543601662607808900e-01
2.219999999999995310e+00 1.543983760232770230e-01
2.229999999999995097e+00 1.544541329510481231e-01
2.239999999999994884e+00 1.545284272740594100e-01
2.249999999999994671e+00 1.546222394553365687e-01
2.259999999999994458e+00 1.547365367743052389e-01
2.269999999999994245e+00 1.548722699560720895e-01
2.279999999999994031e+00 1.550303698583932743e-01
2.289999999999993818e+00 1.552117442278757031e-01
2.299999999999993605e+00 1.554172745367143893e-01
2.309999999999993392e+00 1.556478129109896413e-01
2.319999999999993179e+00 1.559041791612276739e-01
2.329999999999992966e+00 1.561871579255726394e-01
2.339999999999992752e+00 1.564974959355254214e-01
2.349999999999992539e+00 1.568358994137771245e-01
2.359999999999992326e+00 1.572030316132053962e-01
2.369999999999992113e+00 1.575995105056094969e-01
2.379999999999991900e+00 1.580259066282381497e-01
2.389999999999991687e+00 1.584827410956145266e-01
2.399999999999991473e+00 1.589704837835868301e-01
2.409999999999991260e+00 1.594895516919322132e-01
2.419999999999991047e+00 1.600403074912203072e-01
2.429999999999990834e+00 1.606230582589999178e-01
2.439999999999990621e+00 1.612380544097131163e-01
2.449999999999990408e+00 1.618854888220655486e-01
2.459999999999990195e+00 1.625654961668939746e-01
2.469999999999989981e+00 1.632781524378731641e-01
2.479999999999989768e+00 1.640234746866975624e-01
2.489999999999989555e+00 1.648014209636606275e-01
2.499999999999989342e+00 1.656118904638385625e-01
2.509999999999989129e+00 1.664547238783695982e-01
2.519999999999988916e+00 1.673297039496041416e-01
2.529999999999988702e+00 1.682365562281915861e-01
2.539999999999988489e+00 1.691749500294654485e-01
2.549999999999988276e+00 1.701444995857940012e-01
2.559999999999988063e+00 1.711447653908808320e-01
2.569999999999987850e+00 1.721752557313308285e-01
2.579999999999987637e+00 1.732354284001443312e-01
2.589999999999987423e+00 1.743246925861684504e-01
2.599999999999987210e+00 1.754424109329214276e-01
2.609999999999986997e+00 1.765879017596153344e-01
2.619999999999986784e+00 1.777604414366375507e-01
2.629999999999986571e+00 1.789592669072131159e-01
2.639999999999986358e+00 1.801835783464604823e-01
2.649999999999986144e+00 1.814325419485746937e-01
2.659999999999985931e+00 1.827052928324252035e-01
2.669999999999985718e+00 1.840009380554433471e-01
2.679999999999985505e+00 1.853185597252965389e-01
2.689999999999985292e+00 1.866572181985059198e-01
2.699999999999985079e+00 1.880159553548613194e-01
2.709999999999984865e+00 1.893937979362226853e-01
2.719999999999984652e+00 1.907897609380733162e-01
2.729999999999984439e+00 1.922028510420062952e-01
2.739999999999984226e+00 1.936320700771824999e-01
2.749999999999984013e+00 1.950764184986982508e-01
2.759999999999983800e+00 1.965348988707411315e-01
2.769999999999983586e+00 1.980065193423962144e-01
2.779999999999983373e+00 1.994902971039902717e-01
2.789999999999983160e+00 2.009852618119297718e-01
2.799999999999982947e+00 2.024904589700976254e-01
2.809999999999982734e+00 2.040049532560256340e-01
2.819999999999982521e+00 2.055278317802517463e-01
2.829999999999982307e+00 2.070582072675040963e-01
2.839999999999982094e+00 2.085952211486261365e-01
2.849999999999981881e+00 2.101380465524684549e-01
2.859999999999981668e+00 2.116858911873211180e-01
2.869999999999981455e+00 2.132380001018456817e-01
2.879999999999981242e+00 2.147936583158856494e-01
2.889999999999981029e+00 2.163521933119876839e-01
2.899999999999980815e+00 2.179129773789511837e-01
2.909999999999980602e+00 2.194754297992397296e-01
2.919999999999980389e+00 2.210390188726317484e-01
2.929999999999980176e+00 2.226032637690583960e-01
2.939999999999979963e+00 2.241677362041722688e-01
2.949999999999979750e+00 2.257320619318076427e-01
2.959999999999979536e+00 2.272959220481317599e-01
2.969999999999979323e+00 2.288590541029422998e-01
2.979999999999979110e+00 2.304212530142385751e-01
2.989999999999978897e+00 2.319823717828793930e-01
2.994999999999989448e+00 2.327624962784767271e-01
3.000000000000000000e+00 2.335423221843907493e-01
3.009999999999999787e+00 2.351010722468624137e-01
3.019999999999999574e+00 2.366586216331959813e-01
3.029999999999999361e+00 2.382149765708792832e-01
3.039999999999999147e+00 2.397701480546552688e-01
3.049999999999998934e+00 2.413241523565191338e-01
3.059999999999998721e+00 2.428770115173254918e-01
3.069999999999998508e+00 2.444287538182927655e-01
3.079999999999998295e+00 2.459794142307612785e-01
3.089999999999998082e+00 2.475290348426382459e-01
3.099999999999997868e+00 2.490776652600431018e-01
3.109999999999997655e+00 2.506253629827540630e-01
3.119999999999997442e+00 2.521721937521471113e-01
3.129999999999997229e+00 2.537182318704152562e-01
3.139999999999997016e+00 2.552635604899555766e-01
3.149999999999996803e+00 2.568082718719155166e-01
3.159999999999996589e+00 2.583524676129975162e-01
3.169999999999996376e+00 2.598962588397318307e-01
3.179999999999996163e+00 2.614397663695400276e-01
3.189999999999995950e+00 2.629831208380286056e-01
3.199999999999995737e+00 2.645264627920685396e-01
3.209999999999995524e+00 2.660699427483366186e-01
3.219999999999995310e+00 2.676137212171147417e-01
3.229999999999995097e+00 2.691579686912639602e-01
3.239999999999994884e+00 2.707028656004119016e-01
3.249999999999994671e+00 2.722486022305128928e-01
3.259999999999994458e+00 2.737953786090617236e-01
3.269999999999994245e+00 2.753434043563602329e-01
3.279999999999994031e+00 2.768928985033559109e-01
3.289999999999993818e+00 2.784440892766862907e-01
3.299999999999993605e+00 2.799972138516791387e-01
3.309999999999993392e+00 2.815525180741687006e-01
3.319999999999993179e+00 2.831102561520972838e-01
3.329999999999992966e+00 2.846706903179773152e-01
3.339999999999992752e+00 2.862340904633896010e-01
3.349999999999992539e+00 2.878007337467918814e-01
3.359999999999992326e+00 2.893709041760041401e-01
3.369999999999992113e+00 2.909448921668256749e-01
3.379999999999991900e+00 2.925229940793218630e-01
3.389999999999991687e+00 2.941055117333970514e-01
3.399999999999991473e+00 2.956927519053408893e-01
3.409999999999991260e+00 2.972850258071032536e-01
3.419999999999991047e+00 2.988826485501118735e-01
3.429999999999990834e+00 3.004859385955013784e-01
3.439999999999990621e+00 3.020952171926693519e-01
3.449999999999990408e+00 3.037108078081162676e-01
3.459999999999990195e+00 3.053330355465591617e-01
3.469999999999989981e+00 3.069622265663364269e-01
3.479999999999989768e+00 3.085987074911415440e-01
3.489999999999989555e+00 3.102428048201344435e-01
3.499999999999989342e+00 3.118948443384875202e-01
3.509999999999989129e+00 3.135551505304192133e-01
3.519999999999988916e+00 3.152240459967612929e-01
3.529999999999988702e+00 3.169018508790892863e-01
3.539999999999988489e+00 3.185888822924226593e-01
3.549999999999988276e+00 3.202854537684718395e-01
3.559999999999988063e+00 3.219918747113722501e-01
3.569999999999987850e+00 3.237084498678015065e-01
3.579999999999987637e+00 3.254354788133271281e-01
3.589999999999987423e+00 3.271732554567739482e-01
3.599999999999987210e+00 3.289220675643386715e-01
3.609999999999986997e+00 3.306821963051099211e-01
3.619999999999986784e+00 3.324539158195777278e-01
3.629999999999986571e+00 3.342374928126353728e-01
3.639999999999986358e+00 3.360331861724930036e-01
3.649999999999986144e+00 3.378412466168297379e-01
3.659999999999985931e+00 3.396619163674184927e-01
3.669999999999985718e+00 3.414954288543563532e-01
3.679999999999985505e+00 3.433420084509322678e-01
3.689999999999985292e+00 3.452018702400547201e-01
3.699999999999985079e+00 3.470752198130544475e-01
3.709999999999984865e+00 3.489622531015627027e-01
3.719999999999984652e+00 3.508631562430509776e-01
3.729999999999984439e+00 3.527781054805011474e-01
3.739999999999984226e+00 3.547072670965548680e-01
3.749999999999984013e+00 3.566507973823727085e-01
3.759999999999983800e+00 3.586088426413105990e-01
3.769999999999983586e+00 3.605815392274015485e-01
3.779999999999983373e+00 3.625690136185077961e-01
3.789999999999983160e+00 3.645713825238893202e-01
3.799999999999982947e+00 3.665887530258129523e-01
3.809999999999982734e+00 3.686212227547093767e-01
3.819999999999982521e+00 3.706688800972672282e-01
3.829999999999982307e+00 3.727318044367393113e-01
3.839999999999982094e+00 3.748100664246233338e-01
3.849999999999981881e+00 3.769037282827707447e-01
3.859999999999981668e+00 3.790128441348705191e-01
3.869999999999981455e+00 3.811374603661530358e-01
3.879999999999981242e+00 3.832776160100604956e-01
3.889999999999981029e+00 3.854333431605364013e-01
3.899999999999980815e+00 3.876046674084975274e-01
3.909999999999980602e+00 3.897916083009669297e-01
3.919999999999980389e+00 3.919941798212686623e-01
3.929999999999980176e+00 3.942123908886105421e-01
3.939999999999979963e+00 3.964462458753138518e-01
3.949999999999979750e+00 3.986957451398879249e-01
3.959999999999979536e+00 4.009608855740918187e-01
3.969999999999979323e+00 4.032416611620765479e-01
3.979999999999979110e+00 4.055380635496599329e-01
3.989999999999978897e+00 4.078500826217494879e-01
3.999999999999978684e+00 4.101777070877387632e-01
4.009999999999979359e+00 4.125209250617632994e-01
4.019999999999980034e+00 4.148797245295354208e-01
4.029999999999980709e+00 4.172540935116574867e-01
4.039999999999981384e+00 4.196440201144113757e-01
4.049999999999982059e+00 4.220494925799956887e-01
4.059999999999982734e+00 4.244704993417725003e-01
4.069999999999983409e+00 4.269070290843309246e-01
4.079999999999984084e+00 4.293590708081583274e-01
4.089999999999984759e+00 4.318266138986940339e-01
4.099999999999985434e+00 4.343096481995243341e-01
4.109999999999986109e+00 4.368081640894644346e-01
4.119999999999986784e+00 4.393221525632581836e-01
4.129999999999987459e+00 4.418516053156145706e-01
4.139999999999988134e+00 4.443965148282881250e-01
4.149999999999988809e+00 4.469568744598998999e-01
4.159999999999989484e+00 4.495326785381857371e-01
4.169999999999990159e+00 4.521239224543506796e-01
4.179999999999990834e+00 4.547306027592005195e-01
4.189999999999991509e+00 4.573527172607154134e-01
4.199999999999992184e+00 4.599902651227259498e-01
4.209999999999992859e+00 4.626432469643473322e-01
4.219999999999993534e+00 4.653116649598254551e-01
4.229999999999994209e+00 4.679955229384468174e-01
4.239999999999994884e+00 4.706948264841641638e-01
4.249999999999995559e+00 4.734095830345907974e-01
4.259999999999996234e+00 4.761398019790182845e-01
4.269999999999996909e+00 4.788854947551162144e-01
4.279999999999997584e+00 4.816466749439772266e-01
4.289999999999998259e+00 4.844233583631755713e-01
4.299999999999998934e+00 4.872155631575152968e-01
4.309999999999999609e+00 4.900233098871519255e-01
4.320000000000000284e+00 4.928466216127801447e-01
4.330000000000000959e+00 4.956855239775910249e-01
4.340000000000001634e+00 4.985400452857128295e-01
4.350000000000002309e+00 5.014102165768625774e-01
4.360000000000002984e+00 5.042960716969474566e-01
4.370000000000003659e+00 5.071976473643708960e-01
4.380000000000004334e+00 5.101149832318118138e-01
4.390000000000005009e+00 5.130481219432613260e-01
4.400000000000005684e+00 5.159971091861190740e-01
4.410000000000006359e+00 5.189619937381672043e-01
4.420000000000007034e+00 5.219428275092579117e-01
4.430000000000007709e+00 5.249396655775698806e-01
4.440000000000008384e+00 5.279525662203069514e-01
4.450000000000009059e+00 5.309815909387322064e-01
4.460000000000009734e+00 5.340268044774499900e-01
4.470000000000010409e+00 5.370882748378692506e-01
4.480000000000011084e+00 5.401660732858001301e-01
4.490000000000011759e+00 5.432602743531587119e-01
4.500000000000012434e+00 5.463709558337731531e-01
4.510000000000013110e+00 5.494981987733060791e-01
4.520000000000013785e+00 5.526420874533277683e-01
4.530000000000014460e+00 5.558027093695969700e-01
4.540000000000015135e+00 5.589801552046237409e-01
4.550000000000015810e+00 5.621745187946102229e-01
4.560000000000016485e+00 5.653858970908852699e-01
4.570000000000017160e+00 5.686143901159661507e-01
4.580000000000017835e+00 5.718601009144016478e-01
4.590000000000018510e+00 5.751231354985667510e-01
4.600000000000019185e+00 5.784036027895986809e-01
4.610000000000019860e+00 5.817016145536796357e-01
4.620000000000020535e+00 5.850172853338885259e-01
4.630000000000021210e+00 5.883507323778588427e-01
4.640000000000021885e+00 5.917020755614949001e-01
4.650000000000022560e+00 5.950714373090127962e-01
4.660000000000023235e+00 5.984589425095836468e-01
4.670000000000023910e+00 6.018647184308709708e-01
4.680000000000024585e+00 6.052888946297617645e-01
4.690000000000025260e+00 6.087316028606042373e-01
4.700000000000025935e+00 6.121929769812707312e-01
4.710000000000026610e+00 6.156731528573732293e-01
4.720000000000027285e+00 6.191722682649659637e-01
4.730000000000027960e+00 6.226904627920736290e-01
4.740000000000028635e+00 6.262278777393880391e-01
4.750000000000029310e+00 6.297846560204805044e-01
4.760000000000029985e+00 6.333609420618759867e-01
4.770000000000030660e+00 6.369568817033386399e-01
4.780000000000031335e+00 6.405726220987156827e-01
4.790000000000032010e+00 6.442083116176846591e-01
4.800000000000032685e+00 6.478640997487478126e-01
4.810000000000033360e+00 6.515401370038097495e-01
4.820000000000034035e+00 6.552365748246725685e-01
4.830000000000034710e+00 6.589535654917737517e-01
4.840000000000035385e+00 6.626912620354841188e-01
4.850000000000036060e+00 6.664498181502760410e-01
4.860000000000036735e+00 6.702293881120604535e-01
4.870000000000037410e+00 6.740301266989808804e-01
4.880000000000038085e+00 6.778521891159402513e-01
4.890000000000038760e+00 6.816957309231235218e-01
4.900000000000039435e+00 6.855609079687660090e-01
4.910000000000040110e+00 6.894478763264001442e-01
4.920000000000040785e+00 6.933567922368012448e-01
4.930000000000041460e+00 6.972878120548324787e-01
4.940000000000042135e+00 7.012410922013764258e-01
4.950000000000042810e+00 7.052167891205189942e-01
4.960000000000043485e+00 7.092150592421356814e-01
4.970000000000044160e+00 7.132360589500108539e-01
4.980000000000044835e+00 7.172799445556004017e-01
4.990000000000021529e+00 7.213468722775204789e-01
5.000000000000000000e+00 7.254369982268875638e-01
