-1.000010000000000066e+00 3.193343810721325782e-01
-1.000000000000000000e+00 3.193015301359800051e-01
-9.899999999999999911e-01 2.862650702590649465e-01
-9.799999999999999822e-01 2.528846340405543902e-01
-9.699999999999999734e-01 2.192003314397990843e-01
-9.599999999999999645e-01 1.852526375422400284e-01
-9.499999999999999556e-01 1.510823439245167488e-01
-9.399999999999999467e-01 1.167305096392722286e-01
-9.299999999999999378e-01 8.223841187856505142e-02
-9.200000000000000400e-01 4.764749637515892228e-02
-9.100000000000000311e-01 1.299932760129807185e-02
-9.000000000000000222e-01 -2.166446117519729014e-02
-8.900000000000000133e-01 -5.630221791749773219e-02
-8.800000000000000044e-01 -9.087232186888909158e-02
-8.699999999999999956e-01 -1.253332335643040918e-01
-8.599999999999999867e-01 -1.596435447441809374e-01
-8.499999999999999778e-01 -1.937620281106583464e-01
-8.399999999999999689e-01 -2.276476868663333264e-01
-8.299999999999999600e-01 -2.612598039760433144e-01
-8.200000000000000622e-01 -2.945579910924917555e-01
-8.100000000000000533e-01 -3.275022370869171140e-01
-8.000000000000000444e-01 -3.600529561264986800e-01
-7.900000000000000355e-01 -3.921710352407243305e-01
-7.800000000000000266e-01 -4.238178813195698780e-01
-7.700000000000000178e-01 -4.549554674870089910e-01
-7.600000000000000089e-01 -4.855463787941410869e-01
-7.500000000000000000e-01 -5.155538571770215128e-01
-7.399999999999999911e-01 -5.449418456251844400e-01
-7.299999999999999822e-01 -5.736750315077719931e-01
-7.199999999999999734e-01 -6.017188890052246331e-01
-7.099999999999999645e-01 -6.290397205955299276e-01
-6.999999999999999556e-01 -6.556046975451963466e-01
-6.899999999999999467e-01 -6.813818993562817949e-01
-6.799999999999999378e-01 -7.063403521220953385e-01
-6.699999999999999289e-01 -7.304500657454631174e-01
-6.599999999999999201e-01 -7.536820699748576491e-01
-6.499999999999999112e-01 -7.760084492150731705e-01
-6.400000000000000133e-01 -7.974023760706299147e-01
-6.300000000000000044e-01 -8.178381435815913481e-01
-6.199999999999999956e-01 -8.372911961130717895e-01
-6.099999999999999867e-01 -8.557381588613034440e-01
-5.999999999999999778e-01 -8.731568659408232014e-01
-5.899999999999999689e-01 -8.895263870190153188e-01
-5.800000000000000711e-01 -9.048270524660195768e-01
-5.700000000000000622e-01 -9.190404769897715376e-01
-5.600000000000000533e-01 -9.321495817277865026e-01
-5.500000000000000444e-01 -9.441386147691332997e-01
-5.400000000000000355e-01 -9.549931700819438429e-01
-5.300000000000000266e-01 -9.647002048237136584e-01
-5.200000000000000178e-01 -9.732480550135894637e-01
-5.100000000000000089e-01 -9.806264495478210774e-01
-5.000000000000000000e-01 -9.868265225415261410e-01
-4.899999999999999911e-01 -9.918408239819453964e-01
-4.799999999999999822e-01 -9.956633286803836524e-01
-4.699999999999999734e-01 -9.982894435120812648e-01
-4.599999999999999645e-01 -9.997160129353181990e-01
-4.499999999999999556e-01 -9.999413227831130957e-01
-4.399999999999999467e-01 -9.989651023229694227e-01
-4.299999999999999378e-01 -9.967885245821871409e-01
-4.200000000000000400e-01 -9.934142049383528628e-01
-4.100000000000000311e-01 -9.888461979766982601e-01
-4.000000000000000222e-01 -9.830899926181099202e-01
-3.900000000000000133e-01 -9.761525055236351944e-01
-3.800000000000000044e-01 -9.680420727834176953e-01
-3.699999999999999956e-01 -9.587684399000439006e-01
-3.599999999999999867e-01 -9.483427500783404573e-01
-3.499999999999999778e-01 -9.367775308356891539e-01
-3.399999999999999689e-01 -9.240866789489519117e-01
-3.299999999999999600e-01 -9.102854437560929934e-01
-3.199999999999999512e-01 -8.953904088325619348e-01
-3.099999999999999423e-01 -8.794194720644551433e-01
-2.999999999999999334e-01 -8.623918241424018971e-01
-2.900000000000000355e-01 -8.443279255020152974e-01
-2.800000000000000266e-01 -8.252494817386145654e-01
-2.700000000000000178e-01 -8.051794175257658281e-01
-2.600000000000000089e-01 -7.841418490689753273e-01
-2.500000000000000000e-01 -7.621620551276365729e-01
-2.399999999999999911e-01 -7.392664466400521439e-01
-2.299999999999999822e-01 -7.154825349880302721e-01
-2.199999999999999734e-01 -6.908388989391847090e-01
-2.099999999999999645e-01 -6.653651503066644324e-01
-1.999999999999999556e-01 -6.390918983675757392e-01
-1.899999999999999467e-01 -6.120507130828490849e-01
-1.799999999999999378e-01 -5.842740871627480903e-01
-1.699999999999999289e-01 -5.557953970236035879e-01
-1.600000000000000311e-01 -5.266488626826835162e-01
-1.500000000000000222e-01 -4.968695066393923887e-01
-1.400000000000000133e-01 -4.664931117922079262e-01
-1.300000000000000044e-01 -4.355561784419212379e-01
-1.199999999999999956e-01 -4.040958804328452780e-01
-1.099999999999999867e-01 -3.721500204846926452e-01
-9.999999999999997780e-02 -3.397569847687984534e-01
-8.999999999999996891e-02 -3.069556967832635097e-01
-7.999999999999996003e-02 -2.737855705824492336e-01
-6.999999999999995115e-02 -2.402864634170164548e-01
-5.999999999999994227e-02 -2.064986278414211729e-01
-4.999999999999993339e-02 -1.724626633464122760e-01
-4.000000000000003553e-02 -1.382194675746506451e-01
-3.000000000000002665e-02 -1.038101871780670316e-01
-2.000000000000001776e-02 -6.927616837601366373e-02
-1.000000000000000888e-02 -3.465890727361218421e-02
0.000000000000000000e+00 0.000000000000000000e+00
9.999999999999999547e-07 3.192998875789318994e-07
1.000100000000000121e-02 3.028421201813132502e-03
2.000099999999999795e-02 5.724404920428144070e-03
3.000099999999999642e-02 8.085031067375465785e-03
4.000100000000000183e-02 1.010746308344908154e-02
5.000100000000000378e-02 1.178927082043622517e-02
6.000100000000000572e-02 1.312843341471496214e-02
7.000100000000000766e-02 1.412334172797729062e-02
8.000100000000001654e-02 1.477280027743461260e-02
9.000100000000002542e-02 1.507602867320482175e-02
1.000010000000000343e-01 1.503266255578987291e-02
1.100010000000000432e-01 1.464275403395464206e-02
1.200010000000000521e-01 1.390677162209578988e-02
1.300010000000000610e-01 1.282559967727909221e-02
1.400010000000000698e-01 1.140053733659403268e-02
1.500010000000000787e-01 9.633296956109949419e-03
1.600010000000000876e-01 7.526002053307497691e-03
1.700010000000000965e-01 5.081184755458342459e-03
1.800010000000001054e-01 2.301782757018957983e-03
1.900010000000001142e-01 -8.088642103054257022e-04
2.000010000000001231e-01 -4.247018390585154471e-03
2.100010000000001320e-01 -8.008548494956725661e-03
2.200010000000001409e-01 -1.208893466578284462e-02
2.300010000000001498e-01 -1.648327390771705050e-02
2.400010000000001587e-01 -2.118628597914690853e-02
2.500010000000001398e-01 -2.619231973693664922e-02
2.600010000000001487e-01 -3.149535992684534408e-02
2.700010000000001575e-01 -3.708903441146131630e-02
2.800010000000001664e-01 -4.296662182696762977e-02
2.900010000000001753e-01 -4.912105965953833531e-02
3.000010000000001842e-01 -5.554495273166085156e-02
3.100010000000001931e-01 -6.223058208818724873e-02
3.200010000000002020e-01 -6.916991427143708016e-02
3.300010000000002108e-01 -7.635461097420666310e-02
3.400010000000002197e-01 -8.377603905908580229e-02
3.500010000000002286e-01 -9.142528093204271844e-02
3.600010000000002375e-01 -9.929314525781232637e-02
3.700010000000002464e-01 -1.073701780042121828e-01
3.800010000000002552e-01 -1.156466738021152130e-01
3.900010000000002641e-01 -1.241126876074292035e-01
4.000010000000002730e-01 -1.327580466510698554e-01
4.100010000000002819e-01 -1.415723626625684517e-01
4.200010000000002908e-01 -1.505450443526260285e-01
4.300010000000002997e-01 -1.596653101396152963e-01
4.400010000000003085e-01 -1.689222011047378791e-01
4.500010000000003174e-01 -1.783045941602700579e-01
4.600010000000003263e-01 -1.878012154150740520e-01
4.700010000000003352e-01 -1.974006537213148227e-01
4.800010000000003441e-01 -2.070913743861045597e-01
4.900010000000003529e-01 -2.168617330315990854e-01
5.000010000000003618e-01 -2.266999895868916926e-01
5.100010000000002597e-01 -2.365943223948919760e-01
5.200010000000001575e-01 -2.465328424172386346e-01
5.300010000000000554e-01 -2.565036075201775900e-01
5.400009999999999533e-01 -2.664946368242396280e-01
5.500009999999998511e-01 -2.764939251004750465e-01
5.600009999999997490e-01 -2.864894571959463732e-01
5.700009999999996468e-01 -2.964692224711460433e-01
5.800009999999995447e-01 -3.064212292319904996e-01
5.900009999999994426e-01 -3.163335191390497791e-01
6.000009999999993404e-01 -3.261941815766976616e-01
6.100009999999992383e-01 -3.359913679649172424e-01
6.200009999999991361e-01 -3.457133059965643573e-01
6.300009999999990340e-01 -3.553483137829813732e-01
6.400009999999989319e-01 -3.648848138909641103e-01
6.500009999999988297e-01 -3.743113472542150544e-01
6.600009999999987276e-01 -3.836165869425667285e-01
6.700009999999986254e-01 -3.927893517724301842e-01
6.800009999999985233e-01 -4.018186197421144135e-01
6.900009999999984212e-01 -4.106935412758723758e-01
7.000009999999983190e-01 -4.194034522607602566e-01
7.100009999999982169e-01 -4.279378868606441011e-01
7.200009999999981147e-01 -4.362865900919571938e-01
7.300009999999980126e-01 -4.444395301460964398e-01
7.400009999999979105e-01 -4.523869104436520350e-01
7.500009999999978083e-01 -4.601191814059850116e-01
7.600009999999977062e-01 -4.676270519300088635e-01
7.700009999999976040e-01 -4.749015005523865574e-01
7.800009999999975019e-01 -4.819337862897282165e-01
7.900009999999973997e-01 -4.887154591417637861e-01
8.000009999999972976e-01 -4.952383702448703851e-01
8.100009999999971955e-01 -5.014946816637534388e-01
8.200009999999970933e-01 -5.074768758095160592e-01
8.300009999999969912e-01 -5.131777644728000576e-01
8.400009999999968890e-01 -5.185904974611440510e-01
8.500009999999967869e-01 -5.237085708301804088e-01
8.600009999999966848e-01 -5.285258346987800060e-01
8.700009999999965826e-01 -5.330365006387546289e-01
8.800009999999964805e-01 -5.372351486302366919e-01
8.900009999999963783e-01 -5.411167335743796158e-01
9.000009999999962762e-01 -5.446765913555530192e-01
9.100009999999961741e-01 -5.479104444457472134e-01
9.200009999999960719e-01 -5.508144070444555007e-01
9.300009999999959698e-01 -5.533849897478521074e-01
9.400009999999958676e-01 -5.556191037416733369e-01
9.500009999999957655e-01 -5.575140645127002470e-01
9.600009999999956634e-01 -5.590675950746170075e-01
9.700009999999955612e-01 -5.602778287034988480e-01
9.800009999999954591e-01 -5.611433111828857401e-01
9.900004999999978406e-01 -5.616629852157798419e-01
1.000000000000000000e+00 -5.618362783439930785e-01
1.009999999999999787e+00 -5.618208622396618779e-01
1.019999999999999574e+00 -5.617768225225733270e-01
1.029999999999999361e+00 -5.617074969026023545e-01
1.039999999999999147e+00 -5.616162534728473821e-01
1.049999999999998934e+00 -5.615064866629556617e-01
1.059999999999998721e+00 -5.613816131602586967e-01
1.069999999999998508e+00 -5.612450678043088281e-01
1.079999999999998295e+00 -5.611002994595651883e-01
1.089999999999998082e+00 -5.609507668712373496e-01
1.099999999999997868e+00 -5.607999345092535837e-01
1.109999999999997655e+00 -5.606512684053515105e-01
1.119999999999997442e+00 -5.605082319882911390e-01
1.129999999999997229e+00 -5.603742819221962934e-01
1.139999999999997016e+00 -5.602528639530238719e-01
1.149999999999996803e+00 -5.601474087681530545e-01
1.159999999999996589e+00 -5.600613278740683709e-01
1.169999999999996376e+00 -5.599980094970908873e-01
1.179999999999996163e+00 -5.599608145120822389e-01
1.189999999999995950e+00 -5.599530724040153729e-01
1.199999999999995737e+00 -5.599780772672620088e-01
1.209999999999995524e+00 -5.600390838474066380e-01
1.219999999999995310e+00 -5.601393036303413675e-01
1.229999999999995097e+00 -5.602819009833419628e-01
1.239999999999994884e+00 -5.604699893527612664e-01
1.249999999999994671e+00 -5.607066275229100061e-01
1.259999999999994458e+00 -5.609948159406186186e-01
1.269999999999994245e+00 -5.613374931098981113e-01
1.279999999999994031e+00 -5.617375320610312750e-01
1.289999999999993818e+00 -5.621977368983370749e-01
1.299999999999993605e+00 -5.627208394307565698e-01
1.309999999999993392e+00 -5.633094958893093418e-01
1.319999999999993179e+00 -5.639662837353637270e-01
1.329999999999992966e+00 -5.646936985635574446e-01
1.339999999999992752e+00 -5.654941511030889822e-01
1.349999999999992539e+00 -5.663699643209832990e-01
1.359999999999992326e+00 -5.673233706308128399e-01
1.369999999999992113e+00 -5.683565092102276228e-01
1.379999999999991900e+00 -5.694714234305177092e-01
1.389999999999991687e+00 -5.706700584012962540e-01
1.399999999999991473e+00 -5.719542586332545531e-01
1.409999999999991260e+00 -5.733257658217963959e-01
1.419999999999991047e+00 -5.747862167542153733e-01
1.429999999999990834e+00 -5.763371413429300150e-01
1.439999999999990621e+00 -5.779799607871397571e-01
1.449999999999990408e+00 -5.797159858651107500e-01
1.459999999999990195e+00 -5.815464153591437535e-01
1.469999999999989981e+00 -5.834723346151163836e-01
1.479999999999989768e+00 -5.854947142383303271e-01
1.489999999999989555e+00 -5.876144089272316018e-01
1.499999999999989342e+00 -5.898321564464038547e-01
1.509999999999989129e+00 -5.921485767400702649e-01
1.519999999999988916e+00 -5.945641711871675339e-01
1.529999999999988702e+00 -5.970793219988890232e-01
1.539999999999988489e+00 -5.996942917594192402e-01
1.549999999999988276e+00 -6.024092231104123396e-01
1.559999999999988063e+00 -6.052241385795941175e-01
1.569999999999987850e+00 -6.081389405536924420e-01
1.579999999999987637e+00 -6.111534113957295400e-01
1.589999999999987423e+00 -6.142672137065348092e-01
1.599999999999987210e+00 -6.174798907301637385e-01
1.609999999999986997e+00 -6.207908669027364379e-01
1.619999999999986784e+00 -6.241994485440355289e-01
1.629999999999986571e+00 -6.277048246910328366e-01
1.639999999999986358e+00 -6.313060680723434626e-01
1.649999999999986144e+00 -6.350021362224356203e-01
1.659999999999985931e+00 -6.387918727342580816e-01
1.669999999999985718e+00 -6.426740086487798820e-01
1.679999999999985505e+00 -6.466471639797725102e-01
1.689999999999985292e+00 -6.507098493720023802e-01
1.699999999999985079e+00 -6.548604678908416243e-01
1.709999999999984865e+00 -6.590973169411457055e-01
1.719999999999984652e+00 -6.634185903130931372e-01
1.729999999999984439e+00 -6.678223803525289437e-01
1.739999999999984226e+00 -6.723066802532031705e-01
1.749999999999984013e+00 -6.768693864681510908e-01
1.759999999999983800e+00 -6.815083012373167604e-01
1.769999999999983586e+00 -6.862211352283836829e-01
1.779999999999983373e+00 -6.910055102876377919e-01
1.789999999999983160e+00 -6.958589622975593914e-01
1.799999999999982947e+00 -7.007789441377085815e-01
1.809999999999982734e+00 -7.057628287453473481e-01
1.819999999999982521e+00 -7.108079122721200349e-01
1.829999999999982307e+00 -7.159114173330000108e-01
1.839999999999982094e+00 -7.210704963435975445e-01
1.849999999999981881e+00 -7.262822349418198709e-01
1.859999999999981668e+00 -7.315436554897707389e-01
1.869999999999981455e+00 -7.368517206516826956e-01
1.879999999999981242e+00 -7.422033370435819899e-01
1.889999999999981029e+00 -7.475953589503016028e-01
1.899999999999980815e+00 -7.530245921053749791e-01
1.909999999999980602e+00 -7.584877975292692032e-01
1.919999999999980389e+00 -7.639816954213454192e-01
1.929999999999980176e+00 -7.695029691008701267e-01
1.939999999999979963e+00 -7.750482689923411384e-01
1.949999999999979750e+00 -7.806142166503405866e-01
1.959999999999979536e+00 -7.861974088190777366e-01
1.969999999999979323e+00 -7.917944215217423976e-01
1.979999999999979110e+00 -7.974018141747646338e-01
1.989999999999978897e+00 -8.030161337220012019e-01
1.994999999999989448e+00 -8.058248096070667055e-01
2.000000000000000000e+00 -8.086339187782251026e-01
2.009999999999999787e+00 -8.142522296008388727e-01
2.019999999999999574e+00 -8.198702403755082635e-01
2.029999999999999361e+00 -8.254876815277991664e-01
2.039999999999999147e+00 -8.311043170156505733e-01
2.049999999999998934e+00 -8.367199446130029195e-01
2.059999999999998721e+00 -8.423343961527932633e-01
2.069999999999998508e+00 -8.479475377290248694e-01
2.079999999999998295e+00 -8.535592698576687232e-01
2.089999999999998082e+00 -8.591695275962035749e-01
2.099999999999997868e+00 -8.647782806216511853e-01
2.109999999999997655e+00 -8.703855332670121792e-01
2.119999999999997442e+00 -8.759913245160596551e-01
2.129999999999997229e+00 -8.815957279564962112e-01
2.139999999999997016e+00 -8.871988516915306766e-01
2.149999999999996803e+00 -8.928008382099816842e-01
2.159999999999996589e+00 -8.984018642150626288e-01
2.169999999999996376e+00 -9.040021404120550663e-01
2.179999999999996163e+00 -9.096019112551249064e-01
2.189999999999995950e+00 -9.152014546535864881e-01
2.199999999999995737e+00 -9.208010816379659236e-01
2.209999999999995524e+00 -9.264011359862672768e-01
2.219999999999995310e+00 -9.320019938108878854e-01
2.229999999999995097e+00 -9.376040631066820952e-01
2.239999999999994884e+00 -9.432077832607138612e-01
2.249999999999994671e+00 -9.488136245242889677e-01
2.259999999999994458e+00 -9.544220874479006911e-01
2.269999999999994245e+00 -9.600337022797681419e-01
2.279999999999994031e+00 -9.656490283286892629e-01
2.289999999999993818e+00 -9.712686532919750926e-01
2.299999999999993605e+00 -9.768931925492720936e-01
2.309999999999993392e+00 -9.825232884231215325e-01
2.319999999999993179e+00 -9.881596094071442016e-01
2.329999999999992966e+00 -9.938028493627779625e-01
2.339999999999992752e+00 -9.994537266855332280e-01
2.349999999999992539e+00 -1.005112983441768471e+00
2.359999999999992326e+00 -1.010781384477022149e+00
2.369999999999992113e+00 -1.016459716496974419e+00
2.379999999999991900e+00 -1.022148787122140634e+00
2.389999999999991687e+00 -1.027849423917433835e+00
2.399999999999991473e+00 -1.033562473397761750e+00
2.409999999999991260e+00 -1.039288800010854663e+00
2.419999999999991047e+00 -1.045029285098543648e+00
2.429999999999990834e+00 -1.050784825837739467e+00
2.439999999999990621e+00 -1.056556334162384259e+00
2.449999999999990408e+00 -1.062344735667671181e+00
2.459999999999990195e+00 -1.068150968497848297e+00
2.469999999999989981e+00 -1.073975982218943193e+00
2.479999999999989768e+00 -1.079820736677764570e+00
2.489999999999989555e+00 -1.085686200848549054e+00
2.499999999999989342e+00 -1.091573351668640557e+00
2.509999999999989129e+00 -1.097483172864602619e+00
2.519999999999988916e+00 -1.103416653770170619e+00
2.529999999999988702e+00 -1.109374788137468482e+00
2.539999999999988489e+00 -1.115358572942914739e+00
2.549999999999988276e+00 -1.121369007189255029e+00
2.559999999999988063e+00 -1.127407090705159654e+00
2.569999999999987850e+00 -1.133473822943828369e+00
2.579999999999987637e+00 -1.139570201782047043e+00
2.589999999999987423e+00 -1.145697222321137909e+00
2.599999999999987210e+00 -1.151855875691244702e+00
2.609999999999986997e+00 -1.158047147860390202e+00
2.619999999999986784e+00 -1.164272018449736379e+00
2.629999999999986571e+00 -1.170531459556470422e+00
2.639999999999986358e+00 -1.176826434585732217e+00
2.649999999999986144e+00 -1.183157897092985911e+00
2.659999999999985931e+00 -1.189526789638226667e+00
2.669999999999985718e+00 -1.195934042653400198e+00
2.679999999999985505e+00 -1.202380573324394852e+00
2.689999999999985292e+00 -1.208867284488950089e+00
2.699999999999985079e+00 -1.215395063551806043e+00
2.709999999999984865e+00 -1.221964781418397150e+00
2.719999999999984652e+00 -1.228577291448372133e+00
2.729999999999984439e+00 -1.235233428430195124e+00
2.739999999999984226e+00 -1.241934007578064492e+00
2.749999999999984013e+00 -1.248679823552349744e+00
2.759999999999983800e+00 -1.255471649504727560e+00
2.769999999999983586e+00 -1.262310236149162046e+00
2.779999999999983373e+00 -1.269196310859845855e+00
2.789999999999983160e+00 -1.276130576797187333e+00
2.799999999999982947e+00 -1.283113712062891931e+00
2.809999999999982734e+00 -1.290146368885154882e+00
2.819999999999982521e+00 -1.297229172834943212e+00
2.829999999999982307e+00 -1.304362722074309255e+00
2.839999999999982094e+00 -1.311547586637638263e+00
2.849999999999981881e+00 -1.318784307746695195e+00
2.859999999999981668e+00 -1.326073397160291600e+00
2.869999999999981455e+00 -1.333415336559356401e+00
2.879999999999981242e+00 -1.340810576968147316e+00
2.889999999999981029e+00 -1.348259538212299713e+00
2.899999999999980815e+00 -1.355762608414364134e+00
2.909999999999980602e+00 -1.363320143527437578e+00
2.919999999999980389e+00 -1.370932466907450298e+00
2.929999999999980176e+00 -1.378599868924620386e+00
2.939999999999979963e+00 -1.386322606614545760e+00
2.949999999999979750e+00 -1.394100903369348998e+00
2.959999999999979536e+00 -1.401934948669249392e+00
2.969999999999979323e+00 -1.409824897854883963e+00
2.979999999999979110e+00 -1.417770871940649213e+00
2.989999999999978897e+00 -1.425772957469290780e+00
2.994999999999989448e+00 -1.429795059564353155e+00
3.000000000000000000e+00 -1.433831206302573325e+00
3.009999999999999787e+00 -1.441945637183402740e+00
3.019999999999999574e+00 -1.450116249909594979e+00
3.029999999999999361e+00 -1.458343040104973065e+00
3.039999999999999147e+00 -1.466626000865025592e+00
3.049999999999998934e+00 -1.474965123093682662e+00
3.059999999999998721e+00 -1.483360395842724389e+00
3.069999999999998508e+00 -1.491811806653416284e+00
3.079999999999998295e+00 -1.500319341899957859e+00
3.089999999999998082e+00 -1.508882987134334996e+00
3.099999999999997868e+00 -1.517502727432159970e+00
3.109999999999997655e+00 -1.526178547739083680e+00
3.119999999999997442e+00 -1.534910433217363757e+00
3.129999999999997229e+00 -1.543698369592173325e+00
3.139999999999997016e+00 -1.552542343497232302e+00
3.149999999999996803e+00 -1.561442342819347573e+00
3.159999999999996589e+00 -1.570398357041447701e+00
3.169999999999996376e+00 -1.579410377583698954e+00
3.179999999999996163e+00 -1.588478398142294301e+00
3.189999999999995950e+00 -1.597602415025507039e+00
3.199999999999995737e+00 -1.606782427486606046e+00
3.209999999999995524e+00 -1.616018438053231865e+00
3.219999999999995310e+00 -1.625310452852839038e+00
3.229999999999995097e+00 -1.634658481933812579e+00
3.239999999999994884e+00 -1.644062539581872429e+00
3.249999999999994671e+00 -1.653522644631387317e+00
3.259999999999994458e+00 -1.663038820771222337e+00
3.269999999999994245e+00 -1.672611096844753620e+00
3.279999999999994031e+00 -1.682239507143689305e+00
3.289999999999993818e+00 -1.691924091695343302e+00
3.299999999999993605e+00 -1.701664896543018335e+00
3.309999999999993392e+00 -1.711461974019158561e+00
3.319999999999993179e+00 -1.721315383010946887e+00
3.329999999999992966e+00 -1.731225189218024596e+00
3.339999999999992752e+00 -1.741191465402025962e+00
3.349999999999992539e+00 -1.751214291627626984e+00
3.359999999999992326e+00 -1.761293755494818480e+00
3.369999999999992113e+00 -1.771429952362125526e+00
3.379999999999991900e+00 -1.781622985560503469e+00
3.389999999999991687e+00 -1.791872966597654049e+00
3.399999999999991473e+00 -1.802180015352517817e+00
3.409999999999991260e+00 -1.812544260259705498e+00
3.419999999999991047e+00 -1.822965838483650902e+00
3.429999999999990834e+00 -1.833444896082272679e+00
3.439999999999990621e+00 -1.843981588159950391e+00
3.449999999999990408e+00 -1.854576079009629952e+00
3.459999999999990195e+00 -1.865228542243888565e+00
3.469999999999989981e+00 -1.875939160914800174e+00
3.479999999999989768e+00 -1.886708127622459541e+00
3.489999999999989555e+00 -1.897535644612033279e+00
3.499999999999989342e+00 -1.908421923859220382e+00
3.509999999999989129e+00 -1.919367187144021658e+00
3.519999999999988916e+00 -1.930371666112727702e+00
3.529999999999988702e+00 -1.941435602328051457e+00
3.539999999999988489e+00 -1.952559247307345647e+00
3.549999999999988276e+00 -1.963742862548858659e+00
3.559999999999988063e+00 -1.974986719545996694e+00
3.569999999999987850e+00 -1.986291099789576409e+00
3.579999999999987637e+00 -1.997656294758064721e+00
3.589999999999987423e+00 -2.009082605895816886e+00
3.599999999999987210e+00 -2.020570344579340372e+00
3.609999999999986997e+00 -2.032119832071622501e+00
3.619999999999986784e+00 -2.043731399464581155e+00
3.629999999999986571e+00 -2.055405387609702927e+00
3.639999999999986358e+00 -2.067142147036954647e+00
3.649999999999986144e+00 -2.078942037862065995e+00
3.659999999999985931e+00 -2.090805429682292882e+00
3.669999999999985718e+00 -2.102732701460788611e+00
3.679999999999985505e+00 -2.114724241399719595e+00
3.689999999999985292e+00 -2.126780446802281954e+00
3.699999999999985079e+00 -2.138901723923779752e+00
3.709999999999984865e+00 -2.151088487811947836e+00
3.719999999999984652e+00 -2.163341162136709350e+00
3.729999999999984439e+00 -2.175660179009572204e+00
3.739999999999984226e+00 -2.188045978792882984e+00
3.749999999999984013e+00 -2.200499009899167024e+00
3.759999999999983800e+00 -2.213019728580793544e+00
3.769999999999983586e+00 -2.225608598710222097e+00
3.779999999999983373e+00 -2.238266091551092796e+00
3.789999999999983160e+00 -2.250992685520433856e+00
3.799999999999982947e+00 -2.263788865942274686e+00
3.809999999999982734e+00 -2.276655124792958951e+00
3.819999999999982521e+00 -2.289591960438465357e+00
3.829999999999982307e+00 -2.302599877364049252e+00
3.839999999999982094e+00 -2.315679385896531883e+00
3.849999999999981881e+00 -2.328831001919570376e+00
3.859999999999981668e+00 -2.342055246582251282e+00
3.869999999999981455e+00 -2.355352646001355854e+00
3.879999999999981242e+00 -2.368723730957656759e+00
3.889999999999981029e+00 -2.382169036586611721e+00
3.899999999999980815e+00 -2.395689102063821796e+00
3.909999999999980602e+00 -2.409284470285637525e+00
3.919999999999980389e+00 -2.422955687545294001e+00
3.929999999999980176e+00 -2.436703303204962978e+00
3.939999999999979963e+00 -2.450527869364117706e+00
3.949999999999979750e+00 -2.464429940524609286e+00
3.959999999999979536e+00 -2.478410073252856005e+00
3.969999999999979323e+00 -2.492468825839551538e+00
3.979999999999979110e+00 -2.506606757957301923e+00
3.989999999999978897e+00 -2.520824430316600751e+00
3.999999999999978684e+00 -2.535122404319481326e+00
4.009999999999979359e+00 -2.549501241717711864e+00
4.019999999999980034e+00 -2.563961504336576880e+00
4.029999999999980709e+00 -2.578503753974883850e+00
4.039999999999981384e+00 -2.593128552374757589e+00
4.049999999999982059e+00 -2.607836461198037803e+00
4.059999999999982734e+00 -2.622628042006059257e+00
4.069999999999983409e+00 -2.637503856242835454e+00
4.079999999999984084e+00 -2.652464465221671563e+00
4.089999999999984759e+00 -2.667510430115214604e+00
4.099999999999985434e+00 -2.682642311948962188e+00
4.109999999999986109e+00 -2.697860671598228510e+00
4.119999999999986784e+00 -2.713166069788579104e+00
4.129999999999987459e+00 -2.728559067099728175e+00
4.139999999999988134e+00 -2.744040223972896708e+00
4.149999999999988809e+00 -2.759610100721622050e+00
4.159999999999989484e+00 -2.775269257546005175e+00
4.169999999999990159e+00 -2.791018254550378774e+00
4.179999999999990834e+00 -2.806857651764376627e+00
4.189999999999991509e+00 -2.822788009167376266e+00
4.199999999999992184e+00 -2.838809886716286979e+00
4.209999999999992859e+00 -2.854923844376649367e+00
4.219999999999993534e+00 -2.871130442157010521e+00
4.229999999999994209e+00 -2.887430240146531268e+00
4.239999999999994884e+00 -2.903823798555781988e+00
4.249999999999995559e+00 -2.920311677760675462e+00
4.259999999999996234e+00 -2.936894438349489267e+00
4.269999999999996909e+00 -2.953572641172914182e+00
4.279999999999997584e+00 -2.970346847397075329e+00
4.289999999999998259e+00 -2.987217618559455445e+00
4.299999999999998934e+00 -3.004185516627661201e+00
4.309999999999999609e+00 -3.021251104060953097e+00
4.320000000000000284e+00 -3.038414943874471419e+00
4.330000000000000959e+00 -3.055677599706080549e+00
4.340000000000001634e+00 -3.073039635885746357e+00
4.350000000000002309e+00 -3.090501617507369847e+00
4.360000000000002984e+00 -3.108064110502985145e+00
4.370000000000003659e+00 -3.125727681719237427e+00
4.380000000000004334e+00 -3.143492898996045781e+00
4.390000000000005009e+00 -3.161360331247355937e+00
4.400000000000005684e+00 -3.179330548543889634e+00
4.410000000000006359e+00 -3.197404122197787579e+00
4.420000000000007034e+00 -3.215581624849044751e+00
4.430000000000007709e+00 -3.233863630553636792e+00
4.440000000000008384e+00 -3.252250714873227810e+00
4.450000000000009059e+00 -3.270743454966355213e+00
4.460000000000009734e+00 -3.289342429680980118e+00
4.470000000000010409e+00 -3.308048219648291433e+00
4.480000000000011084e+00 -3.326861407377654789e+00
4.490000000000011759e+00 -3.345782577352585108e+00
4.500000000000012434e+00 -3.364812316127636649e+00
4.510000000000013110e+00 -3.383951212426085764e+00
4.520000000000013785e+00 -3.403199857238293546e+00
4.530000000000014460e+00 -3.422558843920630256e+00
4.540000000000015135e+00 -3.442028768294839836e+00
4.550000000000015810e+00 -3.461610228747727724e+00
4.560000000000016485e+00 -3.481303826331051177e+00
4.570000000000017160e+00 -3.501110164861492180e+00
4.580000000000017835e+00 -3.521029851020592627e+00
4.590000000000018510e+00 -3.541063494454531835e+00
4.600000000000019185e+00 -3.561211707873626953e+00
4.610000000000019860e+00 -3.581475107151436799e+00
4.620000000000020535e+00 -3.601854311423346999e+00
4.630000000000021210e+00 -3.622349943184524079e+00
4.640000000000021885e+00 -3.642962628387114599e+00
4.650000000000022560e+00 -3.663692996536575208e+00
4.660000000000023235e+00 -3.684541680787020823e+00
4.670000000000023910e+00 -3.705509318035468791e+00
4.680000000000024585e+00 -3.726596549014874249e+00
4.690000000000025260e+00 -3.747804018385838987e+00
4.700000000000025935e+00 -3.769132374826886345e+00
4.710000000000026610e+00 -3.790582271123192903e+00
4.720000000000027285e+00 -3.812154364253669936e+00
4.730000000000027960e+00 -3.833849315476291153e+00
4.740000000000028635e+00 -3.855667790411562379e+00
4.750000000000029310e+00 -3.877610459124036346e+00
4.760000000000029985e+00 -3.899677996201769137e+00
4.770000000000030660e+00 -3.921871080833628120e+00
4.780000000000031335e+00 -3.944190396884356797e+00
4.790000000000032010e+00 -3.966636632967303289e+00
4.800000000000032685e+00 -3.989210482514730760e+00
4.810000000000033360e+00 -4.011912643845620075e+00
4.820000000000034035e+00 -4.034743820230885625e+00
4.830000000000034710e+00 -4.057704719955926187e+00
4.840000000000035385e+00 -4.080796056380437520e+00
4.850000000000036060e+00 -4.104018547995405441e+00
4.860000000000036735e+00 -4.127372918477227870e+00
4.870000000000037410e+00 -4.150859896738881005e+00
4.880000000000038085e+00 -4.174480216978085245e+00
4.890000000000038760e+00 -4.198234618722402445e+00
4.900000000000039435e+00 -4.222123846871213892e+00
4.910000000000040110e+00 -4.246148651734528379e+00
4.920000000000040785e+00 -4.270309789068575057e+00
4.930000000000041460e+00 -4.294608020108135804e+00
4.940000000000042135e+00 -4.319044111595577107e+00
4.950000000000042810e+00 -4.343618835806553058e+00
4.960000000000043485e+00 -4.368332970572342155e+00
4.970000000000044160e+00 -4.393187299298793036e+00
4.980000000000044835e+00 -4.418182610981856051e+00
4.990000000000021529e+00 -4.443319700219628743e+00
5.000000000000000000e+00 -4.468599367221174568e+00
