-1.000010000000000066e+00 2.000000000000001332e+00
-1.000000000000000000e+00 2.000000000000000888e+00
-9.899999999999999911e-01 2.000000000000000444e+00
-9.799999999999999822e-01 1.999999999999999778e+00
-9.699999999999999734e-01 2.000000000000000000e+00
-9.599999999999999645e-01 1.999999999999999778e+00
-9.499999999999999556e-01 2.000000000000000000e+00
-9.399999999999999467e-01 2.000000000000000000e+00
-9.299999999999999378e-01 2.000000000000000000e+00
-9.200000000000000400e-01 1.999999999999999778e+00
-9.100000000000000311e-01 2.000000000000000444e+00
-9.000000000000000222e-01 1.999999999999999778e+00
-8.900000000000000133e-01 2.000000000000000444e+00
-8.800000000000000044e-01 2.000000000000000444e+00
-8.699999999999999956e-01 1.999999999999999556e+00
-8.599999999999999867e-01 1.999999999999999334e+00
-8.499999999999999778e-01 2.000000000000000888e+00
-8.399999999999999689e-01 2.000000000000000444e+00
-8.299999999999999600e-01 2.000000000000000444e+00
-8.200000000000000622e-01 2.000000000000000444e+00
-8.100000000000000533e-01 2.000000000000000000e+00
-8.000000000000000444e-01 2.000000000000000000e+00
-7.900000000000000355e-01 1.999999999999999778e+00
-7.800000000000000266e-01 1.999999999999999556e+00
-7.700000000000000178e-01 2.000000000000000000e+00
-7.600000000000000089e-01 1.999999999999999778e+00
-7.500000000000000000e-01 1.999999999999999556e+00
-7.399999999999999911e-01 2.000000000000000000e+00
-7.299999999999999822e-01 1.999999999999999778e+00
-7.199999999999999734e-01 1.999999999999999556e+00
-7.099999999999999645e-01 2.000000000000000000e+00
-6.999999999999999556e-01 1.999999999999999778e+00
-6.899999999999999467e-01 1.999999999999999556e+00
-6.799999999999999378e-01 2.000000000000000000e+00
-6.699999999999999289e-01 1.999999999999999778e+00
-6.599999999999999201e-01 1.999999999999999778e+00
-6.499999999999999112e-01 2.000000000000000444e+00
-6.400000000000000133e-01 2.000000000000000444e+00
-6.300000000000000044e-01 2.000000000000000000e+00
-6.199999999999999956e-01 2.000000000000000000e+00
-6.099999999999999867e-01 1.999999999999999778e+00
-5.999999999999999778e-01 1.999999999999999778e+00
-5.899999999999999689e-01 2.000000000000000444e+00
-5.800000000000000711e-01 2.000000000000000444e+00
-5.700000000000000622e-01 2.000000000000000000e+00
-5.600000000000000533e-01 2.000000000000000000e+00
-5.500000000000000444e-01 2.000000000000000000e+00
-5.400000000000000355e-01 1.999999999999999778e+00
-5.300000000000000266e-01 1.999999999999999556e+00
-5.200000000000000178e-01 2.000000000000000000e+00
-5.100000000000000089e-01 1.999999999999999778e+00
-5.000000000000000000e-01 1.999999999999999556e+00
-4.899999999999999911e-01 2.000000000000000000e+00
-4.799999999999999822e-01 1.999999999999999778e+00
-4.699999999999999734e-01 1.999999999999999556e+00
-4.599999999999999645e-01 2.000000000000000000e+00
-4.499999999999999556e-01 1.999999999999999778e+00
-4.399999999999999467e-01 1.999999999999999778e+00
-4.299999999999999378e-01 2.000000000000000444e+00
-4.200000000000000400e-01 2.000000000000000444e+00
-4.100000000000000311e-01 2.000000000000000000e+00
-4.000000000000000222e-01 2.000000000000000000e+00
-3.900000000000000133e-01 2.000000000000000000e+00
-3.800000000000000044e-01 1.999999999999999778e+00
-3.699999999999999956e-01 1.999999999999999556e+00
-3.599999999999999867e-01 2.000000000000000000e+00
-3.499999999999999778e-01 1.999999999999999778e+00
-3.399999999999999689e-01 1.999999999999999556e+00
-3.299999999999999600e-01 2.000000000000000000e+00
-3.199999999999999512e-01 1.999999999999999778e+00
-3.099999999999999423e-01 1.999999999999999778e+00
-2.999999999999999334e-01 2.000000000000000444e+00
-2.900000000000000355e-01 2.000000000000000444e+00
-2.800000000000000266e-01 2.000000000000000000e+00
-2.700000000000000178e-01 2.000000000000000000e+00
-2.600000000000000089e-01 2.000000000000000000e+00
-2.500000000000000000e-01 1.999999999999999778e+00
-2.399999999999999911e-01 1.999999999999999556e+00
-2.299999999999999822e-01 2.000000000000000000e+00
-2.199999999999999734e-01 1.999999999999999778e+00
-2.099999999999999645e-01 1.999999999999999556e+00
-1.999999999999999556e-01 2.000000000000000000e+00
-1.899999999999999467e-01 1.999999999999999778e+00
-1.799999999999999378e-01 1.999999999999999778e+00
-1.699999999999999289e-01 2.000000000000000444e+00
-1.600000000000000311e-01 2.000000000000000444e+00
-1.500000000000000222e-01 2.000000000000000000e+00
-1.400000000000000133e-01 2.000000000000000000e+00
-1.300000000000000044e-01 1.999999999999999778e+00
-1.199999999999999956e-01 1.999999999999999556e+00
-1.099999999999999867e-01 2.000000000000000000e+00
-9.999999999999997780e-02 1.999999999999999778e+00
-8.999999999999996891e-02 1.999999999999999556e+00
-7.999999999999996003e-02 2.000000000000000000e+00
-6.999999999999995115e-02 1.999999999999999778e+00
-5.999999999999994227e-02 1.999999999999999778e+00
-4.999999999999993339e-02 2.000000000000000444e+00
-4.000000000000003553e-02 2.000000000000000444e+00
-3.000000000000002665e-02 2.000000000000000000e+00
-2.000000000000001776e-02 2.000000000000000000e+00
-1.000000000000000888e-02 2.000000000000000000e+00
0.000000000000000000e+00 2.000000000000000000e+00
9.999999999999999547e-07 2.000001999999999835e+00
1.000100000000000121e-02 2.020001999999999853e+00
2.000099999999999795e-02 2.040001999999999871e+00
3.000099999999999642e-02 2.060001999999999889e+00
4.000100000000000183e-02 2.080001999999999907e+00
5.000100000000000378e-02 2.100001999999999924e+00
6.000100000000000572e-02 2.120001999999999942e+00
7.000100000000000766e-02 2.140001999999999960e+00
8.000100000000001654e-02 2.160001999999999978e+00
9.000100000000002542e-02 2.180001999999999995e+00
1.000010000000000343e-01 2.200002000000000013e+00
1.100010000000000432e-01 2.220002000000000031e+00
1.200010000000000521e-01 2.240002000000000049e+00
1.300010000000000610e-01 2.260002000000000066e+00
1.400010000000000698e-01 2.280002000000000084e+00
1.500010000000000787e-01 2.300002000000000102e+00
1.600010000000000876e-01 2.320002000000000120e+00
1.700010000000000965e-01 2.340002000000000137e+00
1.800010000000001054e-01 2.360002000000000155e+00
1.900010000000001142e-01 2.380002000000000173e+00
2.000010000000001231e-01 2.400002000000000191e+00
2.100010000000001320e-01 2.420002000000000209e+00
2.200010000000001409e-01 2.440002000000000226e+00
2.300010000000001498e-01 2.460002000000000244e+00
2.400010000000001587e-01 2.480002000000000262e+00
2.500010000000001398e-01 2.500002000000000280e+00
2.600010000000001487e-01 2.520002000000000297e+00
2.700010000000001575e-01 2.540002000000000315e+00
2.800010000000001664e-01 2.560002000000000333e+00
2.900010000000001753e-01 2.580002000000000351e+00
3.000010000000001842e-01 2.600002000000000368e+00
3.100010000000001931e-01 2.620002000000000386e+00
3.200010000000002020e-01 2.640002000000000404e+00
3.300010000000002108e-01 2.660002000000000422e+00
3.400010000000002197e-01 2.680002000000000439e+00
3.500010000000002286e-01 2.700002000000000457e+00
3.600010000000002375e-01 2.720002000000000475e+00
3.700010000000002464e-01 2.740002000000000493e+00
3.800010000000002552e-01 2.760002000000000510e+00
3.900010000000002641e-01 2.780002000000000528e+00
4.000010000000002730e-01 2.800002000000000546e+00
4.100010000000002819e-01 2.820002000000000564e+00
4.200010000000002908e-01 2.840002000000000582e+00
4.300010000000002997e-01 2.860002000000000599e+00
4.400010000000003085e-01 2.880002000000000617e+00
4.500010000000003174e-01 2.900002000000000635e+00
4.600010000000003263e-01 2.920002000000000653e+00
4.700010000000003352e-01 2.940002000000000670e+00
4.800010000000003441e-01 2.960002000000000688e+00
4.900010000000003529e-01 2.980002000000000706e+00
5.000010000000003618e-01 3.000002000000000724e+00
5.100010000000002597e-01 3.020002000000000741e+00
5.200010000000001575e-01 3.040002000000000759e+00
5.300010000000000554e-01 3.060002000000000777e+00
5.400009999999999533e-01 3.080002000000000795e+00
5.500009999999998511e-01 3.100002000000000812e+00
5.600009999999997490e-01 3.120002000000000830e+00
5.700009999999996468e-01 3.140002000000000848e+00
5.800009999999995447e-01 3.160002000000000866e+00
5.900009999999994426e-01 3.180002000000000884e+00
6.000009999999993404e-01 3.200002000000000901e+00
6.100009999999992383e-01 3.220002000000000919e+00
6.200009999999991361e-01 3.240002000000000937e+00
6.300009999999990340e-01 3.260002000000000955e+00
6.400009999999989319e-01 3.280002000000000972e+00
6.500009999999988297e-01 3.300002000000000990e+00
6.600009999999987276e-01 3.320002000000001008e+00
6.700009999999986254e-01 3.340002000000001026e+00
6.800009999999985233e-01 3.360002000000001043e+00
6.900009999999984212e-01 3.380002000000001061e+00
7.000009999999983190e-01 3.400002000000001079e+00
7.100009999999982169e-01 3.420002000000001097e+00
7.200009999999981147e-01 3.440002000000001114e+00
7.300009999999980126e-01 3.460002000000001132e+00
7.400009999999979105e-01 3.480002000000001150e+00
7.500009999999978083e-01 3.500002000000001168e+00
7.600009999999977062e-01 3.520002000000001185e+00
7.700009999999976040e-01 3.540002000000001203e+00
7.800009999999975019e-01 3.560002000000001221e+00
7.900009999999973997e-01 3.580002000000001239e+00
8.000009999999972976e-01 3.600002000000001257e+00
8.100009999999971955e-01 3.620002000000001274e+00
8.200009999999970933e-01 3.640002000000001292e+00
8.300009999999969912e-01 3.660002000000001310e+00
8.400009999999968890e-01 3.680002000000001328e+00
8.500009999999967869e-01 3.700002000000001345e+00
8.600009999999966848e-01 3.720002000000001363e+00
8.700009999999965826e-01 3.740002000000001381e+00
8.800009999999964805e-01 3.760002000000001399e+00
8.900009999999963783e-01 3.780002000000001416e+00
9.000009999999962762e-01 3.800002000000001434e+00
9.100009999999961741e-01 3.820002000000001452e+00
9.200009999999960719e-01 3.840002000000001470e+00
9.300009999999959698e-01 3.860002000000001487e+00
9.400009999999958676e-01 3.880002000000001505e+00
9.500009999999957655e-01 3.900002000000001523e+00
9.600009999999956634e-01 3.920002000000001541e+00
9.700009999999955612e-01 3.940002000000001559e+00
9.800009999999954591e-01 3.960002000000001576e+00
9.900004999999978406e-01 3.980001000000005895e+00
1.000000000000000000e+00 4.000000000000010658e+00
1.009999999999999787e+00 4.020100000000010887e+00
1.019999999999999574e+00 4.040400000000010650e+00
1.029999999999999361e+00 4.060900000000010834e+00
1.039999999999999147e+00 4.081600000000010553e+00
1.049999999999998934e+00 4.102500000000010694e+00
1.059999999999998721e+00 4.123600000000010368e+00
1.069999999999998508e+00 4.144900000000010465e+00
1.079999999999998295e+00 4.166400000000010095e+00
1.089999999999998082e+00 4.188100000000010148e+00
1.099999999999997868e+00 4.210000000000009734e+00
1.109999999999997655e+00 4.232100000000009743e+00
1.119999999999997442e+00 4.254400000000009285e+00
1.129999999999997229e+00 4.276900000000009250e+00
1.139999999999997016e+00 4.299600000000008748e+00
1.149999999999996803e+00 4.322500000000008669e+00
1.159999999999996589e+00 4.345600000000009011e+00
1.169999999999996376e+00 4.368900000000008887e+00
1.179999999999996163e+00 4.392400000000009186e+00
1.189999999999995950e+00 4.416100000000009018e+00
1.199999999999995737e+00 4.440000000000009273e+00
1.209999999999995524e+00 4.464100000000009061e+00
1.219999999999995310e+00 4.488400000000009271e+00
1.229999999999995097e+00 4.512900000000009015e+00
1.239999999999994884e+00 4.537600000000009182e+00
1.249999999999994671e+00 4.562500000000008882e+00
1.259999999999994458e+00 4.587600000000009004e+00
1.269999999999994245e+00 4.612900000000008660e+00
1.279999999999994031e+00 4.638400000000008738e+00
1.289999999999993818e+00 4.664100000000008350e+00
1.299999999999993605e+00 4.690000000000008384e+00
1.309999999999993392e+00 4.716100000000007952e+00
1.319999999999993179e+00 4.742400000000007942e+00
1.329999999999992966e+00 4.768900000000007466e+00
1.339999999999992752e+00 4.795600000000007412e+00
1.349999999999992539e+00 4.822500000000006892e+00
1.359999999999992326e+00 4.849600000000006794e+00
1.369999999999992113e+00 4.876900000000006230e+00
1.379999999999991900e+00 4.904400000000006088e+00
1.389999999999991687e+00 4.932100000000005480e+00
1.399999999999991473e+00 4.960000000000005294e+00
1.409999999999991260e+00 4.988100000000005529e+00
1.419999999999991047e+00 5.016400000000005299e+00
1.429999999999990834e+00 5.044900000000005491e+00
1.439999999999990621e+00 5.073600000000005217e+00
1.449999999999990408e+00 5.102500000000005365e+00
1.459999999999990195e+00 5.131600000000005046e+00
1.469999999999989981e+00 5.160900000000005150e+00
1.479999999999989768e+00 5.190400000000004788e+00
1.489999999999989555e+00 5.220100000000004847e+00
1.499999999999989342e+00 5.250000000000004441e+00
1.509999999999989129e+00 5.280100000000004457e+00
1.519999999999988916e+00 5.310400000000004006e+00
1.529999999999988702e+00 5.340900000000003978e+00
1.539999999999988489e+00 5.371600000000003483e+00
1.549999999999988276e+00 5.402500000000003411e+00
1.559999999999988063e+00 5.433600000000002872e+00
1.569999999999987850e+00 5.464900000000002755e+00
1.579999999999987637e+00 5.496400000000002173e+00
1.589999999999987423e+00 5.528100000000002012e+00
1.599999999999987210e+00 5.560000000000001386e+00
1.609999999999986997e+00 5.592100000000001181e+00
1.619999999999986784e+00 5.624400000000000510e+00
1.629999999999986571e+00 5.656900000000000261e+00
1.639999999999986358e+00 5.689600000000000435e+00
1.649999999999986144e+00 5.722500000000000142e+00
1.659999999999985931e+00 5.755600000000000271e+00
1.669999999999985718e+00 5.788899999999999935e+00
1.679999999999985505e+00 5.822400000000000020e+00
1.689999999999985292e+00 5.856099999999999639e+00
1.699999999999985079e+00 5.889999999999999680e+00
1.709999999999984865e+00 5.924099999999999255e+00
1.719999999999984652e+00 5.958399999999999253e+00
1.729999999999984439e+00 5.992899999999998784e+00
1.739999999999984226e+00 6.027599999999998737e+00
1.749999999999984013e+00 6.062499999999998224e+00
1.759999999999983800e+00 6.097599999999998133e+00
1.769999999999983586e+00 6.132899999999997576e+00
1.779999999999983373e+00 6.168399999999997441e+00
1.789999999999983160e+00 6.204099999999996840e+00
1.799999999999982947e+00 6.239999999999996660e+00
1.809999999999982734e+00 6.276099999999996015e+00
1.819999999999982521e+00 6.312399999999995792e+00
1.829999999999982307e+00 6.348899999999995103e+00
1.839999999999982094e+00 6.385599999999994836e+00
1.849999999999981881e+00 6.422499999999994991e+00
1.859999999999981668e+00 6.459599999999994679e+00
1.869999999999981455e+00 6.496899999999994790e+00
1.879999999999981242e+00 6.534399999999994435e+00
1.889999999999981029e+00 6.572099999999994502e+00
1.899999999999980815e+00 6.609999999999994102e+00
1.909999999999980602e+00 6.648099999999994125e+00
1.919999999999980389e+00 6.686399999999993682e+00
1.929999999999980176e+00 6.724899999999993661e+00
1.939999999999979963e+00 6.763599999999993173e+00
1.949999999999979750e+00 6.802499999999993108e+00
1.959999999999979536e+00 6.841599999999992576e+00
1.969999999999979323e+00 6.880899999999992467e+00
1.979999999999979110e+00 6.920399999999991891e+00
1.989999999999978897e+00 6.960099999999991738e+00
1.994999999999989448e+00 6.980025000000034119e+00
2.000000000000000000e+00 7.000000000000076383e+00
2.009999999999999787e+00 7.040100333333409566e+00
2.019999999999999574e+00 7.080402666666742562e+00
2.029999999999999361e+00 7.120909000000075650e+00
2.039999999999999147e+00 7.161621333333409112e+00
2.049999999999998934e+00 7.202541666666742337e+00
2.059999999999998721e+00 7.243672000000075606e+00
2.069999999999998508e+00 7.285014333333409198e+00
2.079999999999998295e+00 7.326570666666742504e+00
2.089999999999998082e+00 7.368343000000075804e+00
2.099999999999997868e+00 7.410333333333409378e+00
2.109999999999997655e+00 7.452543666666742617e+00
2.119999999999997442e+00 7.494976000000075800e+00
2.129999999999997229e+00 7.537632333333409207e+00
2.139999999999997016e+00 7.580514666666742229e+00
2.149999999999996803e+00 7.623625000000076035e+00
2.159999999999996589e+00 7.666965333333409127e+00
2.169999999999996376e+00 7.710537666666742673e+00
2.179999999999996163e+00 7.754344000000076065e+00
2.189999999999995950e+00 7.798386333333409581e+00
2.199999999999995737e+00 7.842666666666742614e+00
2.209999999999995524e+00 7.887187000000076331e+00
2.219999999999995310e+00 7.931949333333410124e+00
2.229999999999995097e+00 7.976955666666743383e+00
2.239999999999994884e+00 8.022208000000077277e+00
2.249999999999994671e+00 8.067708333333410309e+00
2.259999999999994458e+00 8.113458666666744534e+00
2.269999999999994245e+00 8.159461000000078457e+00
2.279999999999994031e+00 8.205717333333412356e+00
2.289999999999993818e+00 8.252229666666746510e+00
2.299999999999993605e+00 8.299000000000079424e+00
2.309999999999993392e+00 8.346030333333413154e+00
2.319999999999993179e+00 8.393322666666746201e+00
2.329999999999992966e+00 8.440879000000078847e+00
2.339999999999992752e+00 8.488701333333411370e+00
2.349999999999992539e+00 8.536791666666744050e+00
2.359999999999992326e+00 8.585152000000077166e+00
2.369999999999992113e+00 8.633784333333410999e+00
2.379999999999991900e+00 8.682690666666744050e+00
2.389999999999991687e+00 8.731873000000076601e+00
2.399999999999991473e+00 8.781333333333410707e+00
2.409999999999991260e+00 8.831073666666744870e+00
2.419999999999991047e+00 8.881096000000077595e+00
2.429999999999990834e+00 8.931402333333410937e+00
2.439999999999990621e+00 8.981994666666745175e+00
2.449999999999990408e+00 9.032875000000078813e+00
2.459999999999990195e+00 9.084045333333412131e+00
2.469999999999989981e+00 9.135507666666745408e+00
2.479999999999989768e+00 9.187264000000078923e+00
2.489999999999989555e+00 9.239316333333412956e+00
2.499999999999989342e+00 9.291666666666746011e+00
2.509999999999989129e+00 9.344317000000080142e+00
2.519999999999988916e+00 9.397269333333413854e+00
2.529999999999988702e+00 9.450525666666747426e+00
2.539999999999988489e+00 9.504088000000081138e+00
2.549999999999988276e+00 9.557958333333415268e+00
2.559999999999988063e+00 9.612138666666748321e+00
2.569999999999987850e+00 9.666631000000082352e+00
2.579999999999987637e+00 9.721437333333415864e+00
2.589999999999987423e+00 9.776559666666749138e+00
2.599999999999987210e+00 9.832000000000082451e+00
2.609999999999986997e+00 9.887760333333416085e+00
2.619999999999986784e+00 9.943842666666748542e+00
2.629999999999986571e+00 1.000024900000008188e+01
2.639999999999986358e+00 1.005698133333341460e+01
2.649999999999986144e+00 1.011404166666674875e+01
2.659999999999985931e+00 1.017143200000008285e+01
2.669999999999985718e+00 1.022915433333341539e+01
2.679999999999985505e+00 1.028721066666674844e+01
2.689999999999985292e+00 1.034560300000008226e+01
2.699999999999985079e+00 1.040433333333341537e+01
2.709999999999984865e+00 1.046340366666674804e+01
2.719999999999984652e+00 1.052281600000008055e+01
2.729999999999984439e+00 1.058257233333341318e+01
2.739999999999984226e+00 1.064267466666674622e+01
2.749999999999984013e+00 1.070312500000007994e+01
2.759999999999983800e+00 1.076392533333341284e+01
2.769999999999983586e+00 1.082507766666674698e+01
2.779999999999983373e+00 1.088658400000008086e+01
2.789999999999983160e+00 1.094844633333341477e+01
2.799999999999982947e+00 1.101066666666674720e+01
2.809999999999982734e+00 1.107324700000008022e+01
2.819999999999982521e+00 1.113618933333341410e+01
2.829999999999982307e+00 1.119949566666674734e+01
2.839999999999982094e+00 1.126316800000008023e+01
2.849999999999981881e+00 1.132720833333341304e+01
2.859999999999981668e+00 1.139161866666674605e+01
2.869999999999981455e+00 1.145640100000007955e+01
2.879999999999981242e+00 1.152155733333341203e+01
2.889999999999981029e+00 1.158708966666674556e+01
2.899999999999980815e+00 1.165300000000007863e+01
2.909999999999980602e+00 1.171929033333341152e+01
2.919999999999980389e+00 1.178596266666674452e+01
2.929999999999980176e+00 1.185301900000007791e+01
2.939999999999979963e+00 1.192046133333341196e+01
2.949999999999979750e+00 1.198829166666674517e+01
2.959999999999979536e+00 1.205651200000007783e+01
2.969999999999979323e+00 1.212512433333341022e+01
2.979999999999979110e+00 1.219413066666674261e+01
2.989999999999978897e+00 1.226353300000007529e+01
2.994999999999989448e+00 1.229838329166681632e+01
3.000000000000000000e+00 1.233333333333355775e+01
3.009999999999999787e+00 1.240353366743078034e+01
3.019999999999999574e+00 1.247413601319466991e+01
3.029999999999999361e+00 1.254514240062522568e+01
3.039999999999999147e+00 1.261655487972244849e+01
3.049999999999998934e+00 1.268837552048633732e+01
3.059999999999998721e+00 1.276060641291689279e+01
3.069999999999998508e+00 1.283324966701411540e+01
3.079999999999998295e+00 1.290630741277800553e+01
3.089999999999998082e+00 1.297978180020856165e+01
3.099999999999997868e+00 1.305367499930578390e+01
3.109999999999997655e+00 1.312798920006967407e+01
3.119999999999997442e+00 1.320272661250023027e+01
3.129999999999997229e+00 1.327788946659745406e+01
3.139999999999997016e+00 1.335348001236134330e+01
3.149999999999996803e+00 1.342950051979189929e+01
3.159999999999996589e+00 1.350595327888912145e+01
3.169999999999996376e+00 1.358284059965301083e+01
3.179999999999996163e+00 1.366016481208356659e+01
3.189999999999995950e+00 1.373792826618078955e+01
3.199999999999995737e+00 1.381613333194467863e+01
3.209999999999995524e+00 1.389478239937523441e+01
3.219999999999995310e+00 1.397387787847245733e+01
3.229999999999995097e+00 1.405342219923634772e+01
3.239999999999994884e+00 1.413341781166690403e+01
3.249999999999994671e+00 1.421386718576412633e+01
3.259999999999994458e+00 1.429477281152801638e+01
3.269999999999994245e+00 1.437613719895857223e+01
3.279999999999994031e+00 1.445796287805579539e+01
3.289999999999993818e+00 1.454025239881968545e+01
3.299999999999993605e+00 1.462300833125024191e+01
3.309999999999993392e+00 1.470623326534746411e+01
3.319999999999993179e+00 1.478992981111135308e+01
3.329999999999992966e+00 1.487410059854190969e+01
3.339999999999992752e+00 1.495874827763913295e+01
3.349999999999992539e+00 1.504387551840302351e+01
3.359999999999992326e+00 1.512948501083358011e+01
3.369999999999992113e+00 1.521557946493080316e+01
3.379999999999991900e+00 1.530216161069469294e+01
3.389999999999991687e+00 1.538923419812524962e+01
3.399999999999991473e+00 1.547679999722247324e+01
3.409999999999991260e+00 1.556486179798636371e+01
3.419999999999991047e+00 1.565342241041692084e+01
3.429999999999990834e+00 1.574248466451414430e+01
3.439999999999990621e+00 1.583205141027803364e+01
3.449999999999990408e+00 1.592212551770859008e+01
3.459999999999990195e+00 1.601270987680581470e+01
3.469999999999989981e+00 1.610380739756970314e+01
3.479999999999989768e+00 1.619542101000025980e+01
3.489999999999989555e+00 1.628755366409748362e+01
3.499999999999989342e+00 1.638020832986137165e+01
3.509999999999989129e+00 1.647338799729192971e+01
3.519999999999988916e+00 1.656709567638915104e+01
3.529999999999988702e+00 1.666133439715304121e+01
3.539999999999988489e+00 1.675610720958359678e+01
3.549999999999988276e+00 1.685141718368081953e+01
3.559999999999988063e+00 1.694726740944470933e+01
3.569999999999987850e+00 1.704366099687526415e+01
3.579999999999987637e+00 1.714060107597248717e+01
3.589999999999987423e+00 1.723809079673637612e+01
3.599999999999987210e+00 1.733613332916693395e+01
3.609999999999986997e+00 1.743473186326415814e+01
3.619999999999986784e+00 1.753388960902804783e+01
3.629999999999986571e+00 1.763360979645860382e+01
3.639999999999986358e+00 1.773389567555582857e+01
3.649999999999986144e+00 1.783475051631971908e+01
3.659999999999985931e+00 1.793617760875027400e+01
3.669999999999985718e+00 1.803818026284749720e+01
3.679999999999985505e+00 1.814076180861138710e+01
3.689999999999985292e+00 1.824392559604194375e+01
3.699999999999985079e+00 1.834767499513916533e+01
3.709999999999984865e+00 1.845201339590305523e+01
3.719999999999984652e+00 1.855694420833361136e+01
3.729999999999984439e+00 1.866247086243083331e+01
3.739999999999984226e+00 1.876859680819472231e+01
3.749999999999984013e+00 1.887532551562527772e+01
3.759999999999983800e+00 1.898266047472250051e+01
3.769999999999983586e+00 1.909060519548638979e+01
3.779999999999983373e+00 1.919916320791694631e+01
3.789999999999983160e+00 1.930833806201416891e+01
3.799999999999982947e+00 1.941813332777805812e+01
3.809999999999982734e+00 1.952855259520861608e+01
3.819999999999982521e+00 1.963959947430583952e+01
3.829999999999982307e+00 1.975127759506973035e+01
3.839999999999982094e+00 1.986359060750028505e+01
3.849999999999981881e+00 1.997654218159750883e+01
3.859999999999981668e+00 2.009013600736139793e+01
3.869999999999981455e+00 2.020437579479195378e+01
3.879999999999981242e+00 2.031926527388917592e+01
3.889999999999981029e+00 2.043480819465306553e+01
3.899999999999980815e+00 2.055100832708362191e+01
3.909999999999980602e+00 2.066786946118084600e+01
3.919999999999980389e+00 2.078539540694473686e+01
3.929999999999980176e+00 2.090358999437529164e+01
3.939999999999979963e+00 2.102245707347251624e+01
3.949999999999979750e+00 2.114200051423640758e+01
3.959999999999979536e+00 2.126222420666696422e+01
3.969999999999979323e+00 2.138313206076418638e+01
3.979999999999979110e+00 2.150472800652807592e+01
3.989999999999978897e+00 2.162701599395863283e+01
3.999999999999978684e+00 2.174999999305585519e+01
4.009999999999979359e+00 2.187368399382041062e+01
4.019999999999980034e+00 2.199807200630024440e+01
4.029999999999980709e+00 2.212316806074535691e+01
4.039999999999981384e+00 2.224897620780574670e+01
4.049999999999982059e+00 2.237550051873141399e+01
4.059999999999982734e+00 2.250274508557235720e+01
4.069999999999983409e+00 2.263071402137858001e+01
4.079999999999984084e+00 2.275941146040008078e+01
4.089999999999984759e+00 2.288884155828685962e+01
4.099999999999985434e+00 2.301900849228891488e+01
4.109999999999986109e+00 2.314991646145624671e+01
4.119999999999986784e+00 2.328156968683885708e+01
4.129999999999987459e+00 2.341397241168674626e+01
4.139999999999988134e+00 2.354712890164991279e+01
4.149999999999988809e+00 2.368104344497835712e+01
4.159999999999989484e+00 2.381572035272208154e+01
4.169999999999990159e+00 2.395116395893108319e+01
4.179999999999990834e+00 2.408737862085536108e+01
4.189999999999991509e+00 2.422436871914491618e+01
4.199999999999992184e+00 2.436213865804975143e+01
4.209999999999992859e+00 2.450069286561986459e+01
4.219999999999993534e+00 2.464003579390525545e+01
4.229999999999994209e+00 2.478017191915592221e+01
4.239999999999994884e+00 2.492110574202186868e+01
4.249999999999995559e+00 2.506284178775309357e+01
4.259999999999996234e+00 2.520538460639959411e+01
4.269999999999996909e+00 2.534873877301137313e+01
4.279999999999997584e+00 2.549290888783842846e+01
4.289999999999998259e+00 2.563789957653076357e+01
4.299999999999998934e+00 2.578371549033837695e+01
4.309999999999999609e+00 2.593036130631126923e+01
4.320000000000000284e+00 2.607784172749943608e+01
4.330000000000000959e+00 2.622616148315288243e+01
4.340000000000001634e+00 2.637532532892160830e+01
4.350000000000002309e+00 2.652533804705560883e+01
4.360000000000002984e+00 2.667620444660488843e+01
4.370000000000003659e+00 2.682792936361944669e+01
4.380000000000004334e+00 2.698051766134928187e+01
4.390000000000005009e+00 2.713397423044439449e+01
4.400000000000005684e+00 2.728830398915478739e+01
4.410000000000006359e+00 2.744351188353045501e+01
4.420000000000007034e+00 2.759960288762140124e+01
4.430000000000007709e+00 2.775658200367762518e+01
4.440000000000008384e+00 2.791445426234912830e+01
4.450000000000009059e+00 2.807322472288591086e+01
4.460000000000009734e+00 2.823289847333796843e+01
4.470000000000010409e+00 2.839348063075530604e+01
4.480000000000011084e+00 2.855497634138792051e+01
4.490000000000011759e+00 2.871739078088581110e+01
4.500000000000012434e+00 2.888072915449898304e+01
4.510000000000013110e+00 2.904499669727742983e+01
4.520000000000013785e+00 2.921019867427115457e+01
4.530000000000014460e+00 2.937634038073015930e+01
4.540000000000015135e+00 2.954342714230444145e+01
4.550000000000015810e+00 2.971146431524400100e+01
4.560000000000016485e+00 2.988045728659883693e+01
4.570000000000017160e+00 3.005041147441895077e+01
4.580000000000017835e+00 3.022133232795434310e+01
4.590000000000018510e+00 3.039322532785501352e+01
4.600000000000019185e+00 3.056609598637096425e+01
4.610000000000019860e+00 3.073994984755218951e+01
4.620000000000020535e+00 3.091479248744869324e+01
4.630000000000021210e+00 3.109062951431047495e+01
4.640000000000021885e+00 3.126746656878753683e+01
4.650000000000022560e+00 3.144530932412987667e+01
4.660000000000023235e+00 3.162416348638749142e+01
4.670000000000023910e+00 3.180403479461038430e+01
4.680000000000024585e+00 3.198492902104855773e+01
4.690000000000025260e+00 3.216685197135200980e+01
4.700000000000025935e+00 3.234980948477073781e+01
4.710000000000026610e+00 3.253380743435474187e+01
4.720000000000027285e+00 3.271885172715402490e+01
4.730000000000027960e+00 3.290494830441858909e+01
4.740000000000028635e+00 3.309210314179842527e+01
4.750000000000029310e+00 3.328032224954354490e+01
4.760000000000029985e+00 3.346961167270394100e+01
4.770000000000030660e+00 3.365997749132961303e+01
4.780000000000031335e+00 3.385142582067056338e+01
4.790000000000032010e+00 3.404396281137679381e+01
4.800000000000032685e+00 3.423759464969830191e+01
4.810000000000033360e+00 3.443232755768508468e+01
4.820000000000034035e+00 3.462816779338714923e+01
4.830000000000034710e+00 3.482512165105448787e+01
4.840000000000035385e+00 3.502319546133710304e+01
4.850000000000036060e+00 3.522239559148499666e+01
4.860000000000036735e+00 3.542272844554817368e+01
4.870000000000037410e+00 3.562420046457662437e+01
4.880000000000038085e+00 3.582681812682035627e+01
4.890000000000038760e+00 3.603058794792936226e+01
4.900000000000039435e+00 3.623551648115364543e+01
4.910000000000040110e+00 3.644161031754320845e+01
4.920000000000040785e+00 3.664887608614805004e+01
4.930000000000041460e+00 3.685732045421816849e+01
4.940000000000042135e+00 3.706695012740356532e+01
4.950000000000042810e+00 3.727777184995424165e+01
4.960000000000043485e+00 3.748979240492019471e+01
4.970000000000044160e+00 3.770301861435142854e+01
4.980000000000044835e+00 3.791745733949793618e+01
4.990000000000021529e+00 3.813311548100924142e+01
5.000000000000000000e+00 3.834999997913583769e+01
