-1.000010000000000066e+00 9.985308312276670595e-01
-1.000000000000000000e+00 9.985334138511241520e-01
-9.899999999999999911e-01 9.999788760697070344e-01
-9.799999999999999822e-01 9.991528123500168501e-01
-9.699999999999999734e-01 9.960570991568578059e-01
-9.599999999999999645e-01 9.906987686315915642e-01
-9.499999999999999556e-01 9.830899926181096982e-01
-9.399999999999999467e-01 9.732480550135892416e-01
-9.299999999999999378e-01 9.611953125068426473e-01
-9.200000000000000400e-01 9.469591437934474776e-01
-9.100000000000000311e-01 9.305718873830133298e-01
-9.000000000000000222e-01 9.120707681398696476e-01
-8.900000000000000133e-01 8.914978127240326122e-01
-8.800000000000000044e-01 8.688997541245404577e-01
-8.699999999999999956e-01 8.443279255020148533e-01
-8.599999999999999867e-01 8.178381435815909040e-01
-8.499999999999999778e-01 7.894905818611014370e-01
-8.399999999999999689e-01 7.593496339225259684e-01
-8.299999999999999600e-01 7.274837671572126352e-01
-8.200000000000000622e-01 6.939653672371340898e-01
-8.100000000000000533e-01 6.588705736854834072e-01
-8.000000000000000444e-01 6.222791069201203396e-01
-7.900000000000000355e-01 5.842740871627480903e-01
-7.800000000000000266e-01 5.449418456251838849e-01
-7.700000000000000178e-01 5.043717284016322466e-01
-7.600000000000000089e-01 4.626558935124240879e-01
-7.500000000000000000e-01 4.198891015602638777e-01
-7.399999999999999911e-01 3.761685004745138339e-01
-7.299999999999999822e-01 3.315934048324907235e-01
-7.199999999999999734e-01 2.862650702590640028e-01
-7.099999999999999645e-01 2.402864634170157054e-01
-6.999999999999999556e-01 1.937620281106575970e-01
-6.899999999999999467e-01 1.467974480340059062e-01
-6.799999999999999378e-01 9.949940670246076868e-02
-6.699999999999999289e-01 5.197534511331157459e-02
-6.599999999999999201e-01 4.333217685572683144e-03
-6.499999999999999112e-01 -4.331875296646321011e-02
-6.400000000000000133e-01 -9.087232186888953567e-02
-6.300000000000000044e-01 -1.382194675746508117e-01
-6.199999999999999956e-01 -1.852526375422407501e-01
-6.099999999999999867e-01 -2.318649924492519332e-01
-5.999999999999999778e-01 -2.779506488857948487e-01
-5.899999999999999689e-01 -3.234049198764921695e-01
-5.800000000000000711e-01 -3.681245526846782523e-01
-5.700000000000000622e-01 -4.120079633586279932e-01
-5.600000000000000533e-01 -4.549554674870094351e-01
-5.500000000000000444e-01 -4.968695066393922222e-01
-5.400000000000000355e-01 -5.376548699774378326e-01
-5.300000000000000266e-01 -5.772189105333530579e-01
-5.200000000000000178e-01 -6.154717556643293230e-01
-5.100000000000000089e-01 -6.523265112048923786e-01
-5.000000000000000000e-01 -6.876994588534236508e-01
-4.899999999999999911e-01 -7.215102463444704739e-01
-4.799999999999999822e-01 -7.536820699748575381e-01
-4.699999999999999734e-01 -7.841418490689758825e-01
-4.599999999999999645e-01 -8.128203919869394500e-01
-4.499999999999999556e-01 -8.396525532985109619e-01
-4.399999999999999467e-01 -8.645773817657611549e-01
-4.299999999999999378e-01 -8.875382587983133842e-01
-4.200000000000000400e-01 -9.084830270666534036e-01
-4.100000000000000311e-01 -9.273641089813646765e-01
-4.000000000000000222e-01 -9.441386147691334108e-01
-3.900000000000000133e-01 -9.587684399000440116e-01
-3.800000000000000044e-01 -9.712203516448334462e-01
-3.699999999999999956e-01 -9.814660645654922355e-01
-3.599999999999999867e-01 -9.894823047677294703e-01
-3.499999999999999778e-01 -9.952508627693419374e-01
-3.399999999999999689e-01 -9.987586348644011958e-01
-3.299999999999999600e-01 -9.999976528892887684e-01
-3.199999999999999512e-01 -9.989651023229694227e-01
-3.099999999999999423e-01 -9.956633286803833194e-01
-2.999999999999999334e-01 -9.900998321844367567e-01
-2.900000000000000355e-01 -9.822872507286884991e-01
-2.800000000000000266e-01 -9.722433311694450575e-01
-2.700000000000000178e-01 -9.599908890124589922e-01
-2.600000000000000089e-01 -9.455577565858260813e-01
-2.500000000000000000e-01 -9.289767198167914186e-01
-2.399999999999999911e-01 -9.102854437560929934e-01
-2.299999999999999822e-01 -8.895263870190152078e-01
-2.199999999999999734e-01 -8.667467053375046415e-01
-2.099999999999999645e-01 -8.419981444424396999e-01
-1.999999999999999556e-01 -8.153369225193778380e-01
-1.899999999999999467e-01 -7.868236025047899984e-01
-1.799999999999999378e-01 -7.565229545128753230e-01
-1.699999999999999289e-01 -7.245038087054574971e-01
-1.600000000000000311e-01 -6.908388989391847090e-01
-1.500000000000000222e-01 -6.556046975451960135e-01
-1.400000000000000133e-01 -6.188812416165705432e-01
-1.300000000000000044e-01 -5.807519511981524829e-01
-1.199999999999999956e-01 -5.413034397917527718e-01
-1.099999999999999867e-01 -5.006253176071772115e-01
-9.999999999999997780e-02 -4.588099880060105829e-01
-8.999999999999996891e-02 -4.159524376005496737e-01
-7.999999999999996003e-02 -3.721500204846925342e-01
-6.999999999999995115e-02 -3.275022370869171140e-01
-5.999999999999994227e-02 -2.821105081477024434e-01
-4.999999999999993339e-02 -2.360779443348196838e-01
-4.000000000000003553e-02 -1.895091120198281742e-01
-3.000000000000002665e-02 -1.425097957478308197e-01
-2.000000000000001776e-02 -9.518675794006310753e-02
-1.000000000000000888e-02 -4.764749637515883207e-02
0.000000000000000000e+00 0.000000000000000000e+00
9.999999999999999547e-07 9.985335429217020441e-07
1.000100000000000121e-02 9.995454667115436648e-03
2.000099999999999795e-02 1.999300486637395347e-02
3.000099999999999642e-02 2.997094030371253923e-02
4.000100000000000183e-02 3.990659500033566509e-02
5.000100000000000378e-02 4.977739947881817950e-02
6.000100000000000572e-02 5.956093145120126137e-02
7.000100000000000766e-02 6.923496690832518785e-02
8.000100000000001654e-02 7.877753056165678891e-02
9.000100000000002542e-02 8.816694577294251212e-02
1.000010000000000343e-01 9.738188379130409411e-02
1.100010000000000432e-01 1.064014122038742099e-01
1.200010000000000521e-01 1.152050424851049359e-01
1.300010000000000610e-01 1.237727765380256528e-01
1.400010000000000698e-01 1.320851521213832203e-01
1.500010000000000787e-01 1.401232870595657820e-01
1.600010000000000876e-01 1.478689221348594152e-01
1.700010000000000965e-01 1.553044625646112509e-01
1.800010000000001054e-01 1.624130179690788101e-01
1.900010000000001142e-01 1.691784407391762335e-01
2.000010000000001231e-01 1.755853627169619846e-01
2.100010000000001320e-01 1.816192301055456204e-01
2.200010000000001409e-01 1.872663365291133419e-01
2.300010000000001498e-01 1.925138541679738413e-01
2.400010000000001587e-01 1.973498628978990477e-01
2.500010000000001398e-01 2.017633773675674147e-01
2.600010000000001487e-01 2.057443719526015624e-01
2.700010000000001575e-01 2.092838035295151444e-01
2.800010000000001664e-01 2.123736320178363501e-01
2.900010000000001753e-01 2.150068386437450629e-01
3.000010000000001842e-01 2.171774418837364162e-01
3.100010000000001931e-01 2.188805110520936070e-01
3.200010000000002020e-01 2.201121775013049897e-01
3.300010000000002108e-01 2.208696434099829131e-01
3.400010000000002197e-01 2.211511881383217692e-01
3.500010000000002286e-01 2.209561721366585518e-01
3.600010000000002375e-01 2.202850383982571658e-01
3.700010000000002464e-01 2.191393114530165165e-01
3.800010000000002552e-01 2.175215939043881330e-01
3.900010000000002641e-01 2.154355605173699784e-01
4.000010000000002730e-01 2.128859498710061748e-01
4.100010000000002819e-01 2.098785535943544223e-01
4.200010000000002908e-01 2.064202032103723827e-01
4.300010000000002997e-01 2.025187546176084041e-01
4.400010000000003085e-01 1.981830702449471071e-01
4.500010000000003174e-01 1.934229989199470756e-01
4.600010000000003263e-01 1.882493534965010984e-01
4.700010000000003352e-01 1.826738862926390594e-01
4.800010000000003441e-01 1.767092623942689567e-01
4.900010000000003529e-01 1.703690308854978741e-01
5.000010000000003618e-01 1.636675940708859078e-01
5.100010000000002597e-01 1.566201747595467320e-01
5.200010000000001575e-01 1.492427816854113021e-01
5.300010000000000554e-01 1.415521731422053897e-01
5.400009999999999533e-01 1.335658189157465370e-01
5.500009999999998511e-01 1.253018606000341484e-01
5.600009999999997490e-01 1.167790703872776670e-01
5.700009999999996468e-01 1.080168084254742311e-01
5.800009999999995447e-01 9.903497884040138310e-02
5.900009999999994426e-01 8.985398452192400187e-02
6.000009999999993404e-01 8.049468077732169213e-02
6.100009999999992383e-01 7.097832795691666474e-02
6.200009999999991361e-01 6.132654315961631741e-02
6.300009999999990340e-01 5.156125112807508765e-02
6.400009999999989319e-01 4.170463444502076067e-02
6.500009999999988297e-01 3.177908314387802025e-02
6.600009999999987276e-01 2.180714384815237578e-02
6.700009999999986254e-01 1.181146855510816808e-02
6.800009999999985233e-01 1.814763180082274233e-03
6.900009999999984212e-01 -8.160264021681060131e-03
7.000009999999983190e-01 -1.809095403851066278e-02
7.100009999999982169e-01 -2.795474857392846874e-02
7.200009999999981147e-01 -3.772924128948755562e-02
7.300009999999980126e-01 -4.739222870242623675e-02
7.400009999999979105e-01 -5.692176062252052304e-02
7.500009999999978083e-01 -6.629619001356384933e-02
7.600009999999977062e-01 -7.549422216620997605e-02
7.700009999999976040e-01 -8.449496307047948962e-02
7.800009999999975019e-01 -9.327796687804799924e-02
7.900009999999973997e-01 -1.018232823465020087e-01
8.000009999999972976e-01 -1.101114981600608972e-01
8.100009999999971955e-01 -1.181237870238157073e-01
8.200009999999970933e-01 -1.258419484313212655e-01
8.300009999999969912e-01 -1.332484500083919721e-01
8.400009999999968890e-01 -1.403264673391858564e-01
8.500009999999967869e-01 -1.470599221841088766e-01
8.600009999999966848e-01 -1.534335190027246720e-01
8.700009999999965826e-01 -1.594327796987053403e-01
8.800009999999964805e-01 -1.650440765078975691e-01
8.900009999999963783e-01 -1.702546629547962431e-01
9.000009999999962762e-01 -1.750527028071060254e-01
9.100009999999961741e-01 -1.794272969626170555e-01
9.200009999999960719e-01 -1.833685082073249206e-01
9.300009999999959698e-01 -1.868673837885332090e-01
9.400009999999958676e-01 -1.899159757517441538e-01
9.500009999999957655e-01 -1.925073589948342045e-01
9.600009999999956634e-01 -1.946356469996466387e-01
9.700009999999955612e-01 -1.962960052009984635e-01
9.800009999999954591e-01 -1.974846619786583546e-01
9.900004999999978406e-01 -1.981988933666800068e-01
1.000000000000000000e+00 -1.984371484348944892e-01
1.009999999999999787e+00 -1.983871874181224459e-01
1.019999999999999574e+00 -1.982372474436722987e-01
1.029999999999999361e+00 -1.979874111091867728e-01
1.039999999999999147e+00 -1.976379879300571019e-01
1.049999999999998934e+00 -1.971895136416841054e-01
1.059999999999998721e+00 -1.966427489810825269e-01
1.069999999999998508e+00 -1.959986779591946782e-01
1.079999999999998295e+00 -1.952585056255339568e-01
1.089999999999998082e+00 -1.944236553308533733e-01
1.099999999999997868e+00 -1.934957654938916638e-01
1.109999999999997655e+00 -1.924766858795860791e-01
1.119999999999997442e+00 -1.913684733971939278e-01
1.129999999999997229e+00 -1.901733874278714320e-01
1.139999999999997016e+00 -1.888938846923222670e-01
1.149999999999996803e+00 -1.875326136701749025e-01
1.159999999999996589e+00 -1.860924085837654118e-01
1.169999999999996376e+00 -1.845762829599918164e-01
1.179999999999996163e+00 -1.829874227848650725e-01
1.189999999999995950e+00 -1.813291792663062341e-01
1.199999999999995737e+00 -1.796050612216300024e-01
1.209999999999995524e+00 -1.778187271070068021e-01
1.219999999999995310e+00 -1.759739767070090943e-01
1.229999999999995097e+00 -1.740747425031198559e-01
1.239999999999994884e+00 -1.721250807408102601e-01
1.249999999999994671e+00 -1.701291622154781358e-01
1.259999999999994458e+00 -1.680912627981779595e-01
1.269999999999994245e+00 -1.660157537226636670e-01
1.279999999999994031e+00 -1.639070916558080238e-01
1.289999999999993818e+00 -1.617698085739543989e-01
1.299999999999993605e+00 -1.596085014681974668e-01
1.309999999999993392e+00 -1.574278219019781544e-01
1.319999999999993179e+00 -1.552324654447133634e-01
1.329999999999992966e+00 -1.530271610054629861e-01
1.339999999999992752e+00 -1.508166600908633637e-01
1.349999999999992539e+00 -1.486057260117287226e-01
1.359999999999992326e+00 -1.463991230628385876e-01
1.369999999999992113e+00 -1.442016057004899265e-01
1.379999999999991900e+00 -1.420179077423982528e-01
1.389999999999991687e+00 -1.398527316144807520e-01
1.399999999999991473e+00 -1.377107376689481466e-01
1.409999999999991260e+00 -1.355965335979702480e-01
1.419999999999991047e+00 -1.335146639669624602e-01
1.429999999999990834e+00 -1.314695998912695507e-01
1.439999999999990621e+00 -1.294657288796966232e-01
1.449999999999990408e+00 -1.275073448679585053e-01
1.459999999999990195e+00 -1.255986384646873844e-01
1.469999999999989981e+00 -1.237436874321555386e-01
1.479999999999989768e+00 -1.219464474233368095e-01
1.489999999999989555e+00 -1.202107429963485408e-01
1.499999999999989342e+00 -1.185402589266850437e-01
1.509999999999989129e+00 -1.169385318369777216e-01
1.519999999999988916e+00 -1.154089421632952667e-01
1.529999999999988702e+00 -1.139547064762332779e-01
1.539999999999988489e+00 -1.125788701742363729e-01
1.549999999999988276e+00 -1.112843005657504769e-01
1.559999999999988063e+00 -1.100736803559197452e-01
1.569999999999987850e+00 -1.089495015526235205e-01
1.579999999999987637e+00 -1.079140598056961831e-01
1.589999999999987423e+00 -1.069694491921888979e-01
1.599999999999987210e+00 -1.061175574595187576e-01
1.609999999999986997e+00 -1.053600617373109949e-01
1.619999999999986784e+00 -1.046984247276750574e-01
1.629999999999986571e+00 -1.041338913825686358e-01
1.639999999999986358e+00 -1.036674860757972744e-01
1.649999999999986144e+00 -1.033000102760735089e-01
1.659999999999985931e+00 -1.030320407264214838e-01
1.669999999999985718e+00 -1.028639281340625183e-01
1.679999999999985505e+00 -1.027957963737577418e-01
1.689999999999985292e+00 -1.028275422064173911e-01
1.699999999999985079e+00 -1.029588355136160371e-01
1.709999999999984865e+00 -1.031891200474810283e-01
1.719999999999984652e+00 -1.035176146942506231e-01
1.729999999999984439e+00 -1.039433152486316375e-01
1.739999999999984226e+00 -1.044649966949260100e-01
1.749999999999984013e+00 -1.050812159897445280e-01
1.759999999999983800e+00 -1.057903153399865348e-01
1.769999999999983586e+00 -1.065904259686395322e-01
1.779999999999983373e+00 -1.074794723598442997e-01
1.789999999999983160e+00 -1.084551769735826038e-01
1.799999999999982947e+00 -1.095150654192776768e-01
1.809999999999982734e+00 -1.106564720765553789e-01
1.819999999999982521e+00 -1.118765461503978959e-01
1.829999999999982307e+00 -1.131722581469353645e-01
1.839999999999982094e+00 -1.145404067551651500e-01
1.849999999999981881e+00 -1.159776261189664343e-01
1.859999999999981668e+00 -1.174803934828912155e-01
1.869999999999981455e+00 -1.190450371943637259e-01
1.879999999999981242e+00 -1.206677450441106525e-01
1.889999999999981029e+00 -1.223445729258763326e-01
1.899999999999980815e+00 -1.240714537957516711e-01
1.909999999999980602e+00 -1.258442069107650052e-01
1.919999999999980389e+00 -1.276585473257488834e-01
1.929999999999980176e+00 -1.295100956269096271e-01
1.939999999999979963e+00 -1.313943878799897491e-01
1.949999999999979750e+00 -1.333068857704239885e-01
1.959999999999979536e+00 -1.352429869124586181e-01
1.969999999999979323e+00 -1.371980353038021461e-01
1.979999999999979110e+00 -1.391673319021114741e-01
1.989999999999978897e+00 -1.411461452990993848e-01
1.994999999999989448e+00 -1.421376360148092766e-01
2.000000000000000000e+00 -1.431297224536267620e-01
2.009999999999999787e+00 -1.451139274247045252e-01
2.019999999999999574e+00 -1.470971329087418511e-01
2.029999999999999361e+00 -1.490783393399169598e-01
2.039999999999999147e+00 -1.510565491133484817e-01
2.049999999999998934e+00 -1.530307688512308750e-01
2.059999999999998721e+00 -1.550000116593649724e-01
2.069999999999998508e+00 -1.569632993689613065e-01
2.079999999999998295e+00 -1.589196647586227362e-01
2.089999999999998082e+00 -1.608681537514593807e-01
2.099999999999997868e+00 -1.628078275823447996e-01
2.109999999999997655e+00 -1.647377649303903291e-01
2.119999999999997442e+00 -1.666570640117936708e-01
2.129999999999997229e+00 -1.685648446283073976e-01
2.139999999999997016e+00 -1.704602501666743763e-01
2.149999999999996803e+00 -1.723424495444880467e-01
2.159999999999996589e+00 -1.742106390980576180e-01
2.169999999999996376e+00 -1.760640444079895339e-01
2.179999999999996163e+00 -1.779019220583382965e-01
2.189999999999995950e+00 -1.797235613253308772e-01
2.199999999999995737e+00 -1.815282857918281700e-01
2.209999999999995524e+00 -1.833154548838566156e-01
2.219999999999995310e+00 -1.850844653257192884e-01
2.229999999999995097e+00 -1.868347525103812856e-01
2.239999999999994884e+00 -1.885657917820162677e-01
2.249999999999994671e+00 -1.902770996278010385e-01
2.259999999999994458e+00 -1.919682347762506347e-01
2.269999999999994245e+00 -1.936387991995990598e-01
2.279999999999994031e+00 -1.952884390179489005e-01
2.289999999999993818e+00 -1.969168453031355515e-01
2.299999999999993605e+00 -1.985237547804804548e-01
2.309999999999993392e+00 -2.001089504268389885e-01
2.319999999999993179e+00 -2.016722619635845370e-01
2.329999999999992966e+00 -2.032135662434089995e-01
2.339999999999992752e+00 -2.047327875300610500e-01
2.349999999999992539e+00 -2.062298976703866027e-01
2.359999999999992326e+00 -2.077049161582807113e-01
2.369999999999992113e+00 -2.091579100904058519e-01
2.379999999999991900e+00 -2.105889940137768701e-01
2.389999999999991687e+00 -2.119983296655588989e-01
2.399999999999991473e+00 -2.133861256056694966e-01
2.409999999999991260e+00 -2.147526367430193928e-01
2.419999999999991047e+00 -2.160981637564679814e-01
2.429999999999990834e+00 -2.174230524118091201e-01
2.439999999999990621e+00 -2.187276927763385781e-01
2.449999999999990408e+00 -2.200125183327872880e-01
2.459999999999990195e+00 -2.212780049946332928e-01
2.469999999999989981e+00 -2.225246700250291809e-01
2.479999999999989768e+00 -2.237530708618004627e-01
2.489999999999989555e+00 -2.249638038511844462e-01
2.499999999999989342e+00 -2.261575028931856191e-01
2.509999999999989129e+00 -2.273348380016249615e-01
2.519999999999988916e+00 -2.284965137821540204e-01
2.529999999999988702e+00 -2.296432678316910614e-01
2.539999999999988489e+00 -2.307758690629151399e-01
2.549999999999988276e+00 -2.318951159576241594e-01
2.559999999999988063e+00 -2.330018347529243805e-01
2.569999999999987850e+00 -2.340968775643718081e-01
2.579999999999987637e+00 -2.351811204503287123e-01
2.589999999999987423e+00 -2.362554614219322113e-01
2.599999999999987210e+00 -2.373208184031957158e-01
2.609999999999986997e+00 -2.383781271458766116e-01
2.619999999999986784e+00 -2.394283391038469488e-01
2.629999999999986571e+00 -2.404724192717956899e-01
2.639999999999986358e+00 -2.415113439931718953e-01
2.649999999999986144e+00 -2.425460987423484205e-01
2.659999999999985931e+00 -2.435776758860440649e-01
2.669999999999985718e+00 -2.446070724290891341e-01
2.679999999999985505e+00 -2.456352877496553178e-01
2.689999999999985292e+00 -2.466633213290943261e-01
2.699999999999985079e+00 -2.476921704815420455e-01
2.709999999999984865e+00 -2.487228280884457576e-01
2.719999999999984652e+00 -2.497562803431606360e-01
2.729999999999984439e+00 -2.507935045107385075e-01
2.739999999999984226e+00 -2.518354667079981124e-01
2.749999999999984013e+00 -2.528831197089193017e-01
2.759999999999983800e+00 -2.539374007803466005e-01
2.769999999999983586e+00 -2.549992295529181496e-01
2.779999999999983373e+00 -2.560695059320568512e-01
2.789999999999983160e+00 -2.571491080537685603e-01
2.799999999999982947e+00 -2.582388902898913319e-01
2.809999999999982734e+00 -2.593396813073265972e-01
2.819999999999982521e+00 -2.604522821856610215e-01
2.829999999999982307e+00 -2.615774645974550117e-01
2.839999999999982094e+00 -2.627159690553314553e-01
2.849999999999981881e+00 -2.638685032298466182e-01
2.859999999999981668e+00 -2.650357403419640323e-01
2.869999999999981455e+00 -2.662183176337834523e-01
2.879999999999981242e+00 -2.674168349209982698e-01
2.889999999999981029e+00 -2.686318532303696993e-01
2.899999999999980815e+00 -2.698638935253132032e-01
2.909999999999980602e+00 -2.711134355224915082e-01
2.919999999999980389e+00 -2.723809166021026740e-01
2.929999999999980176e+00 -2.736667308143388433e-01
2.939999999999979963e+00 -2.749712279842718154e-01
2.949999999999979750e+00 -2.762947129171997585e-01
2.959999999999979536e+00 -2.776374447062593953e-01
2.969999999999979323e+00 -2.789996361438766836e-01
2.979999999999979110e+00 -2.803814532383932523e-01
2.989999999999978897e+00 -2.817830148369661059e-01
2.994999999999989448e+00 -2.824912239283008941e-01
3.000000000000000000e+00 -2.832043922106914358e-01
3.009999999999999787e+00 -2.846456109111298316e-01
3.019999999999999574e+00 -2.861066674970092483e-01
3.029999999999999361e+00 -2.875875469748629953e-01
3.039999999999999147e+00 -2.890882243634800841e-01
3.049999999999998934e+00 -2.906086647248512511e-01
3.059999999999998721e+00 -2.921488232177326672e-01
3.069999999999998508e+00 -2.937086451737057069e-01
3.079999999999998295e+00 -2.952880661955596397e-01
3.089999999999998082e+00 -2.968870122777741982e-01
3.099999999999997868e+00 -2.985053999488280208e-01
3.109999999999997655e+00 -3.001431364350097830e-01
3.119999999999997442e+00 -3.018001198453601486e-01
3.129999999999997229e+00 -3.034762393773238753e-01
3.139999999999997016e+00 -3.051713755426456731e-01
3.149999999999996803e+00 -3.068854004129958346e-01
3.159999999999996589e+00 -3.086181778847685853e-01
3.169999999999996376e+00 -3.103695639624508007e-01
3.179999999999996163e+00 -3.121394070599178838e-01
3.189999999999995950e+00 -3.139275483189725158e-01
3.199999999999995737e+00 -3.157338219444020266e-01
3.209999999999995524e+00 -3.175580555547940498e-01
3.219999999999995310e+00 -3.194000705483130975e-01
3.229999999999995097e+00 -3.212596824826072228e-01
3.239999999999994884e+00 -3.231367014679820127e-01
3.249999999999994671e+00 -3.250309325729484056e-01
3.259999999999994458e+00 -3.269421762412235699e-01
3.269999999999994245e+00 -3.288702287192371010e-01
3.279999999999994031e+00 -3.308148824931718135e-01
3.289999999999993818e+00 -3.327759267345462568e-01
3.299999999999993605e+00 -3.347531477533265409e-01
3.309999999999993392e+00 -3.367463294575384625e-01
3.319999999999993179e+00 -3.387552538183360440e-01
3.329999999999992966e+00 -3.407797013394694985e-01
3.339999999999992752e+00 -3.428194515300866385e-01
3.349999999999992539e+00 -3.448742833797936447e-01
3.359999999999992326e+00 -3.469439758348959457e-01
3.369999999999992113e+00 -3.490283082747375198e-01
3.379999999999991900e+00 -3.511270609870564829e-01
3.389999999999991687e+00 -3.532400156412771608e-01
3.399999999999991473e+00 -3.553669557586635608e-01
3.409999999999991260e+00 -3.575076671782663751e-01
3.419999999999991047e+00 -3.596619385176047512e-01
3.429999999999990834e+00 -3.618295616270367776e-01
3.439999999999990621e+00 -3.640103320367862327e-01
3.449999999999990408e+00 -3.662040493956101872e-01
3.459999999999990195e+00 -3.684105179001111452e-01
3.469999999999989981e+00 -3.706295467137184496e-01
3.479999999999989768e+00 -3.728609503743870457e-01
3.489999999999989555e+00 -3.751045491900877327e-01
3.499999999999989342e+00 -3.773601696211903445e-01
3.509999999999989129e+00 -3.796276446488712208e-01
3.519999999999988916e+00 -3.819068141287084717e-01
3.529999999999988702e+00 -3.841975251286610660e-01
3.539999999999988489e+00 -3.864996322506649151e-01
3.549999999999988276e+00 -3.888129979351147569e-01
3.559999999999988063e+00 -3.911374927475403940e-01
3.569999999999987850e+00 -3.934729956468260292e-01
3.579999999999987637e+00 -3.958193942343637417e-01
3.589999999999987423e+00 -3.981765849835745552e-01
3.599999999999987210e+00 -4.005444734492762948e-01
3.609999999999986997e+00 -4.029229744564221116e-01
3.619999999999986784e+00 -4.053120122677815185e-01
3.629999999999986571e+00 -4.077115207301823530e-01
3.639999999999986358e+00 -4.101214433989822661e-01
3.649999999999986144e+00 -4.125417336404862967e-01
3.659999999999985931e+00 -4.149723547120781064e-01
3.669999999999985718e+00 -4.174132798198831873e-01
3.679999999999985505e+00 -4.198644921538324248e-01
3.689999999999985292e+00 -4.223259849000469690e-01
3.699999999999985079e+00 -4.247977612305158801e-01
3.709999999999984865e+00 -4.272798342700901419e-01
3.719999999999984652e+00 -4.297722270408682044e-01
3.729999999999984439e+00 -4.322749723840988434e-01
3.739999999999984226e+00 -4.347881128597794742e-01
3.749999999999984013e+00 -4.373117006241772353e-01
3.759999999999983800e+00 -4.398457972855517872e-01
3.769999999999983586e+00 -4.423904737384070640e-01
3.779999999999983373e+00 -4.449458099766484542e-01
3.789999999999983160e+00 -4.475118948860704049e-01
3.799999999999982947e+00 -4.500888260166450716e-01
3.809999999999982734e+00 -4.526767093351298232e-01
3.819999999999982521e+00 -4.552756589585554847e-01
3.829999999999982307e+00 -4.578857968692003899e-01
3.839999999999982094e+00 -4.605072526116981702e-01
3.849999999999981881e+00 -4.631401629729668956e-01
3.859999999999981668e+00 -4.657846716456871539e-01
3.869999999999981455e+00 -4.684409288760926215e-01
3.879999999999981242e+00 -4.711090910968744327e-01
3.889999999999981029e+00 -4.737893205460320667e-01
3.899999999999980815e+00 -4.764817848725371174e-01
3.909999999999980602e+00 -4.791866567297058954e-01
3.919999999999980389e+00 -4.819041133572039004e-01
3.929999999999980176e+00 -4.846343361526325721e-01
3.939999999999979963e+00 -4.873775102336703746e-01
3.949999999999979750e+00 -4.901338239917639172e-01
3.959999999999979536e+00 -4.929034686383823582e-01
3.969999999999979323e+00 -4.956866377448658212e-01
3.979999999999979110e+00 -4.984835267769132106e-01
3.989999999999978897e+00 -5.012943326247669695e-01
3.999999999999978684e+00 -5.041192531286788903e-01
4.009999999999979359e+00 -5.069584866094344333e-01
4.019999999999980034e+00 -5.098122314752978612e-01
4.029999999999980709e+00 -5.126806860384854891e-01
4.039999999999981384e+00 -5.155640484113234168e-01
4.049999999999982059e+00 -5.184625164065054248e-01
4.059999999999982734e+00 -5.213762874377741996e-01
4.069999999999983409e+00 -5.243055584212508169e-01
4.079999999999984084e+00 -5.272505256776360838e-01
4.089999999999984759e+00 -5.302113848355067827e-01
4.099999999999985434e+00 -5.331883307359263080e-01
4.109999999999986109e+00 -5.361815573385857459e-01
4.119999999999986784e+00 -5.391912576296892246e-01
4.129999999999987459e+00 -5.422176235317928139e-01
4.139999999999988134e+00 -5.452608458158012539e-01
4.149999999999988809e+00 -5.483211140153229080e-01
4.159999999999989484e+00 -5.513986163435773413e-01
4.169999999999990159e+00 -5.544935396130442617e-01
4.179999999999990834e+00 -5.576060691580361217e-01
4.189999999999991509e+00 -5.607363887603709074e-01
4.199999999999992184e+00 -5.638846805783129801e-01
4.209999999999992859e+00 -5.670511250789443958e-01
4.219999999999993534e+00 -5.702359009741198026e-01
4.229999999999994209e+00 -5.734391851601500223e-01
4.239999999999994884e+00 -5.766611526613523164e-01
4.249999999999995559e+00 -5.799019765775949020e-01
4.259999999999996234e+00 -5.831618280359546214e-01
4.269999999999996909e+00 -5.864408761465984554e-01
4.279999999999997584e+00 -5.897392879629882456e-01
4.289999999999998259e+00 -5.930572284464993293e-01
4.299999999999998934e+00 -5.963948604355340244e-01
4.309999999999999609e+00 -5.997523446191989072e-01
4.320000000000000284e+00 -6.031298395156067249e-01
4.330000000000000959e+00 -6.065275014548517918e-01
4.340000000000001634e+00 -6.099454845666979486e-01
4.350000000000002309e+00 -6.133839407730060644e-01
4.360000000000002984e+00 -6.168430197849196217e-01
4.370000000000003659e+00 -6.203228691048136012e-01
4.380000000000004334e+00 -6.238236340330031160e-01
4.390000000000005009e+00 -6.273454576791960280e-01
4.400000000000005684e+00 -6.308884809786633463e-01
4.410000000000006359e+00 -6.344528427130917692e-01
4.420000000000007034e+00 -6.380386795360697416e-01
4.430000000000007709e+00 -6.416461260031494085e-01
4.440000000000008384e+00 -6.452753146064170719e-01
4.450000000000009059e+00 -6.489263758134924398e-01
4.460000000000009734e+00 -6.525994381108688458e-01
4.470000000000010409e+00 -6.562946280514955211e-01
4.480000000000011084e+00 -6.600120703064942251e-01
4.490000000000011759e+00 -6.637518877208926638e-01
4.500000000000012434e+00 -6.675142013732476842e-01
4.510000000000013110e+00 -6.712991306390234669e-01
4.520000000000013785e+00 -6.751067932575802732e-01
4.530000000000014460e+00 -6.789373054026217602e-01
4.540000000000015135e+00 -6.827907817559405457e-01
4.550000000000015810e+00 -6.866673355842951576e-01
4.560000000000016485e+00 -6.905670788192430631e-01
4.570000000000017160e+00 -6.944901221397489222e-01
4.580000000000017835e+00 -6.984365750573798826e-01
4.590000000000018510e+00 -7.024065460038948494e-01
4.600000000000019185e+00 -7.064001424210287761e-01
4.610000000000019860e+00 -7.104174708522675852e-01
4.620000000000020535e+00 -7.144586370364057748e-01
4.630000000000021210e+00 -7.185237460026736578e-01
4.640000000000021885e+00 -7.226129021672187402e-01
4.650000000000022560e+00 -7.267262094307215259e-01
4.660000000000023235e+00 -7.308637712769242567e-01
4.670000000000023910e+00 -7.350256908718488802e-01
4.680000000000024585e+00 -7.392120711634786456e-01
4.690000000000025260e+00 -7.434230149816769551e-01
4.700000000000025935e+00 -7.476586251381166504e-01
4.710000000000026610e+00 -7.519190045259924737e-01
4.720000000000027285e+00 -7.562042562192905493e-01
4.730000000000027960e+00 -7.605144835713886220e-01
4.740000000000028635e+00 -7.648497903127646769e-01
4.750000000000029310e+00 -7.692102806475896726e-01
4.760000000000029985e+00 -7.735960593489873416e-01
4.770000000000030660e+00 -7.780072318527430086e-01
4.780000000000031335e+00 -7.824439043492489310e-01
4.790000000000032010e+00 -7.869061838734781045e-01
4.800000000000032685e+00 -7.913941783927810336e-01
4.810000000000033360e+00 -7.959079968923067350e-01
4.820000000000034035e+00 -8.004477494578537966e-01
4.830000000000034710e+00 -8.050135473559628663e-01
4.840000000000035385e+00 -8.096055031110696021e-01
4.850000000000036060e+00 -8.142237305795415603e-01
4.860000000000036735e+00 -8.188683450204319314e-01
4.870000000000037410e+00 -8.235394631627888096e-01
4.880000000000038085e+00 -8.282372032693672281e-01
4.890000000000038760e+00 -8.329616851965995217e-01
4.900000000000039435e+00 -8.377130304506870129e-01
4.910000000000040110e+00 -8.424913622396866808e-01
4.920000000000040785e+00 -8.472968055214735728e-01
4.930000000000041460e+00 -8.521294870474704908e-01
4.940000000000042135e+00 -8.569895354020453659e-01
4.950000000000042810e+00 -8.618770810374872804e-01
4.960000000000043485e+00 -8.667922563044809792e-01
4.970000000000044160e+00 -8.717351954780113710e-01
4.980000000000044835e+00 -8.767060347786385099e-01
4.990000000000021529e+00 -8.817049123890839946e-01
5.000000000000000000e+00 -8.867319684661409962e-01
