-1.000010000000000066e+00 4.684405036241747200e-01
-1.000000000000000000e+00 4.684084406997900407e-01
-9.899999999999999911e-01 4.360436905435923216e-01
-9.799999999999999822e-01 4.031047238378037134e-01
-9.699999999999999734e-01 3.696349171986191839e-01
-9.599999999999999645e-01 3.356783462939145202e-01
-9.499999999999999556e-01 3.012797278009488600e-01
-9.399999999999999467e-01 2.664843605199344045e-01
-9.299999999999999378e-01 2.313380657210215574e-01
-9.200000000000000400e-01 1.958871268032555402e-01
-9.100000000000000311e-01 1.601782283449623145e-01
-9.000000000000000222e-01 1.242583946258350586e-01
-8.900000000000000133e-01 8.817492770167101312e-02
-8.800000000000000044e-01 5.197534511331246970e-02
-8.699999999999999956e-01 1.570731731182046023e-02
-8.599999999999999867e-01 -2.058139511771620370e-02
-8.499999999999999778e-01 -5.684300435106737909e-02
-8.399999999999999689e-01 -9.302975825561844714e-02
-8.299999999999999600e-01 -1.290940032741259569e-01
-8.200000000000000622e-01 -1.649882471786608962e-01
-8.100000000000000533e-01 -2.006652216121029841e-01
-8.000000000000000444e-01 -2.360779443348199891e-01
-7.900000000000000355e-01 -2.711797810945699161e-01
-7.800000000000000266e-01 -3.059245070381425569e-01
-7.700000000000000178e-01 -3.402663675838747404e-01
-7.600000000000000089e-01 -3.741601386748729108e-01
-7.500000000000000000e-01 -4.075611863336011664e-01
-7.399999999999999911e-01 -4.404255254394046082e-01
-7.299999999999999822e-01 -4.727098776515684109e-01
-7.199999999999999734e-01 -5.043717284016330238e-01
-7.099999999999999645e-01 -5.353693828799134247e-01
-6.999999999999999556e-01 -5.656620209424979562e-01
-6.899999999999999467e-01 -5.952097508664159209e-01
-6.799999999999999378e-01 -6.239736618821888348e-01
-6.699999999999999289e-01 -6.519158754145860657e-01
-6.599999999999999201e-01 -6.789995949641042250e-01
-6.499999999999999112e-01 -7.051891545634858538e-01
-6.400000000000000133e-01 -7.304500657454630064e-01
-6.300000000000000044e-01 -7.547490629598794243e-01
-6.199999999999999956e-01 -7.780541473803750385e-01
-6.099999999999999867e-01 -8.003346290429529386e-01
-5.999999999999999778e-01 -8.215611672609317573e-01
-5.899999999999999689e-01 -8.417058092630652633e-01
-5.800000000000000711e-01 -8.607420270039437549e-01
-5.700000000000000622e-01 -8.786447520982074710e-01
-5.600000000000000533e-01 -8.953904088325621569e-01
-5.500000000000000444e-01 -9.109569452121294431e-01
-5.400000000000000355e-01 -9.253238620002437465e-01
-5.300000000000000266e-01 -9.384722397134562799e-01
-5.200000000000000178e-01 -9.503847635361942769e-01
-5.100000000000000089e-01 -9.610457461222707831e-01
-5.000000000000000000e-01 -9.704411482532115940e-01
-4.899999999999999911e-01 -9.785585973262000969e-01
-4.799999999999999822e-01 -9.853874036472922704e-01
-4.699999999999999734e-01 -9.909185745084440056e-01
-4.599999999999999645e-01 -9.951448260298149107e-01
-4.499999999999999556e-01 -9.980605927517530729e-01
-4.399999999999999467e-01 -9.996620349638283276e-01
-4.299999999999999378e-01 -9.999470437612649754e-01
-4.200000000000000400e-01 -9.989152438221133856e-01
-4.100000000000000311e-01 -9.965679939015014144e-01
-4.000000000000000222e-01 -9.929083850423223723e-01
-3.900000000000000133e-01 -9.879412365047041122e-01
-3.800000000000000044e-01 -9.816730894196307178e-01
-3.699999999999999956e-01 -9.741121981750672232e-01
-3.599999999999999867e-01 -9.652685195459340672e-01
-3.499999999999999778e-01 -9.551536995822450526e-01
-3.399999999999999689e-01 -9.437810582726735564e-01
-3.299999999999999600e-01 -9.311655720037474993e-01
-3.199999999999999512e-01 -9.173238538377674889e-01
-3.099999999999999423e-01 -9.022741316354221386e-01
-2.999999999999999334e-01 -8.860362240519129573e-01
-2.900000000000000355e-01 -8.686315144381913100e-01
-2.800000000000000266e-01 -8.500829226816855044e-01
-2.700000000000000178e-01 -8.304148750235934573e-01
-2.600000000000000089e-01 -8.096532718924923655e-01
-2.500000000000000000e-01 -7.878254537966216109e-01
-2.399999999999999911e-01 -7.649601653197554141e-01
-2.299999999999999822e-01 -7.410875172680797540e-01
-2.199999999999999734e-01 -7.162389470179196804e-01
-2.099999999999999645e-01 -6.904471771165354710e-01
-1.999999999999999556e-01 -6.637461721905042467e-01
-1.899999999999999467e-01 -6.361710942184344297e-01
-1.799999999999999378e-01 -6.077582562269131516e-01
-1.699999999999999289e-01 -5.785450744706628345e-01
-1.600000000000000311e-01 -5.485700191598816833e-01
-1.500000000000000222e-01 -5.178725637996502984e-01
-1.400000000000000133e-01 -4.864931332081248727e-01
-1.300000000000000044e-01 -4.544730502819627205e-01
-1.199999999999999956e-01 -4.218544815790894464e-01
-1.099999999999999867e-01 -3.886803817904670444e-01
-9.999999999999997780e-02 -3.549944371739853222e-01
-8.999999999999996891e-02 -3.208410080249701202e-01
-7.999999999999996003e-02 -2.862650702590645579e-01
-6.999999999999995115e-02 -2.513121561844142704e-01
-5.999999999999994227e-02 -2.160282945411508837e-01
-4.999999999999993339e-02 -1.804599498871352348e-01
-4.000000000000003553e-02 -1.446539614097811788e-01
-3.000000000000002665e-02 -1.086574812445368632e-01
-2.000000000000001776e-02 -7.251791238125479544e-02
-1.000000000000000888e-02 -3.628284624021328730e-02
0.000000000000000000e+00 0.000000000000000000e+00
9.999999999999999547e-07 4.684068375371054028e-07
1.000100000000000121e-02 4.523191722112970305e-03
2.000099999999999795e-02 8.719359856943043746e-03
3.000099999999999642e-02 1.258344716519731524e-02
4.000100000000000183e-02 1.611036506059794135e-02
5.000100000000000378e-02 1.929546903506023162e-02
6.000100000000000572e-02 2.213456468992755499e-02
7.000100000000000766e-02 2.462391328226509052e-02
8.000100000000001654e-02 2.676023664222590762e-02
9.000100000000002542e-02 2.854072149163783614e-02
1.000010000000000343e-01 2.996302314831068847e-02
1.100010000000000432e-01 3.102526861381518439e-02
1.200010000000000521e-01 3.172605903996280480e-02
1.300010000000000610e-01 3.206447157092728178e-02
1.400010000000000698e-01 3.204006055853131363e-02
1.500010000000000787e-01 3.165285814911167339e-02
1.600010000000000876e-01 3.090337424118621071e-02
1.700010000000000965e-01 2.979259581397952772e-02
1.800010000000001054e-01 2.832198562769126099e-02
1.900010000000001142e-01 2.649348029721866962e-02
2.000010000000001231e-01 2.430948774187017061e-02
2.100010000000001320e-01 2.177288401442822874e-02
2.200010000000001409e-01 1.888700951373736142e-02
2.300010000000001498e-01 1.565566458580480713e-02
2.400010000000001587e-01 1.208310451920667841e-02
2.500010000000001398e-01 8.174033941390030852e-03
2.600010000000001487e-01 3.933600623250261066e-03
2.700010000000001575e-01 -6.326112998575788085e-04
2.800010000000001664e-01 -5.518588681746420220e-03
2.900010000000001753e-01 -1.071789728397994947e-02
3.000010000000001842e-01 -1.622369024898270146e-02
3.100010000000001931e-01 -2.202871711651940845e-02
3.200010000000002020e-01 -2.812533337167000963e-02
3.300010000000002108e-01 -3.450551051172678907e-02
3.400010000000002197e-01 -4.116084661875676898e-02
3.500010000000002286e-01 -4.808257742390655703e-02
3.600010000000002375e-01 -5.526158784887935660e-02
3.700010000000002464e-01 -6.268842400938536008e-02
3.800010000000002552e-01 -7.035330566475841985e-02
3.900010000000002641e-01 -7.824613909734451367e-02
4.000010000000002730e-01 -8.635653040470120390e-02
4.100010000000002819e-01 -9.467379918710400188e-02
4.200010000000002908e-01 -1.031869926123348824e-01
4.300010000000002997e-01 -1.118848998392312499e-01
4.400010000000003085e-01 -1.207560667810013422e-01
4.500010000000003174e-01 -1.297888111888645390e-01
4.600010000000003263e-01 -1.389712380361533273e-01
4.700010000000003352e-01 -1.482912551826178482e-01
4.800010000000003441e-01 -1.577365892983050855e-01
4.900010000000003529e-01 -1.672948020260429103e-01
5.000010000000003618e-01 -1.769533063612448165e-01
5.100010000000002597e-01 -1.866993832274654042e-01
5.200010000000001575e-01 -1.965201982258782676e-01
5.300010000000000554e-01 -2.064028185366195700e-01
5.400009999999999533e-01 -2.163342299497401366e-01
5.500009999999998511e-01 -2.263013540033383675e-01
5.600009999999997490e-01 -2.362910652063051897e-01
5.700009999999996468e-01 -2.462902083230007477e-01
5.800009999999995447e-01 -2.562856156971010102e-01
5.900009999999994426e-01 -2.662641245918009880e-01
6.000009999999993404e-01 -2.762125945235393565e-01
6.100009999999992383e-01 -2.861179245664186577e-01
6.200009999999991361e-01 -2.959670706045322564e-01
6.300009999999990340e-01 -3.057470625094800276e-01
6.400009999999989319e-01 -3.154450212204511494e-01
6.500009999999988297e-01 -3.250481757043820474e-01
6.600009999999987276e-01 -3.345438797738549686e-01
6.700009999999986254e-01 -3.439196287405899000e-01
6.800009999999985233e-01 -3.531630758825994310e-01
6.900009999999984212e-01 -3.622620487033211267e-01
7.000009999999983190e-01 -3.712045649613162634e-01
7.100009999999982169e-01 -3.799788484494255880e-01
7.200009999999981147e-01 -3.885733445026030575e-01
7.300009999999980126e-01 -3.969767352140054495e-01
7.400009999999979105e-01 -4.051779543393003724e-01
7.500009999999978083e-01 -4.131662018695651528e-01
7.600009999999977062e-01 -4.209309582535859517e-01
7.700009999999976040e-01 -4.284619982508285907e-01
7.800009999999975019e-01 -4.357494043968375141e-01
7.900009999999973997e-01 -4.427835800633311836e-01
8.000009999999972976e-01 -4.495552620957954382e-01
8.100009999999971955e-01 -4.560555330119322459e-01
8.200009999999970933e-01 -4.622758327449000837e-01
8.300009999999969912e-01 -4.682079699158818165e-01
8.400009999999968890e-01 -4.738441326211349502e-01
8.500009999999967869e-01 -4.791768987193197327e-01
8.600009999999966848e-01 -4.841992456055571048e-01
8.700009999999965826e-01 -4.889045594593460220e-01
8.800009999999964805e-01 -4.932866439541613302e-01
8.900009999999963783e-01 -4.973397284172626498e-01
9.000009999999962762e-01 -5.010584754289691967e-01
9.100009999999961741e-01 -5.044379878513925997e-01
9.200009999999960719e-01 -5.074738152773734523e-01
9.300009999999959698e-01 -5.101619598911228959e-01
9.400009999999958676e-01 -5.124988817328735013e-01
9.500009999999957655e-01 -5.144815033605272259e-01
9.600009999999956634e-01 -5.161072139024547312e-01
9.700009999999955612e-01 -5.173738724950166512e-01
9.800009999999954591e-01 -5.182798111043560585e-01
9.900004999999978406e-01 -5.188238185738035524e-01
1.000000000000000000e+00 -5.190052329313797896e-01
1.009999999999999787e+00 -5.189823492404682659e-01
1.019999999999999574e+00 -5.189158659956585318e-01
1.029999999999999361e+00 -5.188090767331019482e-01
1.039999999999999147e+00 -5.186653280664587085e-01
1.049999999999998934e+00 -5.184880152805984022e-01
1.059999999999998721e+00 -5.182805778602121993e-01
1.069999999999998508e+00 -5.180464949604860481e-01
1.079999999999998295e+00 -5.177892808254607182e-01
1.089999999999998082e+00 -5.175124801602037916e-01
1.099999999999997868e+00 -5.172196634628625223e-01
1.109999999999997655e+00 -5.169144223227521984e-01
1.119999999999997442e+00 -5.166003646906692781e-01
1.129999999999997229e+00 -5.162811101276587600e-01
1.139999999999997016e+00 -5.159602850384921169e-01
1.149999999999996803e+00 -5.156415178961328838e-01
1.159999999999996589e+00 -5.153284344634786462e-01
1.169999999999996376e+00 -5.150246530186721738e-01
1.179999999999996163e+00 -5.147337795902686697e-01
1.189999999999995950e+00 -5.144594032085343382e-01
1.199999999999995737e+00 -5.142050911791297141e-01
1.209999999999995524e+00 -5.139743843854017724e-01
1.219999999999995310e+00 -5.137707926254706514e-01
1.229999999999995097e+00 -5.135977899902522958e-01
1.239999999999994884e+00 -5.134588102885025984e-01
1.249999999999994671e+00 -5.133572425249089966e-01
1.259999999999994458e+00 -5.132964264371827623e-01
1.269999999999994245e+00 -5.132796480980306164e-01
1.279999999999994031e+00 -5.133101355877959238e-01
1.289999999999993818e+00 -5.133910547434695770e-01
1.299999999999993605e+00 -5.135255049896672030e-01
1.309999999999993392e+00 -5.137165152570636328e-01
1.319999999999993179e+00 -5.139670399936594469e-01
1.329999999999992966e+00 -5.142799552741317282e-01
1.339999999999992752e+00 -5.146580550123933673e-01
1.349999999999992539e+00 -5.151040472823481542e-01
1.359999999999992326e+00 -5.156205507516862241e-01
1.369999999999992113e+00 -5.162100912334171010e-01
1.379999999999991900e+00 -5.168750983596809290e-01
1.389999999999991687e+00 -5.176179023822183867e-01
1.399999999999991473e+00 -5.184407311037119159e-01
1.409999999999991260e+00 -5.193457069440405860e-01
1.419999999999991047e+00 -5.203348441453110595e-01
1.429999999999990834e+00 -5.214100461193454938e-01
1.439999999999990621e+00 -5.225731029411193607e-01
1.449999999999990408e+00 -5.238256889914505443e-01
1.459999999999990195e+00 -5.251693607520429019e-01
1.469999999999989981e+00 -5.266055547557892957e-01
1.479999999999989768e+00 -5.281355856950322725e-01
1.489999999999989555e+00 -5.297606446902738409e-01
1.499999999999989342e+00 -5.314817977216148570e-01
1.509999999999989129e+00 -5.332999842249885880e-01
1.519999999999988916e+00 -5.352160158550377522e-01
1.529999999999988702e+00 -5.372305754162639557e-01
1.539999999999988489e+00 -5.393442159638572875e-01
1.549999999999988276e+00 -5.415573600753896821e-01
1.559999999999988063e+00 -5.438702992943316161e-01
1.569999999999987850e+00 -5.462831937461251064e-01
1.579999999999987637e+00 -5.487960719273173860e-01
1.589999999999987423e+00 -5.514088306680350327e-01
1.599999999999987210e+00 -5.541212352678456243e-01
1.609999999999986997e+00 -5.569329198048301732e-01
1.619999999999986784e+00 -5.598433876174573331e-01
1.629999999999986571e+00 -5.628520119586266635e-01
1.639999999999986358e+00 -5.659580368210181955e-01
1.649999999999986144e+00 -5.691605779326621706e-01
1.659999999999985931e+00 -5.724586239214181083e-01
1.669999999999985718e+00 -5.758510376468284342e-01
1.679999999999985505e+00 -5.793365576975948450e-01
1.689999999999985292e+00 -5.829138000527032126e-01
1.699999999999985079e+00 -5.865812599040114428e-01
1.709999999999984865e+00 -5.903373136378986530e-01
1.719999999999984652e+00 -5.941802209733672013e-01
1.729999999999984439e+00 -5.981081272537810412e-01
1.739999999999984226e+00 -6.021190658892233705e-01
1.749999999999984013e+00 -6.062109609462563720e-01
1.759999999999983800e+00 -6.103816298816734376e-01
1.769999999999983586e+00 -6.146287864166430914e-01
1.779999999999983373e+00 -6.189500435474606377e-01
1.789999999999983160e+00 -6.233429166889418171e-01
1.799999999999982947e+00 -6.278048269463195608e-01
1.809999999999982734e+00 -6.323331045113349536e-01
1.819999999999982521e+00 -6.369249921780504309e-01
1.829999999999982307e+00 -6.415776489737546884e-01
1.839999999999982094e+00 -6.462881539001785747e-01
1.849999999999981881e+00 -6.510535097800949078e-01
1.859999999999981668e+00 -6.558706472042366009e-01
1.869999999999981455e+00 -6.607364285733356990e-01
1.879999999999981242e+00 -6.656476522299602516e-01
1.889999999999981029e+00 -6.706010566747079293e-01
1.899999999999980815e+00 -6.755933248612048247e-01
1.909999999999980602e+00 -6.806210885642517416e-01
1.919999999999980389e+00 -6.856809328153682381e-01
1.929999999999980176e+00 -6.907694003998903209e-01
1.939999999999979963e+00 -6.958829964097026366e-01
1.949999999999979750e+00 -7.010181928456074019e-01
1.959999999999979536e+00 -7.061714332632710311e-01
1.969999999999979323e+00 -7.113391374566271352e-01
1.979999999999979110e+00 -7.165177061725809260e-01
1.989999999999978897e+00 -7.217035258507604745e-01
1.994999999999989448e+00 -7.242980228168478529e-01
2.000000000000000000e+00 -7.268929733755978839e-01
2.009999999999999787e+00 -7.320829488636242388e-01
2.019999999999999574e+00 -7.372724747936960643e-01
2.029999999999999361e+00 -7.424611315920583987e-01
2.039999999999999147e+00 -7.476485328893499593e-01
2.049999999999998934e+00 -7.528343260294049211e-01
2.059999999999998721e+00 -7.580181925336583193e-01
2.069999999999998508e+00 -7.631998485205433447e-01
2.079999999999998295e+00 -7.683790450793291926e-01
2.089999999999998082e+00 -7.735555685979059737e-01
2.099999999999997868e+00 -7.787292410440860291e-01
2.109999999999997655e+00 -7.838999202000506150e-01
2.119999999999997442e+00 -7.890674998496335357e-01
2.129999999999997229e+00 -7.942319099181950337e-01
2.139999999999997016e+00 -7.993931165649014181e-01
2.149999999999996803e+00 -8.045511222272893059e-01
2.159999999999996589e+00 -8.097059656180558562e-01
2.169999999999996376e+00 -8.148577216740786611e-01
2.179999999999996163e+00 -8.200065014577331279e-01
2.189999999999995950e+00 -8.251524520106368055e-01
2.199999999999995737e+00 -8.302957561600132763e-01
2.209999999999995524e+00 -8.354366322779313014e-01
2.219999999999995310e+00 -8.405753339937348523e-01
2.229999999999995097e+00 -8.457121498600445042e-01
2.239999999999994884e+00 -8.508474029727685073e-01
2.249999999999994671e+00 -8.559814505456246891e-01
2.259999999999994458e+00 -8.611146834397335192e-01
2.269999999999994245e+00 -8.662475256489013953e-01
2.279999999999994031e+00 -8.713804337412726086e-01
2.289999999999993818e+00 -8.765138962580841797e-01
2.299999999999993605e+00 -8.816484330703165950e-01
2.309999999999993392e+00 -8.867845946940871027e-01
2.319999999999993179e+00 -8.919229615656866228e-01
2.329999999999992966e+00 -8.970641432772158419e-01
2.339999999999992752e+00 -9.022087777738262426e-01
2.349999999999992539e+00 -9.073575305136243330e-01
2.359999999999992326e+00 -9.125110935913436361e-01
2.369999999999992113e+00 -9.176701848269405160e-01
2.379999999999991900e+00 -9.228355468203122136e-01
2.389999999999991687e+00 -9.280079459733832081e-01
2.399999999999991473e+00 -9.331881714808469841e-01
2.409999999999991260e+00 -9.383770342908923645e-01
2.419999999999991047e+00 -9.435753660372836471e-01
2.429999999999990834e+00 -9.487840179441995314e-01
2.439999999999990621e+00 -9.540038597052747926e-01
2.449999999999990408e+00 -9.592357783383190784e-01
2.459999999999990195e+00 -9.644806770172225097e-01
2.469999999999989981e+00 -9.697394738825853011e-01
2.479999999999989768e+00 -9.750131008326381465e-01
2.489999999999989555e+00 -9.803025022960456525e-01
2.499999999999989342e+00 -9.856086339882084157e-01
2.509999999999989129e+00 -9.909324616527019902e-01
2.519999999999988916e+00 -9.962749597895100839e-01
2.529999999999988702e+00 -1.001637110371726314e+00
2.539999999999988489e+00 -1.007019901552415053e+00
2.549999999999988276e+00 -1.012424326363334126e+00
2.559999999999988063e+00 -1.017851381407232525e+00
2.569999999999987850e+00 -1.023302065545445450e+00
2.579999999999987637e+00 -1.028777378582515611e+00
2.589999999999987423e+00 -1.034278319949572200e+00
2.599999999999987210e+00 -1.039805887388201455e+00
2.609999999999986997e+00 -1.045361075636542125e+00
2.619999999999986784e+00 -1.050944875119336430e+00
2.629999999999986571e+00 -1.056558270643660702e+00
2.639999999999986358e+00 -1.062202240102054551e+00
2.649999999999986144e+00 -1.067877753184755196e+00
2.659999999999985931e+00 -1.073585770102732706e+00
2.669999999999985718e+00 -1.079327240323209702e+00
2.679999999999985505e+00 -1.085103101319327745e+00
2.689999999999985292e+00 -1.090914277335609528e+00
2.699999999999985079e+00 -1.096761678170840915e+00
2.709999999999984865e+00 -1.102646197979976428e+00
2.719999999999984652e+00 -1.108568714096646257e+00
2.729999999999984439e+00 -1.114530085877813992e+00
2.739999999999984226e+00 -1.120531153572108307e+00
2.749999999999984013e+00 -1.126572737213317410e+00
2.759999999999983800e+00 -1.132655635540504413e+00
2.769999999999983586e+00 -1.138780624946164943e+00
2.779999999999983373e+00 -1.144948458453812323e+00
2.789999999999983160e+00 -1.151159864726337467e+00
2.799999999999982947e+00 -1.157415547106448228e+00
2.809999999999982734e+00 -1.163716182690452738e+00
2.819999999999982521e+00 -1.170062421436605771e+00
2.829999999999982307e+00 -1.176454885309192289e+00
2.839999999999982094e+00 -1.182894167459476842e+00
2.849999999999981881e+00 -1.189380831444594611e+00
2.859999999999981668e+00 -1.195915410485415942e+00
2.869999999999981455e+00 -1.202498406764358485e+00
2.879999999999981242e+00 -1.209130290764074411e+00
2.889999999999981029e+00 -1.215811500647882237e+00
2.899999999999980815e+00 -1.222542441682758385e+00
2.909999999999980602e+00 -1.229323485705649865e+00
2.919999999999980389e+00 -1.236154970633810857e+00
2.929999999999980176e+00 -1.243037200019805999e+00
2.939999999999979963e+00 -1.249970442651768820e+00
2.949999999999979750e+00 -1.256954932199440655e+00
2.959999999999979536e+00 -1.263990866906455901e+00
2.969999999999979323e+00 -1.271078409329278847e+00
2.979999999999979110e+00 -1.278217686123136909e+00
2.989999999999978897e+00 -1.285408787875231162e+00
2.994999999999989448e+00 -1.289023791471301861e+00
3.000000000000000000e+00 -1.292651768875160201e+00
3.009999999999999787e+00 -1.299946648692710927e+00
3.019999999999999574e+00 -1.307293426379547041e+00
3.029999999999999361e+00 -1.314692095314754949e+00
3.039999999999999147e+00 -1.322142644847264847e+00
3.049999999999998934e+00 -1.329645060630474829e+00
3.059999999999998721e+00 -1.337199324961743097e+00
3.069999999999998508e+00 -1.344805417126297753e+00
3.079999999999998295e+00 -1.352463313745114748e+00
3.089999999999998082e+00 -1.360172989126303911e+00
3.099999999999997868e+00 -1.367934415619539656e+00
3.109999999999997655e+00 -1.375747563973072740e+00
3.119999999999997442e+00 -1.383612403692849213e+00
3.129999999999997229e+00 -1.391528903403265849e+00
3.139999999999997016e+00 -1.399497031209086639e+00
3.149999999999996803e+00 -1.407516755058043634e+00
3.159999999999996589e+00 -1.415588043103644278e+00
3.169999999999996376e+00 -1.423710864067708082e+00
3.179999999999996163e+00 -1.431885187602154330e+00
3.189999999999995950e+00 -1.440110984649565662e+00
3.199999999999995737e+00 -1.448388227802051453e+00
3.209999999999995524e+00 -1.456716891657939605e+00
3.219999999999995310e+00 -1.465096953175825334e+00
3.229999999999995097e+00 -1.473528392025513334e+00
3.239999999999994884e+00 -1.482011190935387912e+00
3.249999999999994671e+00 -1.490545336035756563e+00
3.259999999999994458e+00 -1.499130817197712906e+00
3.269999999999994245e+00 -1.507767628367074009e+00
3.279999999999994031e+00 -1.516455767892951556e+00
3.289999999999993818e+00 -1.525195238850524104e+00
3.299999999999993605e+00 -1.533986049357586312e+00
3.309999999999993392e+00 -1.542828212884457262e+00
3.319999999999993179e+00 -1.551721748556839753e+00
3.329999999999992966e+00 -1.560666681451233329e+00
3.339999999999992752e+00 -1.569663042882509574e+00
3.349999999999992539e+00 -1.578710870683273093e+00
3.359999999999992326e+00 -1.587810209474638912e+00
3.369999999999992113e+00 -1.596961110928070360e+00
3.379999999999991900e+00 -1.606163634017932829e+00
3.389999999999991687e+00 -1.615417845264430108e+00
3.399999999999991473e+00 -1.624723818966603561e+00
3.409999999999991260e+00 -1.634081637425088607e+00
3.419999999999991047e+00 -1.643491391154332293e+00
3.429999999999990834e+00 -1.652953179083996416e+00
3.439999999999990621e+00 -1.662467108749276834e+00
3.449999999999990408e+00 -1.672033296469891628e+00
3.459999999999990195e+00 -1.681651867517500509e+00
3.469999999999989981e+00 -1.691322956271336109e+00
3.479999999999989768e+00 -1.701046706361841077e+00
3.489999999999989555e+00 -1.710823270802122709e+00
3.499999999999989342e+00 -1.720652812107052121e+00
3.509999999999989129e+00 -1.730535502399850323e+00
3.519999999999988916e+00 -1.740471523506021301e+00
3.529999999999988702e+00 -1.750461067034508655e+00
3.539999999999988489e+00 -1.760504334445968100e+00
3.549999999999988276e+00 -1.770601537108067003e+00
3.559999999999988063e+00 -1.780752896337737701e+00
3.569999999999987850e+00 -1.790958643430327735e+00
3.579999999999987637e+00 -1.801219019675611266e+00
3.589999999999987423e+00 -1.811534276360638129e+00
3.599999999999987210e+00 -1.821904674759417420e+00
3.609999999999986997e+00 -1.832330486109450485e+00
3.619999999999986784e+00 -1.842811991575142194e+00
3.629999999999986571e+00 -1.853349482198140441e+00
3.639999999999986358e+00 -1.863943258834667827e+00
3.649999999999986144e+00 -1.874593632079929684e+00
3.659999999999985931e+00 -1.885300922179695915e+00
3.669999999999985718e+00 -1.896065458929174774e+00
3.679999999999985505e+00 -1.906887581559311817e+00
3.689999999999985292e+00 -1.917767638610661685e+00
3.699999999999985079e+00 -1.928705987795001686e+00
3.709999999999984865e+00 -1.939702995844866829e+00
3.719999999999984652e+00 -1.950759038351207009e+00
3.729999999999984439e+00 -1.961874499589376875e+00
3.739999999999984226e+00 -1.973049772333691498e+00
3.749999999999984013e+00 -1.984285257660787671e+00
3.759999999999983800e+00 -1.995581364742054387e+00
3.769999999999983586e+00 -2.006938510625401850e+00
3.779999999999983373e+00 -2.018357120006657901e+00
3.789999999999983160e+00 -2.029837624990895595e+00
3.799999999999982947e+00 -2.041380464843999931e+00
3.809999999999982734e+00 -2.052986085734807453e+00
3.819999999999982521e+00 -2.064654940468154898e+00
3.829999999999982307e+00 -2.076387488209188614e+00
3.839999999999982094e+00 -2.088184194199297572e+00
3.849999999999981881e+00 -2.100045529464046545e+00
3.859999999999981668e+00 -2.111971970513491392e+00
3.869999999999981455e+00 -2.123963999035270334e+00
3.879999999999981242e+00 -2.136022101580880239e+00
3.889999999999981029e+00 -2.148146769245544263e+00
3.899999999999980815e+00 -2.160338497342098929e+00
3.909999999999980602e+00 -2.172597785069325216e+00
3.919999999999980389e+00 -2.184925135175162403e+00
3.929999999999980176e+00 -2.197321053615250541e+00
3.939999999999979963e+00 -2.209786049207244751e+00
3.949999999999979750e+00 -2.222320633281364533e+00
3.959999999999979536e+00 -2.234925319327630611e+00
3.969999999999979323e+00 -2.247600622640261392e+00
3.979999999999979110e+00 -2.260347059959690874e+00
3.989999999999978897e+00 -2.273165149112681860e+00
3.999999999999978684e+00 -2.286055408649882992e+00
4.009999999999979359e+00 -2.299018357488012310e+00
4.019999999999980034e+00 -2.312054514617560841e+00
4.029999999999980709e+00 -2.325164398987602077e+00
4.039999999999981384e+00 -2.338348529460572145e+00
4.049999999999982059e+00 -2.351607424773638044e+00
4.059999999999982734e+00 -2.364941603503435630e+00
4.069999999999983409e+00 -2.378351584034225308e+00
4.079999999999984084e+00 -2.391837884529507186e+00
4.089999999999984759e+00 -2.405401022907131647e+00
4.099999999999985434e+00 -2.419041516817942661e+00
4.109999999999986109e+00 -2.432759883627974240e+00
4.119999999999986784e+00 -2.446556640404231597e+00
4.129999999999987459e+00 -2.460432303904070306e+00
4.139999999999988134e+00 -2.474387390568190348e+00
4.149999999999988809e+00 -2.488422416517251712e+00
4.159999999999989484e+00 -2.502537897552117752e+00
4.169999999999990159e+00 -2.516734349157727202e+00
4.179999999999990834e+00 -2.531012286510585962e+00
4.189999999999991509e+00 -2.545372224489873325e+00
4.199999999999992184e+00 -2.559814677692143103e+00
4.209999999999992859e+00 -2.574340160449605897e+00
4.219999999999993534e+00 -2.588949186851963180e+00
4.229999999999994209e+00 -2.603642270771767020e+00
4.239999999999994884e+00 -2.618419925893272993e+00
4.249999999999995559e+00 -2.633282665744745898e+00
4.259999999999996234e+00 -2.648231003734177413e+00
4.269999999999996909e+00 -2.663265453188367715e+00
4.279999999999997584e+00 -2.678386527395320904e+00
4.289999999999998259e+00 -2.693594739649895597e+00
4.299999999999998934e+00 -2.708890603302654743e+00
4.309999999999999609e+00 -2.724274631811846703e+00
4.320000000000000284e+00 -2.739747338798450560e+00
4.330000000000000959e+00 -2.755309238104214131e+00
4.340000000000001634e+00 -2.770960843852606104e+00
4.350000000000002309e+00 -2.786702670512603675e+00
4.360000000000002984e+00 -2.802535232965230438e+00
4.370000000000003659e+00 -2.818459046572759252e+00
4.380000000000004334e+00 -2.834474627250485934e+00
4.390000000000005009e+00 -2.850582491540980978e+00
4.400000000000005684e+00 -2.866783156690721590e+00
4.410000000000006359e+00 -2.883077140729002341e+00
4.420000000000007034e+00 -2.899464962549021418e+00
4.430000000000007709e+00 -2.915947141991034552e+00
4.440000000000008384e+00 -2.932524199927468711e+00
4.450000000000009059e+00 -2.949196658349880540e+00
4.460000000000009734e+00 -2.965965040457649859e+00
4.470000000000010409e+00 -2.982829870748286538e+00
4.480000000000011084e+00 -2.999791675109235278e+00
4.490000000000011759e+00 -3.016850980911053526e+00
4.500000000000012434e+00 -3.034008317101845265e+00
4.510000000000013110e+00 -3.051264214302822353e+00
4.520000000000013785e+00 -3.068619204904866837e+00
4.530000000000014460e+00 -3.086073823165972119e+00
4.540000000000015135e+00 -3.103628605309427968e+00
4.550000000000015810e+00 -3.121284089622625935e+00
4.560000000000016485e+00 -3.139040816556351032e+00
4.570000000000017160e+00 -3.156899328824431361e+00
4.580000000000017835e+00 -3.174860171503612882e+00
4.590000000000018510e+00 -3.192923892133529673e+00
4.600000000000019185e+00 -3.211091040816635989e+00
4.610000000000019860e+00 -3.229362170317968239e+00
4.620000000000020535e+00 -3.247737836164608982e+00
4.630000000000021210e+00 -3.266218596744718816e+00
4.640000000000021885e+00 -3.284805013406005614e+00
4.650000000000022560e+00 -3.303497650553502751e+00
4.660000000000023235e+00 -3.322297075746528439e+00
4.670000000000023910e+00 -3.341203859794695141e+00
4.680000000000024585e+00 -3.360218576852846972e+00
4.690000000000025260e+00 -3.379341804514796266e+00
4.700000000000025935e+00 -3.398574123905737654e+00
4.710000000000026610e+00 -3.417916119773217964e+00
4.720000000000027285e+00 -3.437368380576542037e+00
4.730000000000027960e+00 -3.456931498574496331e+00
4.740000000000028635e+00 -3.476606069911276187e+00
4.750000000000029310e+00 -3.496392694700499071e+00
4.760000000000029985e+00 -3.516291977107201649e+00
4.770000000000030660e+00 -3.536304525427703016e+00
4.780000000000031335e+00 -3.556430952167236370e+00
4.790000000000032010e+00 -3.576671874115242566e+00
4.800000000000032685e+00 -3.597027912418228723e+00
4.810000000000033360e+00 -3.617499692650094190e+00
4.820000000000034035e+00 -3.638087844879833721e+00
4.830000000000034710e+00 -3.658793003736525051e+00
4.840000000000035385e+00 -3.679615808471519589e+00
4.850000000000036060e+00 -3.700556903017749644e+00
4.860000000000036735e+00 -3.721616936046079349e+00
4.870000000000037410e+00 -3.742796561018619794e+00
4.880000000000038085e+00 -3.764096436238942189e+00
4.890000000000038760e+00 -3.785517224899120681e+00
4.900000000000039435e+00 -3.807059595123544860e+00
4.910000000000040110e+00 -3.828724220009440238e+00
4.920000000000040785e+00 -3.850511777664049173e+00
4.930000000000041460e+00 -3.872422951238418065e+00
4.940000000000042135e+00 -3.894458428957750407e+00
4.950000000000042810e+00 -3.916618904148281288e+00
4.960000000000043485e+00 -3.938905075260642263e+00
4.970000000000044160e+00 -3.961317645889683714e+00
4.980000000000044835e+00 -3.983857324790728516e+00
4.990000000000021529e+00 -4.006524825892185504e+00
5.000000000000000000e+00 -4.029320868304755443e+00
