-1.000010000000000066e+00 -8.835465428332507365e-01
-1.000000000000000000e+00 -8.835120444460230482e-01
-9.899999999999999911e-01 -8.466418527312546960e-01
-9.799999999999999822e-01 -8.051794175257656061e-01
-9.699999999999999734e-01 -7.593496339225268565e-01
-9.599999999999999645e-01 -7.094010858118254825e-01
-9.499999999999999556e-01 -6.556046975451959025e-01
-9.399999999999999467e-01 -5.982522644231470510e-01
-9.299999999999999378e-01 -5.376548699774372775e-01
-9.200000000000000400e-01 -4.741411986326558026e-01
-9.100000000000000311e-01 -4.080557528993550287e-01
-9.000000000000000222e-01 -3.397569847687990641e-01
-8.900000000000000133e-01 -2.696153514447757749e-01
-8.800000000000000044e-01 -1.980113059583059054e-01
-8.699999999999999956e-01 -1.253332335643042028e-01
-8.599999999999999867e-01 -5.197534511331234480e-02
-8.499999999999999778e-01 2.166446117519697789e-02
-8.399999999999999689e-01 9.518675794006289936e-02
-8.299999999999999600e-01 1.681927551998395609e-01
-8.200000000000000622e-01 2.402864634170160385e-01
-8.100000000000000533e-01 3.110768413724360748e-01
-8.000000000000000444e-01 3.801799171996918525e-01
-7.900000000000000355e-01 4.472208710748716287e-01
-7.800000000000000266e-01 5.118360682650002769e-01
-7.700000000000000178e-01 5.736750315077718820e-01
-7.600000000000000089e-01 6.324023420242678162e-01
-7.500000000000000000e-01 6.876994588534234287e-01
-7.399999999999999911e-01 7.392664466400524770e-01
-7.299999999999999822e-01 7.868236025047899984e-01
-7.199999999999999734e-01 8.301129731717011850e-01
-7.099999999999999645e-01 8.688997541245409018e-01
-6.999999999999999556e-01 9.029735632025619463e-01
-6.899999999999999467e-01 9.321495817277867246e-01
-6.799999999999999378e-01 9.562695569741946899e-01
-6.699999999999999289e-01 9.752026605413656180e-01
-6.599999999999999201e-01 9.888461979766981491e-01
-6.499999999999999112e-01 9.971261657971668413e-01
-6.400000000000000133e-01 9.999976528892888794e-01
-6.300000000000000044e-01 9.974450841100863663e-01
-6.199999999999999956e-01 9.894823047677291372e-01
-6.099999999999999867e-01 9.761525055236354165e-01
-5.999999999999999778e-01 9.575279881233575985e-01
-5.899999999999999689e-01 9.337097732269590278e-01
-5.800000000000000711e-01 9.048270524660199099e-01
-5.700000000000000622e-01 8.710364876993652583e-01
-5.600000000000000533e-01 8.325213612683979303e-01
-5.500000000000000444e-01 7.894905818611022141e-01
-5.400000000000000355e-01 7.421775513769897081e-01
-5.300000000000000266e-01 6.908388989391845980e-01
-5.200000000000000178e-01 6.357530889204560109e-01
-5.100000000000000089e-01 5.772189105333531689e-01
-5.000000000000000000e-01 5.155538571770218459e-01
-4.899999999999999911e-01 4.510924043312263265e-01
-4.799999999999999822e-01 3.841841953384007580e-01
-4.699999999999999734e-01 3.151921449141728560e-01
-4.599999999999999645e-01 2.444904706730515187e-01
-4.499999999999999556e-01 1.724626633464123315e-01
-4.399999999999999467e-01 9.949940670246121277e-02
-4.299999999999999378e-01 2.599645845067634700e-02
-4.200000000000000400e-01 -4.764749637515829084e-02
-4.100000000000000311e-01 -1.210330079119316116e-01
-4.000000000000000222e-01 -1.937620281106583464e-01
-3.900000000000000133e-01 -2.654400697764082162e-01
-3.800000000000000044e-01 -3.356783462939147977e-01
-3.699999999999999956e-01 -4.040958804328453891e-01
-3.599999999999999867e-01 -4.703215707944356505e-01
-3.499999999999999778e-01 -5.339962046909363380e-01
-3.399999999999999689e-01 -5.947744065398710145e-01
-3.299999999999999600e-01 -6.523265112048923786e-01
-3.199999999999999512e-01 -7.063403521220952275e-01
-3.099999999999999423e-01 -7.565229545128757671e-01
-2.999999999999999334e-01 -8.026021244992289638e-01
-2.900000000000000355e-01 -8.443279255020150753e-01
-2.800000000000000266e-01 -8.814740339141136083e-01
-2.700000000000000178e-01 -9.138389666951913792e-01
-2.600000000000000089e-01 -9.412471742295375199e-01
-2.500000000000000000e-01 -9.635499925192230197e-01
-2.399999999999999911e-01 -9.806264495478211884e-01
-2.299999999999999822e-01 -9.923839214409260201e-01
-2.199999999999999734e-01 -9.987586348644013068e-01
-2.099999999999999645e-01 -9.997160129353181990e-01
-1.999999999999999556e-01 -9.952508627693419374e-01
-1.899999999999999467e-01 -9.853874036472918263e-01
-1.799999999999999378e-01 -9.701791356481013207e-01
-1.699999999999999289e-01 -9.497085494607186984e-01
-1.600000000000000311e-01 -9.240866789489521338e-01
-1.500000000000000222e-01 -8.934524988961737302e-01
-1.400000000000000133e-01 -8.579721711965629938e-01
-1.300000000000000044e-01 -8.178381435815913481e-01
-1.199999999999999956e-01 -7.732681057703258976e-01
-1.099999999999999867e-01 -7.245038087054578302e-01
-9.999999999999997780e-02 -6.718097532796060145e-01
-8.999999999999996891e-02 -6.154717556643289900e-01
-7.999999999999996003e-02 -5.557953970236033658e-01
-6.999999999999995115e-02 -4.931043660206270718e-01
-5.999999999999994227e-02 -4.277387031083033087e-01
-4.999999999999993339e-02 -3.600529561264984024e-01
-4.000000000000003553e-02 -2.904142572102338948e-01
-3.000000000000002665e-02 -2.192003314397992508e-01
-2.000000000000001776e-02 -1.467974480340070442e-01
-1.000000000000000888e-02 -7.359832519944847773e-02
0.000000000000000000e+00 0.000000000000000000e+00
9.999999999999999547e-07 -8.835103193983380427e-07
7.994195424360970789e-03 -6.948662478456828391e-03
1.799419542436097100e-02 -1.529375737923472159e-02
2.799419542436096947e-02 -2.321100128413379135e-02
3.799419542436097141e-02 -3.065744926268613654e-02
4.799419542436097336e-02 -3.759271160686122187e-02
5.799419542436097530e-02 -4.397917088772534261e-02
6.799419542436098418e-02 -4.978218653618408235e-02
7.799419542436099306e-02 -5.497028259078408363e-02
8.799419542436100194e-02 -5.951531846434565676e-02
9.799419542436101083e-02 -6.339264157002610922e-02
1.079941954243610197e-01 -6.658122104143185394e-02
1.179941954243610286e-01 -6.906376180473300375e-02
1.279941954243610236e-01 -7.082679838853056520e-02
1.379941954243610325e-01 -7.186076796144340306e-02
1.479941954243610414e-01 -7.216006220157608619e-02
1.579941954243610502e-01 -7.172305771643770755e-02
1.679941954243610591e-01 -7.055212484833518760e-02
1.779941954243610680e-01 -6.865361481747368766e-02
1.879941954243610769e-01 -6.603782527250258438e-02
1.979941954243610858e-01 -6.271894443536275843e-02
2.079941954243610946e-01 -5.871497414339743592e-02
2.179941954243611035e-01 -5.404763220615146913e-02
2.279941954243611124e-01 -4.874223460648246381e-02
2.379941954243611213e-01 -4.282755818493304278e-02
2.479941954243611302e-01 -3.633568455217359855e-02
2.579941954243611391e-01 -2.930182607614511409e-02
2.679941954243611479e-01 -2.176413488775983882e-02
2.779941954243611568e-01 -1.376349594112588441e-02
2.879941954243611657e-01 -5.343305250751330740e-03
2.979941954243611746e-01 3.450765491415501776e-03
3.079941954243611835e-01 1.257101664237637514e-02
3.179941954243611923e-01 2.196797933421905727e-02
3.279941954243612012e-01 3.159068379665054549e-02
3.379941954243612101e-01 4.138693582052777736e-02
3.479941954243612190e-01 5.130359986282866103e-02
3.579941954243612279e-01 6.128688725748265842e-02
3.679941954243612368e-01 7.128264796878552856e-02
3.779941954243612456e-01 8.123666430490786294e-02
3.879941954243612545e-01 9.109494499837496317e-02
3.979941954243612634e-01 1.008040180584055950e-01
4.079941954243612723e-01 1.103112208066582278e-01
4.179941954243612812e-01 1.195649855232111813e-01
4.279941954243612900e-01 1.285151191534131265e-01
4.379941954243612989e-01 1.371130755584548666e-01
4.479941954243613078e-01 1.453122188329566133e-01
4.579941954243613167e-01 1.530680762613180756e-01
4.679941954243613256e-01 1.603385795407788472e-01
4.779941954243613345e-01 1.670842929627784912e-01
4.879941954243613433e-01 1.732686273149452172e-01
4.979941954243613522e-01 1.788580383434938414e-01
5.079941954243611946e-01 1.838222086995595361e-01
5.179941954243610924e-01 1.881342123825779367e-01
5.279941954243609903e-01 1.917706607887593451e-01
5.379941954243608881e-01 1.947118295724802328e-01
5.479941954243607860e-01 1.969417656324869981e-01
5.579941954243606839e-01 1.984483736426116141e-01
5.679941954243605817e-01 1.992234816576504974e-01
5.779941954243604796e-01 1.992628854385559978e-01
5.879941954243603774e-01 1.985663712565172712e-01
5.979941954243602753e-01 1.971377170522400912e-01
6.079941954243601732e-01 1.949846719441373222e-01
6.179941954243600710e-01 1.921189141965789771e-01
6.279941954243599689e-01 1.885559878761851327e-01
6.379941954243598667e-01 1.843152185397422538e-01
6.479941954243597646e-01 1.794196084110573630e-01
6.579941954243596625e-01 1.738957116153181381e-01
6.679941954243595603e-01 1.677734901476962137e-01
6.779941954243594582e-01 1.610861513574299297e-01
6.879941954243593560e-01 1.538699678288839301e-01
6.979941954243592539e-01 1.461640806365632206e-01
7.079941954243591518e-01 1.380102870412398541e-01
7.179941954243590496e-01 1.294528137787431810e-01
7.279941954243589475e-01 1.205380771711105775e-01
7.379941954243588453e-01 1.113144313612725173e-01
7.479941954243587432e-01 1.018319060368640949e-01
7.579941954243586411e-01 9.214193506576712211e-02
7.679941954243585389e-01 8.229707751528229920e-02
7.779941954243584368e-01 7.235073256814247844e-02
7.879941954243583346e-01 6.235684988168223308e-02
7.979941954243582325e-01 5.236963696119539824e-02
8.079941954243581304e-01 4.244326513470761397e-02
8.179941954243580282e-01 3.263157572397683281e-02
8.279941954243579261e-01 2.298778800547048029e-02
8.379941954243578239e-01 1.356421054535891964e-02
8.479941954243577218e-01 4.411957474264077000e-03
8.579941954243576197e-01 -4.419328759291610634e-03
8.679941954243575175e-01 -1.288174665293152603e-02
8.779941954243574154e-01 -2.092939547146004803e-02
8.879941954243573132e-01 -2.851862421559863553e-02
8.979941954243572111e-01 -3.560826838800237176e-02
9.079941954243571089e-01 -4.215987327231041776e-02
9.179941954243570068e-01 -4.813790251419224064e-02
9.279941954243569047e-01 -5.350993087287204963e-02
9.379941954243568025e-01 -5.824682009822986645e-02
9.479941954243567004e-01 -6.232287697728591813e-02
9.579941954243565982e-01 -6.571599270111250224e-02
9.679941954243564961e-01 -6.840776276526540356e-02
9.779941954243563940e-01 -7.038358686897613903e-02
9.879941954243562918e-01 -7.163274783985970617e-02
9.939970977121781459e-01 -7.203059735209174641e-02
1.000000000000000000e+00 -7.216329941122739955e-02
1.009999999999999787e+00 -7.220688174046843710e-02
1.019999999999999574e+00 -7.233508983200948039e-02
1.029999999999999361e+00 -7.254377928660306341e-02
1.039999999999999147e+00 -7.282836918652804692e-02
1.049999999999998934e+00 -7.318386691955018619e-02
1.059999999999998721e+00 -7.360489526590172082e-02
1.069999999999998508e+00 -7.408572156289279509e-02
1.079999999999998295e+00 -7.462028879974880180e-02
1.089999999999998082e+00 -7.520224847112327859e-02
1.099999999999997868e+00 -7.582499501186100443e-02
1.109999999999997655e+00 -7.648170162602732636e-02
1.119999999999997442e+00 -7.716535731592009950e-02
1.129999999999997229e+00 -7.786880491020151118e-02
1.139999999999997016e+00 -7.858477988488664356e-02
1.149999999999996803e+00 -7.930594976661982376e-02
1.159999999999996589e+00 -8.002495390451319635e-02
1.169999999999996376e+00 -8.073444339482203913e-02
1.179999999999996163e+00 -8.142712094190288075e-02
1.189999999999995950e+00 -8.209578043924564694e-02
1.199999999999995737e+00 -8.273334605588973656e-02
1.209999999999995524e+00 -8.333291061621656004e-02
1.219999999999995310e+00 -8.388777306494395181e-02
1.229999999999995097e+00 -8.439147481410971818e-02
1.239999999999994884e+00 -8.483783477489584279e-02
1.249999999999994671e+00 -8.522098288427823465e-02
1.259999999999994458e+00 -8.553539194465130391e-02
1.269999999999994245e+00 -8.577590760372694190e-02
1.279999999999994031e+00 -8.593777631209491286e-02
1.289999999999993818e+00 -8.601667110680097372e-02
1.299999999999993605e+00 -8.600871508109078634e-02
1.309999999999993392e+00 -8.591050241301811941e-02
1.319999999999993179e+00 -8.571911683885670430e-02
1.329999999999992966e+00 -8.543214747111475826e-02
1.339999999999992752e+00 -8.504770187535416748e-02
1.349999999999992539e+00 -8.456441633488465115e-02
1.359999999999992326e+00 -8.398146324765667914e-02
1.369999999999992113e+00 -8.329855561523176466e-02
1.379999999999991900e+00 -8.251594859948163663e-02
1.389999999999991687e+00 -8.163443813857282350e-02
1.399999999999991473e+00 -8.065535662974335218e-02
1.409999999999991260e+00 -7.958056570228878857e-02
1.419999999999991047e+00 -7.841244611995717984e-02
1.429999999999990834e+00 -7.715388486752318420e-02
1.439999999999990621e+00 -7.580825949158459531e-02
1.449999999999990408e+00 -7.437941978051788861e-02
1.459999999999990195e+00 -7.287166688296196904e-02
1.469999999999989981e+00 -7.128972997809286671e-02
1.479999999999989768e+00 -6.963874062423146272e-02
1.489999999999989555e+00 -6.792420492491914319e-02
1.499999999999989342e+00 -6.615197366343442131e-02
1.509999999999989129e+00 -6.432821056774307156e-02
1.519999999999988916e+00 -6.245935887801482012e-02
1.529999999999988702e+00 -6.055210639804662481e-02
1.539999999999988489e+00 -5.861334922015607601e-02
1.549999999999988276e+00 -5.665015432030359038e-02
1.559999999999988063e+00 -5.466972122632998698e-02
1.569999999999987850e+00 -5.267934296722357607e-02
1.579999999999987637e+00 -5.068636651523061171e-02
1.589999999999987423e+00 -4.869815293537380768e-02
1.599999999999987210e+00 -4.672203745853066581e-02
1.609999999999986997e+00 -4.476528969463797886e-02
1.619999999999986784e+00 -4.283507420182883219e-02
1.629999999999986571e+00 -4.093841162537778522e-02
1.639999999999986358e+00 -3.908214061723926797e-02
1.649999999999986144e+00 -3.727288074273021889e-02
1.659999999999985931e+00 -3.551699657555371786e-02
1.669999999999985718e+00 -3.382056317591457945e-02
1.679999999999985505e+00 -3.218933313897603260e-02
1.689999999999985292e+00 -3.062870539238892603e-02
1.699999999999985079e+00 -2.914369591213777227e-02
1.709999999999984865e+00 -2.773891051554289514e-02
1.719999999999984652e+00 -2.641851987899131865e-02
1.729999999999984439e+00 -2.518623691590192101e-02
1.739999999999984226e+00 -2.404529663762834668e-02
1.749999999999984013e+00 -2.299843860653548108e-02
1.759999999999983800e+00 -2.204789207642525450e-02
1.769999999999983586e+00 -2.119536390091108710e-02
1.779999999999983373e+00 -2.044202927532678959e-02
1.789999999999983160e+00 -1.978852536238645890e-02
1.799999999999982947e+00 -1.923494783617020129e-02
1.809999999999982734e+00 -1.878085036318136516e-02
1.819999999999982521e+00 -1.842524702329003533e-02
1.829999999999982307e+00 -1.816661765743146292e-02
1.839999999999982094e+00 -1.800291611305311623e-02
1.849999999999981881e+00 -1.793158134258649589e-02
1.859999999999981668e+00 -1.794955129474483727e-02
1.869999999999981455e+00 -1.805327952329936064e-02
1.879999999999981242e+00 -1.823875442324690566e-02
1.889999999999981029e+00 -1.850152099003066902e-02
1.899999999999980815e+00 -1.883670498379055869e-02
1.909999999999980602e+00 -1.923903936757453970e-02
1.919999999999980389e+00 -1.970289287610850829e-02
1.929999999999980176e+00 -2.022230056016506225e-02
1.939999999999979963e+00 -2.079099614085876818e-02
1.949999999999979750e+00 -2.140244599836729766e-02
1.959999999999979536e+00 -2.204988461075380046e-02
1.969999999999979323e+00 -2.272635125054650942e-02
1.979999999999979110e+00 -2.342472774048385067e-02
1.989999999999978897e+00 -2.413777706194462913e-02
1.994999999999989448e+00 -2.449751961478516954e-02
2.000000000000000000e+00 -2.485818265504411220e-02
2.009999999999999787e+00 -2.557996156717225189e-02
2.019999999999999574e+00 -2.630260271271580089e-02
2.029999999999999361e+00 -2.702693199993721346e-02
2.039999999999999147e+00 -2.775373169077490626e-02
2.049999999999998934e+00 -2.848373615776456438e-02
2.059999999999998721e+00 -2.921762790075756178e-02
2.069999999999998508e+00 -2.995603384499349528e-02
2.079999999999998295e+00 -3.069952194061506198e-02
2.089999999999998082e+00 -3.144859808206742352e-02
2.099999999999997868e+00 -3.220370336409204143e-02
2.109999999999997655e+00 -3.296521168919856054e-02
2.119999999999997442e+00 -3.373342773959191881e-02
2.129999999999997229e+00 -3.450858532455518268e-02
2.139999999999997016e+00 -3.529084611225195844e-02
2.149999999999996803e+00 -3.608029875282716542e-02
2.159999999999996589e+00 -3.687695839756258837e-02
2.169999999999996376e+00 -3.768076661669526178e-02
2.179999999999996163e+00 -3.849159171634454479e-02
2.189999999999995950e+00 -3.930922945282872699e-02
2.199999999999995737e+00 -4.013340414049680616e-02
2.209999999999995524e+00 -4.096377014706633485e-02
2.219999999999995310e+00 -4.179991376835667100e-02
2.229999999999995097e+00 -4.264135547224880141e-02
2.239999999999994884e+00 -4.348755249970047421e-02
2.249999999999994671e+00 -4.433790180870846032e-02
2.259999999999994458e+00 -4.519174334524976577e-02
2.269999999999994245e+00 -4.604836362345992445e-02
2.279999999999994031e+00 -4.690699959562927290e-02
2.289999999999993818e+00 -4.776684279102608177e-02
2.299999999999993605e+00 -4.862704370109726532e-02
2.309999999999993392e+00 -4.948671638726103578e-02
2.319999999999993179e+00 -5.034494328629857129e-02
2.329999999999992966e+00 -5.120078018727985958e-02
2.339999999999992752e+00 -5.205326135302853346e-02
2.349999999999992539e+00 -5.290140475834659295e-02
2.359999999999992326e+00 -5.374421741658642893e-02
2.369999999999992113e+00 -5.458070076567855117e-02
2.379999999999991900e+00 -5.540985608440071597e-02
2.389999999999991687e+00 -5.623068990951037710e-02
2.399999999999991473e+00 -5.704221942435746401e-02
2.409999999999991260e+00 -5.784347778974930493e-02
2.419999999999991047e+00 -5.863351938815274805e-02
2.429999999999990834e+00 -5.941142495278852603e-02
2.439999999999990621e+00 -6.017630655379732629e-02
2.449999999999990408e+00 -6.092731241443227058e-02
2.459999999999990195e+00 -6.166363153115442253e-02
2.469999999999989981e+00 -6.238449807257161195e-02
2.479999999999989768e+00 -6.308919553336045372e-02
2.489999999999989555e+00 -6.377706062064036896e-02
2.499999999999989342e+00 -6.444748685171966529e-02
2.509999999999989129e+00 -6.509992784369927898e-02
2.519999999999988916e+00 -6.573390027709109795e-02
2.529999999999988702e+00 -6.634898651737601571e-02
2.539999999999988489e+00 -6.694483688028222967e-02
2.549999999999988276e+00 -6.752117152849668180e-02
2.559999999999988063e+00 -6.807778198952189885e-02
2.569999999999987850e+00 -6.861453228644506797e-02
2.579999999999987637e+00 -6.913135967548617034e-02
2.589999999999987423e+00 -6.962827498632452594e-02
2.599999999999987210e+00 -7.010536256335790639e-02
2.609999999999986997e+00 -7.056277980821271112e-02
2.619999999999986784e+00 -7.100075632598673581e-02
2.629999999999986571e+00 -7.141959267985538429e-02
2.639999999999986358e+00 -7.181965876079639266e-02
2.649999999999986144e+00 -7.220139178127579771e-02
2.659999999999985931e+00 -7.256529390377748634e-02
2.669999999999985718e+00 -7.291192951703946712e-02
2.679999999999985505e+00 -7.324192217477064337e-02
2.689999999999985292e+00 -7.355595121345270826e-02
2.699999999999985079e+00 -7.385474806757244548e-02
2.709999999999984865e+00 -7.413909230227092029e-02
2.719999999999984652e+00 -7.440980738492866675e-02
2.729999999999984439e+00 -7.466775621862210832e-02
2.739999999999984226e+00 -7.491383646167810995e-02
2.749999999999984013e+00 -7.514897565871360430e-02
2.759999999999983800e+00 -7.537412620956995823e-02
2.769999999999983586e+00 -7.559026020343090346e-02
2.779999999999983373e+00 -7.579836414614413154e-02
2.789999999999983160e+00 -7.599943360934585668e-02
2.799999999999982947e+00 -7.619446783041200488e-02
2.809999999999982734e+00 -7.638446429252612746e-02
2.819999999999982521e+00 -7.657041331426216180e-02
2.829999999999982307e+00 -7.675329267802857847e-02
2.839999999999982094e+00 -7.693406232650949750e-02
2.849999999999981881e+00 -7.711365915586972097e-02
2.859999999999981668e+00 -7.729299193396567402e-02
2.869999999999981455e+00 -7.747293637112619147e-02
2.879999999999981242e+00 -7.765433037023963814e-02
2.889999999999981029e+00 -7.783796948191112897e-02
2.899999999999980815e+00 -7.802460258934150461e-02
2.909999999999980602e+00 -7.821492784633345130e-02
2.919999999999980389e+00 -7.840958889045739066e-02
2.929999999999980176e+00 -7.860917135191713978e-02
2.939999999999979963e+00 -7.881419967705152740e-02
2.949999999999979750e+00 -7.902513428370142035e-02
2.959999999999979536e+00 -7.924236906387185919e-02
2.969999999999979323e+00 -7.946622924723466264e-02
2.979999999999979110e+00 -7.969696963706070225e-02
2.989999999999978897e+00 -7.993477322810489671e-02
2.994999999999989448e+00 -8.005636091057909132e-02
3.000000000000000000e+00 -8.017974999042477846e-02
3.009999999999999787e+00 -8.043194031835243507e-02
3.019999999999999574e+00 -8.069135204272097350e-02
3.029999999999999361e+00 -8.095799795009779587e-02
3.039999999999999147e+00 -8.123189887153071942e-02
3.049999999999998934e+00 -8.151308322466166434e-02
3.059999999999998721e+00 -8.180158651468974473e-02
3.069999999999998508e+00 -8.209745079689106939e-02
3.079999999999998295e+00 -8.240072410361039268e-02
3.089999999999998082e+00 -8.271145983883283759e-02
3.099999999999997868e+00 -8.302971614361938368e-02
3.109999999999997655e+00 -8.335555523584818605e-02
3.119999999999997442e+00 -8.368904272784292997e-02
3.129999999999997229e+00 -8.403024692558948294e-02
3.139999999999997016e+00 -8.437923811334194224e-02
3.149999999999996803e+00 -8.473608782749846025e-02
3.159999999999996589e+00 -8.510086812368525266e-02
3.169999999999996376e+00 -8.547365084102438726e-02
3.179999999999996163e+00 -8.585450686757584160e-02
3.189999999999995950e+00 -8.624350541093822597e-02
3.199999999999995737e+00 -8.664071327796438182e-02
3.209999999999995524e+00 -8.704619416749886929e-02
3.219999999999995310e+00 -8.746000797997344200e-02
3.229999999999995097e+00 -8.788221014760543015e-02
3.239999999999994884e+00 -8.831285098883195905e-02
3.249999999999994671e+00 -8.875197509048171618e-02
3.259999999999994458e+00 -8.919962072103533590e-02
3.269999999999994245e+00 -8.965581927815692576e-02
3.279999999999994031e+00 -9.012059477349337877e-02
3.289999999999993818e+00 -9.059396335753598650e-02
3.299999999999993605e+00 -9.107593288712145796e-02
3.309999999999993392e+00 -9.156650253791827343e-02
3.319999999999993179e+00 -9.206566246400034459e-02
3.329999999999992966e+00 -9.257339350635439279e-02
3.339999999999992752e+00 -9.308966695190215579e-02
3.349999999999992539e+00 -9.361444434434447459e-02
3.359999999999992326e+00 -9.414767734785334241e-02
3.369999999999992113e+00 -9.468930766435108837e-02
3.379999999999991900e+00 -9.523926700482564234e-02
3.389999999999991687e+00 -9.579747711483713180e-02
3.399999999999991473e+00 -9.636384985407779602e-02
3.409999999999991260e+00 -9.693828732955345195e-02
3.419999999999991047e+00 -9.752068208166418672e-02
3.429999999999990834e+00 -9.811091732217504247e-02
3.439999999999990621e+00 -9.870886722278578163e-02
3.449999999999990408e+00 -9.931439725273463748e-02
3.459999999999990195e+00 -9.992736456360480635e-02
3.469999999999989981e+00 -1.005476184192464345e-01
3.479999999999989768e+00 -1.011750006684822845e-01
3.489999999999989555e+00 -1.018093462580329234e-01
3.499999999999989342e+00 -1.024504837828794646e-01
3.509999999999989129e+00 -1.030982360710785278e-01
3.519999999999988916e+00 -1.037524207998574560e-01
3.529999999999988702e+00 -1.044128511396479192e-01
3.539999999999988489e+00 -1.050793364225647009e-01
3.549999999999988276e+00 -1.057516828317038027e-01
3.559999999999988063e+00 -1.064296941075210529e-01
3.569999999999987850e+00 -1.071131722674596998e-01
3.579999999999987637e+00 -1.078019183349238075e-01
3.589999999999987423e+00 -1.084957330736433523e-01
3.599999999999987210e+00 -1.091944177234478452e-01
3.609999999999986997e+00 -1.098977747334575206e-01
3.619999999999986784e+00 -1.106056084887152430e-01
3.629999999999986571e+00 -1.113177260263178980e-01
3.639999999999986358e+00 -1.120339377371627754e-01
3.649999999999986144e+00 -1.127540580495027950e-01
3.659999999999985931e+00 -1.134779060906027509e-01
3.669999999999985718e+00 -1.142053063229078735e-01
3.679999999999985505e+00 -1.149360891512739569e-01
3.689999999999985292e+00 -1.156700914979654771e-01
3.699999999999985079e+00 -1.164071573423027667e-01
3.709999999999984865e+00 -1.171471382220313495e-01
3.719999999999984652e+00 -1.178898936936937647e-01
3.729999999999984439e+00 -1.186352917495069326e-01
3.739999999999984226e+00 -1.193832091884837882e-01
3.749999999999984013e+00 -1.201335319397863477e-01
3.759999999999983800e+00 -1.208861553365561115e-01
3.769999999999983586e+00 -1.216409843387367407e-01
3.779999999999983373e+00 -1.223979337036801701e-01
3.789999999999983160e+00 -1.231569281036110630e-01
3.799999999999982947e+00 -1.239179021893121874e-01
3.809999999999982734e+00 -1.246808005996854485e-01
3.819999999999982521e+00 -1.254455779171367302e-01
3.829999999999982307e+00 -1.262121985690263792e-01
3.839999999999982094e+00 -1.269806366757201266e-01
3.849999999999981881e+00 -1.277508758460643157e-01
3.859999999999981668e+00 -1.285229089213950904e-01
3.869999999999981455e+00 -1.292967376694699189e-01
3.879999999999981242e+00 -1.300723724299814865e-01
3.889999999999981029e+00 -1.308498317135769473e-01
3.899999999999980815e+00 -1.316291417565572386e-01
3.909999999999980602e+00 -1.324103360336721102e-01
3.919999999999980389e+00 -1.331934547316530326e-01
3.929999999999980176e+00 -1.339785441863401427e-01
3.939999999999979963e+00 -1.347656562864558150e-01
3.949999999999979750e+00 -1.355548478472590745e-01
3.959999999999979536e+00 -1.363461799574781363e-01
3.969999999999979323e+00 -1.371397173030633743e-01
3.979999999999979110e+00 -1.379355274714286206e-01
3.989999999999978897e+00 -1.387336802399546931e-01
3.999999999999978684e+00 -1.395342468503239786e-01
4.009999999999979359e+00 -1.403372992868797686e-01
4.019999999999980034e+00 -1.411429097262184851e-01
4.029999999999980709e+00 -1.419511504393692614e-01
4.039999999999981384e+00 -1.427620938658145378e-01
4.049999999999982059e+00 -1.435758126916807098e-01
4.059999999999982734e+00 -1.443923799231419947e-01
4.069999999999983409e+00 -1.452118689546393060e-01
4.079999999999984084e+00 -1.460343536315442670e-01
4.089999999999984759e+00 -1.468599083069282718e-01
4.099999999999985434e+00 -1.476886078921288148e-01
4.109999999999986109e+00 -1.485205279008388335e-01
4.119999999999986784e+00 -1.493557444864797301e-01
4.129999999999987459e+00 -1.501943344726555385e-01
4.139999999999988134e+00 -1.510363753765230355e-01
4.149999999999988809e+00 -1.518819454249509815e-01
4.159999999999989484e+00 -1.527311235633808661e-01
4.169999999999990159e+00 -1.535839894573410302e-01
4.179999999999990834e+00 -1.544406234866060601e-01
4.189999999999991509e+00 -1.553011067320331229e-01
4.199999999999992184e+00 -1.561655209551465195e-01
4.209999999999992859e+00 -1.570339485705813110e-01
4.219999999999993534e+00 -1.579064726115355366e-01
4.229999999999994209e+00 -1.587831766884181539e-01
4.239999999999994884e+00 -1.596641449409173519e-01
4.249999999999995559e+00 -1.605494619837488923e-01
4.259999999999996234e+00 -1.614392128463789933e-01
4.269999999999996909e+00 -1.623334829070485763e-01
4.279999999999997584e+00 -1.632323578214567583e-01
4.289999999999998259e+00 -1.641359234464903338e-01
4.299999999999998934e+00 -1.650442657594131668e-01
4.309999999999999609e+00 -1.659574707729536414e-01
4.320000000000000284e+00 -1.668756244467506367e-01
4.330000000000000959e+00 -1.677988125956386412e-01
4.340000000000001634e+00 -1.687271207952693031e-01
4.350000000000002309e+00 -1.696606342855812855e-01
4.360000000000002984e+00 -1.705994378726420624e-01
4.370000000000003659e+00 -1.715436158293941749e-01
4.380000000000004334e+00 -1.724932517958441824e-01
4.390000000000005009e+00 -1.734484286792356555e-01
4.400000000000005684e+00 -1.744092285547478582e-01
4.410000000000006359e+00 -1.753757325672585521e-01
4.420000000000007034e+00 -1.763480208347039113e-01
4.430000000000007709e+00 -1.773261723535595746e-01
4.440000000000008384e+00 -1.783102649069556733e-01
4.450000000000009059e+00 -1.793003749759240761e-01
4.460000000000009734e+00 -1.802965776542594656e-01
4.470000000000010409e+00 -1.812989465674557377e-01
4.480000000000011084e+00 -1.823075537961577341e-01
4.490000000000011759e+00 -1.833224698045432532e-01
4.500000000000012434e+00 -1.843437633740240278e-01
4.510000000000013110e+00 -1.853715015426250223e-01
4.520000000000013785e+00 -1.864057495503711748e-01
4.530000000000014460e+00 -1.874465707909774848e-01
4.540000000000015135e+00 -1.884940267701046834e-01
4.550000000000015810e+00 -1.895481770704069424e-01
4.560000000000016485e+00 -1.906090793235609981e-01
4.570000000000017160e+00 -1.916767891894286813e-01
4.580000000000017835e+00 -1.927513603424655664e-01
4.590000000000018510e+00 -1.938328444654497662e-01
4.600000000000019185e+00 -1.949212912505646211e-01
4.610000000000019860e+00 -1.960167484078297051e-01
4.620000000000020535e+00 -1.971192616808340181e-01
4.630000000000021210e+00 -1.982288748696864888e-01
4.640000000000021885e+00 -1.993456298610589150e-01
4.650000000000022560e+00 -2.004695666651586106e-01
4.660000000000023235e+00 -2.016007234594300868e-01
4.670000000000023910e+00 -2.027391366387489013e-01
4.680000000000024585e+00 -2.038848408718351435e-01
4.690000000000025260e+00 -2.050378691635809381e-01
4.700000000000025935e+00 -2.061982529229534900e-01
4.710000000000026610e+00 -2.073660220361056850e-01
4.720000000000027285e+00 -2.085412049442975091e-01
4.730000000000027960e+00 -2.097238287262056800e-01
4.740000000000028635e+00 -2.109139191841751249e-01
4.750000000000029310e+00 -2.121115009339443191e-01
4.760000000000029985e+00 -2.133165974973579015e-01
4.770000000000030660e+00 -2.145292313975636633e-01
4.780000000000031335e+00 -2.157494242561776021e-01
4.790000000000032010e+00 -2.169771968918898786e-01
4.800000000000032685e+00 -2.182125694199770760e-01
4.810000000000033360e+00 -2.194555613521806392e-01
4.820000000000034035e+00 -2.207061916964102033e-01
4.830000000000034710e+00 -2.219644790557304959e-01
4.840000000000035385e+00 -2.232304417260954077e-01
4.850000000000036060e+00 -2.245040977922986847e-01
4.860000000000036735e+00 -2.257854652216211566e-01
4.870000000000037410e+00 -2.270745619546662708e-01
4.880000000000038085e+00 -2.283714059928914075e-01
4.890000000000038760e+00 -2.296760154823601074e-01
4.900000000000039435e+00 -2.309884087932610186e-01
4.910000000000040110e+00 -2.323086045947621303e-01
4.920000000000040785e+00 -2.336366219247943965e-01
4.930000000000041460e+00 -2.349724802543861901e-01
4.940000000000042135e+00 -2.363161995461995901e-01
4.950000000000042810e+00 -2.376678003069510881e-01
4.960000000000043485e+00 -2.390273036334322754e-01
4.970000000000044160e+00 -2.403947312518810164e-01
4.980000000000044835e+00 -2.417701055504894170e-01
4.990000000000021529e+00 -2.431534496048692595e-01
5.000000000000000000e+00 -2.445447871963422892e-01
