-1.000010000000000066e+00 1.618146020614088243e-01
-1.000000000000000000e+00 1.617819965527644566e-01
-9.899999999999999911e-01 1.290940032741252907e-01
-9.799999999999999822e-01 9.626509085464905746e-02
-9.699999999999999734e-01 6.333109536739449374e-02
-9.599999999999999645e-01 3.032796759420029395e-02
-9.499999999999999556e-01 -2.708266218223573298e-03
-9.399999999999999467e-01 -3.574154368458217629e-02
-9.299999999999999378e-01 -6.873580564673081872e-02
-9.200000000000000400e-01 -1.016550355358871449e-01
-9.100000000000000311e-01 -1.344632986883547432e-01
-9.000000000000000222e-01 -1.671247815718346630e-01
-8.900000000000000133e-01 -1.996038308795142491e-01
-8.800000000000000044e-01 -2.318649924492514613e-01
-8.699999999999999956e-01 -2.638730499653733075e-01
-8.599999999999999867e-01 -2.955930634008400171e-01
-8.499999999999999778e-01 -3.269904071578140226e-01
-8.399999999999999689e-01 -3.580308078649951931e-01
-8.299999999999999600e-01 -3.886803817904675995e-01
-8.200000000000000622e-01 -4.189056718292141213e-01
-8.100000000000000533e-01 -4.486736840249259117e-01
-8.000000000000000444e-01 -4.779519235862366155e-01
-7.900000000000000355e-01 -5.067084303580687843e-01
-7.800000000000000266e-01 -5.349118137093704650e-01
-7.700000000000000178e-01 -5.625312867991599797e-01
-7.600000000000000089e-01 -5.895367001834695975e-01
-7.500000000000000000e-01 -6.158985747265106614e-01
-7.399999999999999911e-01 -6.415881337801259132e-01
-7.299999999999999822e-01 -6.665773345964067786e-01
-7.199999999999999734e-01 -6.908388989391849311e-01
-7.099999999999999645e-01 -7.143463428609808652e-01
-6.999999999999999556e-01 -7.370740056129092554e-01
-6.899999999999999467e-01 -7.589970776559747945e-01
-6.799999999999999378e-01 -7.800916277431910739e-01
-6.699999999999999289e-01 -8.003346290429528276e-01
-6.599999999999999201e-01 -8.197039842751481231e-01
-6.499999999999999112e-01 -8.381785498325711181e-01
-6.400000000000000133e-01 -8.557381588613035550e-01
-6.300000000000000044e-01 -8.723636432748740344e-01
-6.199999999999999956e-01 -8.880368546781584049e-01
-6.099999999999999867e-01 -9.027406841781865365e-01
-5.999999999999999778e-01 -9.164590810602262216e-01
-5.899999999999999689e-01 -9.291770703087598449e-01
-5.800000000000000711e-01 -9.408807689542257879e-01
-5.700000000000000622e-01 -9.515574012276802884e-01
-5.600000000000000533e-01 -9.611953125068429804e-01
-5.500000000000000444e-01 -9.697839820382890830e-01
-5.400000000000000355e-01 -9.773140344219182207e-01
-5.300000000000000266e-01 -9.837772498451484715e-01
-5.200000000000000178e-01 -9.891665730556725711e-01
-5.100000000000000089e-01 -9.934761210629772243e-01
-5.000000000000000000e-01 -9.967011895602226890e-01
-4.899999999999999911e-01 -9.988382580594683535e-01
-4.799999999999999822e-01 -9.998849937346403483e-01
-4.699999999999999734e-01 -9.998402539680463219e-01
-4.599999999999999645e-01 -9.987040875976601617e-01
-4.499999999999999556e-01 -9.964777348638078625e-01
-4.399999999999999467e-01 -9.931636260553218243e-01
-4.299999999999999378e-01 -9.887653788566346247e-01
-4.200000000000000400e-01 -9.832877943987098357e-01
-4.100000000000000311e-01 -9.767368520181251013e-01
-4.000000000000000222e-01 -9.691197027300204603e-01
-3.900000000000000133e-01 -9.604446614220445433e-01
-3.800000000000000044e-01 -9.507211977778144973e-01
-3.699999999999999956e-01 -9.399599259397990458e-01
-3.599999999999999867e-01 -9.281725929229125427e-01
-3.499999999999999778e-01 -9.153720657914595771e-01
-3.399999999999999689e-01 -9.015723176134364802e-01
-3.299999999999999600e-01 -8.867884122075149200e-01
-3.199999999999999512e-01 -8.710364876993650363e-01
-3.099999999999999423e-01 -8.543337389052592101e-01
-2.999999999999999334e-01 -8.366983985621958553e-01
-2.900000000000000355e-01 -8.181497174250236259e-01
-2.800000000000000266e-01 -7.987079432522994349e-01
-2.700000000000000178e-01 -7.783942987038168226e-01
-2.600000000000000089e-01 -7.572309581739271600e-01
-2.500000000000000000e-01 -7.352410235859500043e-01
-2.399999999999999911e-01 -7.124484991740923645e-01
-2.299999999999999822e-01 -6.888782652804003037e-01
-2.199999999999999734e-01 -6.645560511953552130e-01
-2.099999999999999645e-01 -6.395084070717541591e-01
-1.999999999999999556e-01 -6.137626749425374451e-01
-1.899999999999999467e-01 -5.873469588741977443e-01
-1.799999999999999378e-01 -5.602900942883546342e-01
-1.699999999999999289e-01 -5.326216164849795209e-01
-1.600000000000000311e-01 -5.043717284016328017e-01
-1.500000000000000222e-01 -4.755712676439072251e-01
-1.400000000000000133e-01 -4.462516728230694341e-01
-1.300000000000000044e-01 -4.164449492376384176e-01
-1.199999999999999956e-01 -3.861836339363717840e-01
-1.099999999999999867e-01 -3.555007602007905776e-01
-9.999999999999997780e-02 -3.244298214860174001e-01
-8.999999999999996891e-02 -2.930047348592869638e-01
-7.999999999999996003e-02 -2.612598039760432034e-01
-6.999999999999995115e-02 -2.292296816340345100e-01
-5.999999999999994227e-02 -1.969493319462859993e-01
-4.999999999999993339e-02 -1.644539921742393107e-01
-4.000000000000003553e-02 -1.317791342627237516e-01
-3.000000000000002665e-02 -9.896042611874489303e-02
-2.000000000000001776e-02 -6.603369267636462203e-02
-1.000000000000000888e-02 -3.303487679016636758e-02
0.000000000000000000e+00 0.000000000000000000e+00
9.999999999999999547e-07 1.617803662726192623e-07
1.000100000000000121e-02 1.454640201578183932e-03
2.000099999999999795e-02 2.581504111648382904e-03
3.000099999999999642e-02 3.379523464973470046e-03
4.000100000000000183e-02 3.847827132085446158e-03
5.000100000000000378e-02 3.985903915123592198e-03
6.000100000000000572e-02 3.793603088563486398e-03
7.000100000000000766e-02 3.271134568383333649e-03
8.000100000000001654e-02 2.419068681677749751e-03
9.000100000000002542e-02 1.238335544420860737e-03
1.000010000000000343e-01 -2.697759539383576526e-04
1.100010000000000432e-01 -2.103619557405182056e-03
1.200010000000000521e-01 -4.261193440500202212e-03
1.300010000000000610e-01 -6.740142393452270078e-03
1.400010000000000698e-01 -9.537760393148254565e-03
1.500010000000000787e-01 -1.265099355703041412e-02
1.600010000000000876e-01 -1.607644347671762647e-02
1.700010000000000965e-01 -1.981037092771131131e-02
1.800010000000001054e-01 -2.384869995113656632e-02
1.900010000000001142e-01 -2.818702230306287942e-02
2.000010000000001231e-01 -3.282060226654754526e-02
2.100010000000001320e-01 -3.774438182114892015e-02
2.200010000000001409e-01 -4.295298616426651561e-02
2.300010000000001498e-01 -4.844072957828079312e-02
2.400010000000001587e-01 -5.420162163708810987e-02
2.500010000000001398e-01 -6.022937374525574872e-02
2.600010000000001487e-01 -6.651740600265884651e-02
2.700010000000001575e-01 -7.305885438710586766e-02
2.800010000000001664e-01 -7.984657824711194340e-02
2.900010000000001753e-01 -8.687316809664108463e-02
3.000010000000001842e-01 -9.413095370330837319e-02
3.100010000000001931e-01 -1.016120124612132358e-01
3.200010000000002020e-01 -1.093081780392637647e-01
3.300010000000002108e-01 -1.172110492955518030e-01
3.400010000000002197e-01 -1.253119994480476895e-01
3.500010000000002286e-01 -1.336021854916040197e-01
3.600010000000002375e-01 -1.420725578509887121e-01
3.700010000000002464e-01 -1.507138702594102986e-01
3.800010000000002552e-01 -1.595166898517517695e-01
3.900010000000002641e-01 -1.684714074614954427e-01
4.000010000000002730e-01 -1.775682481100985532e-01
4.100010000000002819e-01 -1.867972816773694478e-01
4.200010000000002908e-01 -1.961484337411965595e-01
4.300010000000002997e-01 -2.056114965747974921e-01
4.400010000000003085e-01 -2.151761402894835640e-01
4.500010000000003174e-01 -2.248319241107764599e-01
4.600010000000003263e-01 -2.345683077755679469e-01
4.700010000000003352e-01 -2.443746630378814122e-01
4.800010000000003441e-01 -2.542402852706756589e-01
4.900010000000003529e-01 -2.641544051510262281e-01
5.000010000000003618e-01 -2.741062004159289800e-01
5.100010000000002597e-01 -2.840848076758928920e-01
5.200010000000001575e-01 -2.940793342734268623e-01
5.300010000000000554e-01 -3.040788701734752353e-01
5.400009999999999533e-01 -3.140724998728227635e-01
5.500009999999998511e-01 -3.240493143154687394e-01
5.600009999999997490e-01 -3.339984228009631462e-01
5.700009999999996468e-01 -3.439089648727061133e-01
5.800009999999995447e-01 -3.537701221732327816e-01
5.900009999999994426e-01 -3.635711302535432066e-01
6.000009999999993404e-01 -3.733012903235853330e-01
6.100009999999992383e-01 -3.829499809310646374e-01
6.200009999999991361e-01 -3.925066695558320773e-01
6.300009999999990340e-01 -4.019609241071933625e-01
6.400009999999989319e-01 -4.113024243115893097e-01
6.500009999999988297e-01 -4.205209729782167782e-01
6.600009999999987276e-01 -4.296065071302920257e-01
6.700009999999986254e-01 -4.385491089898061468e-01
6.800009999999985233e-01 -4.473390168037811865e-01
6.900009999999984212e-01 -4.559666355002094940e-01
7.000009999999983190e-01 -4.644225471620434531e-01
7.100009999999982169e-01 -4.726975213078032922e-01
7.200009999999981147e-01 -4.807825249675795054e-01
7.300009999999980126e-01 -4.886687325434317941e-01
7.400009999999979105e-01 -4.963475354434204734e-01
7.500009999999978083e-01 -5.038105514787538652e-01
7.600009999999977062e-01 -5.110496340137936633e-01
7.700009999999976040e-01 -5.180568808589306462e-01
7.800009999999975019e-01 -5.248246428966225618e-01
7.900009999999973997e-01 -5.313455324311783246e-01
8.000009999999972976e-01 -5.376124312531737059e-01
8.100009999999971955e-01 -5.436184984096960049e-01
8.200009999999970933e-01 -5.493571776719350375e-01
8.300009999999969912e-01 -5.548222046919685235e-01
8.400009999999968890e-01 -5.600076138409308957e-01
8.500009999999967869e-01 -5.649077447210992808e-01
8.600009999999966848e-01 -5.695172483447894507e-01
8.700009999999965826e-01 -5.738310929733159149e-01
8.800009999999964805e-01 -5.778445696096429218e-01
8.900009999999963783e-01 -5.815532971387301631e-01
9.000009999999962762e-01 -5.849532271099622260e-01
9.100009999999961741e-01 -5.880406481564413035e-01
9.200009999999960719e-01 -5.908121900463193521e-01
9.300009999999959698e-01 -5.932648273617443513e-01
9.400009999999958676e-01 -5.953958828014176419e-01
9.500009999999957655e-01 -5.972030301031080457e-01
9.600009999999956634e-01 -5.986842965831159491e-01
9.700009999999955612e-01 -5.998380652892317810e-01
9.800009999999954591e-01 -6.006630767673886151e-01
9.900004999999978406e-01 -6.011584139146147754e-01
1.000000000000000000e+00 -6.013235855661064333e-01
1.009999999999999787e+00 -6.013160405559871968e-01
1.019999999999999574e+00 -6.012955873447347610e-01
1.029999999999999361e+00 -6.012655085251219500e-01
1.039999999999999147e+00 -6.012290971971192555e-01
1.049999999999998934e+00 -6.011896533733032122e-01
1.059999999999998721e+00 -6.011504803765168603e-01
1.069999999999998508e+00 -6.011148812339706105e-01
1.079999999999998295e+00 -6.010861550716511958e-01
1.089999999999998082e+00 -6.010675935129937697e-01
1.099999999999997868e+00 -6.010624770857421195e-01
1.109999999999997655e+00 -6.010740716409211926e-01
1.119999999999997442e+00 -6.011056247878312497e-01
1.129999999999997229e+00 -6.011603623489542025e-01
1.139999999999997016e+00 -6.012414848386424815e-01
1.149999999999996803e+00 -6.013521639694346943e-01
1.159999999999996589e+00 -6.014955391898110237e-01
1.169999999999996376e+00 -6.016747142571680085e-01
1.179999999999996163e+00 -6.018927538497540475e-01
1.189999999999995950e+00 -6.021526802212636698e-01
1.199999999999995737e+00 -6.024574699017423152e-01
1.209999999999995524e+00 -6.028100504484034117e-01
1.219999999999995310e+00 -6.032132972499036905e-01
1.229999999999995097e+00 -6.036700303875663920e-01
1.239999999999994884e+00 -6.041830115569776227e-01
1.249999999999994671e+00 -6.047549410533168412e-01
1.259999999999994458e+00 -6.053884548237117302e-01
1.269999999999994245e+00 -6.060861215898361021e-01
1.279999999999994031e+00 -6.068504400438905488e-01
1.289999999999993818e+00 -6.076838361210273876e-01
1.299999999999993605e+00 -6.085886603511979631e-01
1.309999999999993392e+00 -6.095671852933115531e-01
1.319999999999993179e+00 -6.106216030545076334e-01
1.329999999999992966e+00 -6.117540228972500049e-01
1.339999999999992752e+00 -6.129664689368534702e-01
1.349999999999992539e+00 -6.142608779319578272e-01
1.359999999999992326e+00 -6.156390971703600279e-01
1.369999999999992113e+00 -6.171028824525129908e-01
1.379999999999991900e+00 -6.186538961748923038e-01
1.389999999999991687e+00 -6.202937055153224799e-01
1.399999999999991473e+00 -6.220237807222440685e-01
1.409999999999991260e+00 -6.238454935097890175e-01
1.419999999999991047e+00 -6.257601155604163301e-01
1.429999999999990834e+00 -6.277688171367419301e-01
1.439999999999990621e+00 -6.298726658040793014e-01
1.449999999999990408e+00 -6.320726252650836763e-01
1.459999999999990195e+00 -6.343695543077734200e-01
1.469999999999989981e+00 -6.367642058680764716e-01
1.479999999999989768e+00 -6.392572262079243561e-01
1.489999999999989555e+00 -6.418491542097921609e-01
1.499999999999989342e+00 -6.445404207884539716e-01
1.509999999999989129e+00 -6.473313484205958090e-01
1.519999999999988916e+00 -6.502221507927998800e-01
1.529999999999988702e+00 -6.532129325682837218e-01
1.539999999999988489e+00 -6.563036892726502591e-01
1.549999999999988276e+00 -6.594943072987716759e-01
1.559999999999988063e+00 -6.627845640308032138e-01
1.569999999999987850e+00 -6.661741280871908977e-01
1.579999999999987637e+00 -6.696625596824077320e-01
1.589999999999987423e+00 -6.732493111070243508e-01
1.599999999999987210e+00 -6.769337273255889853e-01
1.609999999999986997e+00 -6.807150466916646048e-01
1.619999999999986784e+00 -6.845924017792434091e-01
1.629999999999986571e+00 -6.885648203296294012e-01
1.639999999999986358e+00 -6.926312263127571978e-01
1.649999999999986144e+00 -6.967904411017876720e-01
1.659999999999985931e+00 -7.010411847596977886e-01
1.669999999999985718e+00 -7.053820774364613078e-01
1.679999999999985505e+00 -7.098116408752943585e-01
1.689999999999985292e+00 -7.143283000263223048e-01
1.699999999999985079e+00 -7.189303847659052060e-01
1.709999999999984865e+00 -7.236161317197469245e-01
1.719999999999984652e+00 -7.283836861877958091e-01
1.729999999999984439e+00 -7.332311041688375219e-01
1.739999999999984226e+00 -7.381563544825683332e-01
1.749999999999984013e+00 -7.431573209868336249e-01
1.759999999999983800e+00 -7.482318048876108740e-01
1.769999999999983586e+00 -7.533775271392152417e-01
1.779999999999983373e+00 -7.585921309321081996e-01
1.789999999999983160e+00 -7.638731842655929194e-01
1.799999999999982947e+00 -7.692181826025887847e-01
1.809999999999982734e+00 -7.746245516035866752e-01
1.819999999999982521e+00 -7.800896499368000780e-01
1.829999999999982307e+00 -7.856107721614459249e-01
1.839999999999982094e+00 -7.911851516810061158e-01
1.849999999999981881e+00 -7.968099637632470866e-01
1.859999999999981668e+00 -8.024823286237002806e-01
1.869999999999981455e+00 -8.081993145692377700e-01
1.879999999999981242e+00 -8.139579411983113300e-01
1.889999999999981029e+00 -8.197551826543615361e-01
1.899999999999980815e+00 -8.255879709288459489e-01
1.909999999999980602e+00 -8.314531992102801583e-01
1.919999999999980389e+00 -8.373477252756363898e-01
1.929999999999980176e+00 -8.432683749203970791e-01
1.939999999999979963e+00 -8.492119454235197429e-01
1.949999999999979750e+00 -8.551752090435302822e-01
1.959999999999979536e+00 -8.611549165419291052e-01
1.969999999999979323e+00 -8.671478007300618129e-01
1.979999999999979110e+00 -8.731505800355906510e-01
1.989999999999978897e+00 -8.791599620846450858e-01
1.994999999999989448e+00 -8.821660981982223371e-01
2.000000000000000000e+00 -8.851726472908356680e-01
2.009999999999999787e+00 -8.911858574288492596e-01
2.019999999999999574e+00 -8.971989248451521792e-01
2.029999999999999361e+00 -9.032117368605706575e-01
2.039999999999999147e+00 -9.092242136773860395e-01
2.049999999999998934e+00 -9.152363084664422166e-01
2.059999999999998721e+00 -9.212480074182640699e-01
2.069999999999998508e+00 -9.272593297581321892e-01
2.079999999999998295e+00 -9.332703277250963270e-01
2.089999999999998082e+00 -9.392810865149514576e-01
2.099999999999997868e+00 -9.452917241872376142e-01
2.109999999999997655e+00 -9.513023915363663097e-01
2.119999999999997442e+00 -9.573132719270128765e-01
2.129999999999997229e+00 -9.633245810939559117e-01
2.139999999999997016e+00 -9.693365669065803214e-01
2.149999999999996803e+00 -9.753495090983034244e-01
2.159999999999996589e+00 -9.813637189612174350e-01
2.169999999999996376e+00 -9.873795390062827249e-01
2.179999999999996163e+00 -9.933973425894424558e-01
2.189999999999995950e+00 -9.994175335040669239e-01
2.199999999999995737e+00 -1.005440545540172481e+00
2.209999999999995524e+00 -1.011466842010895428e+00
2.219999999999995310e+00 -1.017496915246739908e+00
2.229999999999995097e+00 -1.023531286058148249e+00
2.239999999999994884e+00 -1.029570503166984619e+00
2.249999999999994671e+00 -1.035615142607549277e+00
2.259999999999994458e+00 -1.041665807097779339e+00
2.269999999999994245e+00 -1.047723125381320841e+00
2.279999999999994031e+00 -1.053787751541191975e+00
2.289999999999993818e+00 -1.059860364285785117e+00
2.299999999999993605e+00 -1.065941666207988137e+00
2.309999999999993392e+00 -1.072032383018233670e+00
2.319999999999993179e+00 -1.078133262752312138e+00
2.329999999999992966e+00 -1.084245074954815813e+00
2.339999999999992752e+00 -1.090368609839103220e+00
2.349999999999992539e+00 -1.096504677424700702e+00
2.359999999999992326e+00 -1.102654106653085275e+00
2.369999999999992113e+00 -1.108817744482810674e+00
2.379999999999991900e+00 -1.114996454964966688e+00
2.389999999999991687e+00 -1.121191118299980083e+00
2.399999999999991473e+00 -1.127402629876787188e+00
2.409999999999991260e+00 -1.133631899295426404e+00
2.419999999999991047e+00 -1.139879849374117793e+00
2.429999999999990834e+00 -1.146147415141913539e+00
2.439999999999990621e+00 -1.152435542818019742e+00
2.449999999999990408e+00 -1.158745188778902646e+00
2.459999999999990195e+00 -1.165077318514306848e+00
2.469999999999989981e+00 -1.171432905573325911e+00
2.479999999999989768e+00 -1.177812930501675126e+00
2.489999999999989555e+00 -1.184218379771326823e+00
2.499999999999989342e+00 -1.190650244703676863e+00
2.509999999999989129e+00 -1.197109520387416692e+00
2.519999999999988916e+00 -1.203597204592294023e+00
2.529999999999988702e+00 -1.210114296679946522e+00
2.539999999999988489e+00 -1.216661796512997107e+00
2.549999999999988276e+00 -1.223240703363603243e+00
2.559999999999988063e+00 -1.229852014822650608e+00
2.569999999999987850e+00 -1.236496725710781508e+00
2.579999999999987637e+00 -1.243175826992448219e+00
2.589999999999987423e+00 -1.249890304694174503e+00
2.599999999999987210e+00 -1.256641138828208826e+00
2.609999999999986997e+00 -1.263429302322741643e+00
2.619999999999986784e+00 -1.270255759959856290e+00
2.629999999999986571e+00 -1.277121467322371196e+00
2.639999999999986358e+00 -1.284027369750725622e+00
2.649999999999986144e+00 -1.290974401311044684e+00
2.659999999999985931e+00 -1.297963483775511628e+00
2.669999999999985718e+00 -1.304995525616161167e+00
2.679999999999985505e+00 -1.312071421013189854e+00
2.689999999999985292e+00 -1.319192048878867984e+00
2.699999999999985079e+00 -1.326358271898118835e+00
2.709999999999984865e+00 -1.333570935586810391e+00
2.719999999999984652e+00 -1.340830867368789425e+00
2.729999999999984439e+00 -1.348138875672664660e+00
2.739999999999984226e+00 -1.355495749049326015e+00
2.749999999999984013e+00 -1.362902255311161159e+00
2.759999999999983800e+00 -1.370359140693910627e+00
2.769999999999983586e+00 -1.377867129042076311e+00
2.779999999999983373e+00 -1.385426921018772184e+00
2.789999999999983160e+00 -1.393039193340879667e+00
2.799999999999982947e+00 -1.400704598040342974e+00
2.809999999999982734e+00 -1.408423761752410019e+00
2.819999999999982521e+00 -1.416197285031597142e+00
2.829999999999982307e+00 -1.424025741696123282e+00
2.839999999999982094e+00 -1.431909678201528813e+00
2.849999999999981881e+00 -1.439849613044164922e+00
2.859999999999981668e+00 -1.447846036195201913e+00
2.869999999999981455e+00 -1.455899408565776376e+00
2.879999999999981242e+00 -1.464010161503860541e+00
2.889999999999981029e+00 -1.472178696323401592e+00
2.899999999999980815e+00 -1.480405383866247648e+00
2.909999999999980602e+00 -1.488690564097336022e+00
2.919999999999980389e+00 -1.497034545733587629e+00
2.929999999999980176e+00 -1.505437605906910781e+00
2.939999999999979963e+00 -1.513899989861684059e+00
2.949999999999979750e+00 -1.522421910687047131e+00
2.959999999999979536e+00 -1.531003549084292370e+00
2.969999999999979323e+00 -1.539645053169611533e+00
2.979999999999979110e+00 -1.548346538312411536e+00
2.989999999999978897e+00 -1.557108087009377417e+00
2.994999999999989448e+00 -1.561511401909162711e+00
3.000000000000000000e+00 -1.565929748694022017e+00
3.009999999999999787e+00 -1.574811541285498606e+00
3.019999999999999574e+00 -1.583753465371177338e+00
3.029999999999999361e+00 -1.592755518933086201e+00
3.039999999999999147e+00 -1.601817698990782191e+00
3.049999999999998934e+00 -1.610940001930631693e+00
3.059999999999998721e+00 -1.620122423835781422e+00
3.069999999999998508e+00 -1.629364960816461094e+00
3.079999999999998295e+00 -1.638667609340255904e+00
3.089999999999998082e+00 -1.648030366561988647e+00
3.099999999999997868e+00 -1.657453230652852882e+00
3.109999999999997655e+00 -1.666936201128435213e+00
3.119999999999997442e+00 -1.676479279175271175e+00
3.129999999999997229e+00 -1.686082467975575927e+00
3.139999999999997016e+00 -1.695745773029798231e+00
3.149999999999996803e+00 -1.705469202476641355e+00
3.159999999999996589e+00 -1.715252767410206713e+00
3.169999999999996376e+00 -1.725096482193909431e+00
3.179999999999996163e+00 -1.735000364770825865e+00
3.189999999999995950e+00 -1.744964436970133814e+00
3.199999999999995737e+00 -1.754988724809309897e+00
3.209999999999995524e+00 -1.765073258791756139e+00
3.219999999999995310e+00 -1.775218074199528262e+00
3.229999999999995097e+00 -1.785423211380848807e+00
3.239999999999994884e+00 -1.795688716032089349e+00
3.249999999999994671e+00 -1.806014639473915162e+00
3.259999999999994458e+00 -1.816401038921289901e+00
3.269999999999994245e+00 -1.826847977747046325e+00
3.279999999999994031e+00 -1.837355525738735063e+00
3.289999999999993818e+00 -1.847923759348470973e+00
3.299999999999993605e+00 -1.858552761935504449e+00
3.309999999999993392e+00 -1.869242624001253628e+00
3.319999999999993179e+00 -1.879993443416538401e+00
3.329999999999992966e+00 -1.890805325640772416e+00
3.339999999999992752e+00 -1.901678383932868810e+00
3.349999999999992539e+00 -1.912612739553634311e+00
3.359999999999992326e+00 -1.923608521959426554e+00
3.369999999999992113e+00 -1.934665868986866766e+00
3.379999999999991900e+00 -1.945784927028403333e+00
3.389999999999991687e+00 -1.956965851198536388e+00
3.399999999999991473e+00 -1.968208805490520907e+00
3.409999999999991260e+00 -1.979513962923378445e+00
3.419999999999991047e+00 -1.990881505679056307e+00
3.429999999999990834e+00 -2.002311625229583392e+00
3.439999999999990621e+00 -2.013804522454086587e+00
3.449999999999990408e+00 -2.025360407745536495e+00
3.459999999999990195e+00 -2.036979501107109680e+00
3.469999999999989981e+00 -2.048662032238059094e+00
3.479999999999989768e+00 -2.060408240609001407e+00
3.489999999999989555e+00 -2.072218375526536427e+00
3.499999999999989342e+00 -2.084092696187130667e+00
3.509999999999989129e+00 -2.096031471720205097e+00
3.519999999999988916e+00 -2.108034981220379134e+00
3.529999999999988702e+00 -2.120103513768838432e+00
3.539999999999988489e+00 -2.132237368443798964e+00
3.549999999999988276e+00 -2.144436854320059815e+00
3.559999999999988063e+00 -2.156702290457644278e+00
3.569999999999987850e+00 -2.169034005879538984e+00
3.579999999999987637e+00 -2.181432339538559528e+00
3.589999999999987423e+00 -2.193897640273375860e+00
3.599999999999987210e+00 -2.206430266753744984e+00
3.609999999999986997e+00 -2.219030587415015354e+00
3.619999999999986784e+00 -2.231698980381966901e+00
3.629999999999986571e+00 -2.244435833382078638e+00
3.639999999999986358e+00 -2.257241543648309090e+00
3.649999999999986144e+00 -2.270116517811504586e+00
3.659999999999985931e+00 -2.283061171782546417e+00
3.669999999999985718e+00 -2.296075930624369654e+00
3.679999999999985505e+00 -2.309161228413989964e+00
3.689999999999985292e+00 -2.322317508094691174e+00
3.699999999999985079e+00 -2.335545221318534814e+00
3.709999999999984865e+00 -2.348844828279362584e+00
3.719999999999984652e+00 -2.362216797536475177e+00
3.729999999999984439e+00 -2.375661605829179290e+00
3.739999999999984226e+00 -2.389179737882404897e+00
3.749999999999984013e+00 -2.402771686203605039e+00
3.759999999999983800e+00 -2.416437950871161977e+00
3.769999999999983586e+00 -2.430179039314526612e+00
3.779999999999983373e+00 -2.443995466086335000e+00
3.789999999999983160e+00 -2.457887752626749744e+00
3.799999999999982947e+00 -2.471856427020280300e+00
3.809999999999982734e+00 -2.485902023745352629e+00
3.819999999999982521e+00 -2.500025083416899552e+00
3.829999999999982307e+00 -2.514226152522250679e+00
3.839999999999982094e+00 -2.528505783150612363e+00
3.849999999999981881e+00 -2.542864532716433867e+00
3.859999999999981668e+00 -2.557302963676960861e+00
3.869999999999981455e+00 -2.571821643244280420e+00
3.879999999999981242e+00 -2.586421143092181296e+00
3.889999999999981029e+00 -2.601102039058138971e+00
3.899999999999980815e+00 -2.615864910840757673e+00
3.909999999999980602e+00 -2.630710341692998444e+00
3.919999999999980389e+00 -2.645638918111524962e+00
3.929999999999980176e+00 -2.660651229522510430e+00
3.939999999999979963e+00 -2.675747867964246129e+00
3.949999999999979750e+00 -2.690929427766898474e+00
3.959999999999979536e+00 -2.706196505229763183e+00
3.969999999999979323e+00 -2.721549698296372277e+00
3.979999999999979110e+00 -2.736989606227804295e+00
3.989999999999978897e+00 -2.752516829274556986e+00
3.999999999999978684e+00 -2.768131968346312366e+00
4.009999999999979359e+00 -2.783835624686153754e+00
4.019999999999980034e+00 -2.799628399610614604e+00
4.029999999999980709e+00 -2.815510894425474753e+00
4.039999999999981384e+00 -2.831483710411247579e+00
4.049999999999982059e+00 -2.847547448815201498e+00
4.059999999999982734e+00 -2.863702710846677935e+00
4.069999999999983409e+00 -2.879950097675708864e+00
4.079999999999984084e+00 -2.896290210434941059e+00
4.089999999999984759e+00 -2.912723650224858130e+00
4.099999999999985434e+00 -2.929251018122300376e+00
4.109999999999986109e+00 -2.945872915192269126e+00
4.119999999999986784e+00 -2.962589942503004892e+00
4.129999999999987459e+00 -2.979402701144322485e+00
4.139999999999988134e+00 -2.996311792249181760e+00
4.149999999999988809e+00 -3.013317817018473566e+00
4.159999999999989484e+00 -3.030421376748989370e+00
4.169999999999990159e+00 -3.047623072864548810e+00
4.179999999999990834e+00 -3.064923506950246512e+00
4.189999999999991509e+00 -3.082323280789784903e+00
4.199999999999992184e+00 -3.099822996405849906e+00
4.209999999999992859e+00 -3.117423256103486473e+00
4.219999999999993534e+00 -3.135124662516425076e+00
4.229999999999994209e+00 -3.152927818656309888e+00
4.239999999999994884e+00 -3.170833327964775794e+00
4.249999999999995559e+00 -3.188841794368316052e+00
4.259999999999996234e+00 -3.206953822335879334e+00
4.269999999999996909e+00 -3.225170016939136630e+00
4.279999999999997584e+00 -3.243490983915350512e+00
4.289999999999998259e+00 -3.261917329732776594e+00
4.299999999999998934e+00 -3.280449661658528360e+00
4.309999999999999609e+00 -3.299088587828830299e+00
4.320000000000000284e+00 -3.317834717321582527e+00
4.330000000000000959e+00 -3.336688660231157399e+00
4.340000000000001634e+00 -3.355651027745346848e+00
4.350000000000002309e+00 -3.374722432224376512e+00
4.360000000000002984e+00 -3.393903487281900500e+00
4.370000000000003659e+00 -3.413194807867888425e+00
4.380000000000004334e+00 -3.432597010353312772e+00
4.390000000000005009e+00 -3.452110712616546451e+00
4.400000000000005684e+00 -3.471736534131375063e+00
4.410000000000006359e+00 -3.491475096056527505e+00
4.420000000000007034e+00 -3.511327021326627662e+00
4.430000000000007709e+00 -3.531292934744468148e+00
4.440000000000008384e+00 -3.551373463074503967e+00
4.450000000000009059e+00 -3.571569235137466602e+00
4.460000000000009734e+00 -3.591880881905992862e+00
4.470000000000010409e+00 -3.612309036601164536e+00
4.480000000000011084e+00 -3.632854334789854978e+00
4.490000000000011759e+00 -3.653517414482775116e+00
4.500000000000012434e+00 -3.674298916233110113e+00
4.510000000000013110e+00 -3.695199483235644511e+00
4.520000000000013785e+00 -3.716219761426260870e+00
4.530000000000014460e+00 -3.737360399581707515e+00
4.540000000000015135e+00 -3.758622049419526157e+00
4.550000000000015810e+00 -3.780005365698029252e+00
4.560000000000016485e+00 -3.801511006316216967e+00
4.570000000000017160e+00 -3.823139632413528943e+00
4.580000000000017835e+00 -3.844891908469315389e+00
4.590000000000018510e+00 -3.866768502401926266e+00
4.600000000000019185e+00 -3.888770085667303977e+00
4.610000000000019860e+00 -3.910897333356975647e+00
4.620000000000020535e+00 -3.933150924295337081e+00
4.630000000000021210e+00 -3.955531541136122708e+00
4.640000000000021885e+00 -3.978039870457955374e+00
4.650000000000022560e+00 -4.000676602858869835e+00
4.660000000000023235e+00 -4.023442433049713607e+00
4.670000000000023910e+00 -4.046338059946314125e+00
4.680000000000024585e+00 -4.069364186760318525e+00
4.690000000000025260e+00 -4.092521521088601233e+00
4.700000000000025935e+00 -4.115810775001151001e+00
4.710000000000026610e+00 -4.139232665127328126e+00
4.720000000000027285e+00 -4.162787912740411045e+00
4.730000000000027960e+00 -4.186477243840328377e+00
4.740000000000028635e+00 -4.210301389234496483e+00
4.750000000000029310e+00 -4.234261084616666615e+00
4.760000000000029985e+00 -4.258357070643699060e+00
4.770000000000030660e+00 -4.282590093010181675e+00
4.780000000000031335e+00 -4.306960902520803991e+00
4.790000000000032010e+00 -4.331470255160421168e+00
4.800000000000032685e+00 -4.356118912161716317e+00
4.810000000000033360e+00 -4.380907640070399900e+00
4.820000000000034035e+00 -4.405837210807867166e+00
4.830000000000034710e+00 -4.430908401731246116e+00
4.840000000000035385e+00 -4.456121995690777382e+00
4.850000000000036060e+00 -4.481478781084452301e+00
4.860000000000036735e+00 -4.506979551909858550e+00
4.870000000000037410e+00 -4.532625107813172072e+00
4.880000000000038085e+00 -4.558416254135246426e+00
4.890000000000038760e+00 -4.584353801954740959e+00
4.900000000000039435e+00 -4.610438568128248704e+00
4.910000000000040110e+00 -4.636671375327379607e+00
4.920000000000040785e+00 -4.663053052072752003e+00
4.930000000000041460e+00 -4.689584432764860367e+00
4.940000000000042135e+00 -4.716266357711788260e+00
4.950000000000042810e+00 -4.743099673153730045e+00
4.960000000000043485e+00 -4.770085231284295624e+00
4.970000000000044160e+00 -4.797223890268583091e+00
4.980000000000044835e+00 -4.824516514257984667e+00
4.990000000000021529e+00 -4.851963973401663743e+00
5.000000000000000000e+00 -4.879567143854983691e+00
