-1.000010000000000066e+00 -1.862068965517241992e+00
-1.000000000000000000e+00 -1.862068965517241770e+00
-9.899999999999999911e-01 -1.862068965517241770e+00
-9.799999999999999822e-01 -1.862068965517241548e+00
-9.699999999999999734e-01 -1.862068965517241104e+00
-9.599999999999999645e-01 -1.862068965517241326e+00
-9.499999999999999556e-01 -1.862068965517240882e+00
-9.399999999999999467e-01 -1.862068965517241326e+00
-9.299999999999999378e-01 -1.862068965517241104e+00
-9.200000000000000400e-01 -1.862068965517241326e+00
-9.100000000000000311e-01 -1.862068965517241548e+00
-9.000000000000000222e-01 -1.862068965517241548e+00
-8.900000000000000133e-01 -1.862068965517241548e+00
-8.800000000000000044e-01 -1.862068965517241548e+00
-8.699999999999999956e-01 -1.862068965517241326e+00
-8.599999999999999867e-01 -1.862068965517241104e+00
-8.499999999999999778e-01 -1.862068965517241548e+00
-8.399999999999999689e-01 -1.862068965517241770e+00
-8.299999999999999600e-01 -1.862068965517241326e+00
-8.200000000000000622e-01 -1.862068965517241548e+00
-8.100000000000000533e-01 -1.862068965517241548e+00
-8.000000000000000444e-01 -1.862068965517241548e+00
-7.900000000000000355e-01 -1.862068965517241326e+00
-7.800000000000000266e-01 -1.862068965517241326e+00
-7.700000000000000178e-01 -1.862068965517241326e+00
-7.600000000000000089e-01 -1.862068965517241326e+00
-7.500000000000000000e-01 -1.862068965517241326e+00
-7.399999999999999911e-01 -1.862068965517241326e+00
-7.299999999999999822e-01 -1.862068965517241326e+00
-7.199999999999999734e-01 -1.862068965517241326e+00
-7.099999999999999645e-01 -1.862068965517241326e+00
-6.999999999999999556e-01 -1.862068965517241326e+00
-6.899999999999999467e-01 -1.862068965517241326e+00
-6.799999999999999378e-01 -1.862068965517241326e+00
-6.699999999999999289e-01 -1.862068965517241326e+00
-6.599999999999999201e-01 -1.862068965517241326e+00
-6.499999999999999112e-01 -1.862068965517241548e+00
-6.400000000000000133e-01 -1.862068965517241548e+00
-6.300000000000000044e-01 -1.862068965517241548e+00
-6.199999999999999956e-01 -1.862068965517241548e+00
-6.099999999999999867e-01 -1.862068965517241326e+00
-5.999999999999999778e-01 -1.862068965517241326e+00
-5.899999999999999689e-01 -1.862068965517241548e+00
-5.800000000000000711e-01 -1.862068965517241548e+00
-5.700000000000000622e-01 -1.862068965517241548e+00
-5.600000000000000533e-01 -1.862068965517241548e+00
-5.500000000000000444e-01 -1.862068965517241326e+00
-5.400000000000000355e-01 -1.862068965517241326e+00
-5.300000000000000266e-01 -1.862068965517241326e+00
-5.200000000000000178e-01 -1.862068965517241326e+00
-5.100000000000000089e-01 -1.862068965517241326e+00
-5.000000000000000000e-01 -1.862068965517241326e+00
-4.899999999999999911e-01 -1.862068965517241326e+00
-4.799999999999999822e-01 -1.862068965517241326e+00
-4.699999999999999734e-01 -1.862068965517241326e+00
-4.599999999999999645e-01 -1.862068965517241326e+00
-4.499999999999999556e-01 -1.862068965517241326e+00
-4.399999999999999467e-01 -1.862068965517241326e+00
-4.299999999999999378e-01 -1.862068965517241548e+00
-4.200000000000000400e-01 -1.862068965517241548e+00
-4.100000000000000311e-01 -1.862068965517241548e+00
-4.000000000000000222e-01 -1.862068965517241548e+00
-3.900000000000000133e-01 -1.862068965517241326e+00
-3.800000000000000044e-01 -1.862068965517241326e+00
-3.699999999999999956e-01 -1.862068965517241326e+00
-3.599999999999999867e-01 -1.862068965517241326e+00
-3.499999999999999778e-01 -1.862068965517241326e+00
-3.399999999999999689e-01 -1.862068965517241326e+00
-3.299999999999999600e-01 -1.862068965517241326e+00
-3.199999999999999512e-01 -1.862068965517241326e+00
-3.099999999999999423e-01 -1.862068965517241326e+00
-2.999999999999999334e-01 -1.862068965517241548e+00
-2.900000000000000355e-01 -1.862068965517241548e+00
-2.800000000000000266e-01 -1.862068965517241548e+00
-2.700000000000000178e-01 -1.862068965517241548e+00
-2.600000000000000089e-01 -1.862068965517241326e+00
-2.500000000000000000e-01 -1.862068965517241326e+00
-2.399999999999999911e-01 -1.862068965517241326e+00
-2.299999999999999822e-01 -1.862068965517241326e+00
-2.199999999999999734e-01 -1.862068965517241326e+00
-2.099999999999999645e-01 -1.862068965517241326e+00
-1.999999999999999556e-01 -1.862068965517241326e+00
-1.899999999999999467e-01 -1.862068965517241326e+00
-1.799999999999999378e-01 -1.862068965517241326e+00
-1.699999999999999289e-01 -1.862068965517241548e+00
-1.600000000000000311e-01 -1.862068965517241548e+00
-1.500000000000000222e-01 -1.862068965517241548e+00
-1.400000000000000133e-01 -1.862068965517241548e+00
-1.300000000000000044e-01 -1.862068965517241326e+00
-1.199999999999999956e-01 -1.862068965517241326e+00
-1.099999999999999867e-01 -1.862068965517241326e+00
-9.999999999999997780e-02 -1.862068965517241326e+00
-8.999999999999996891e-02 -1.862068965517241326e+00
-7.999999999999996003e-02 -1.862068965517241326e+00
-6.999999999999995115e-02 -1.862068965517241326e+00
-5.999999999999994227e-02 -1.862068965517241326e+00
-4.999999999999993339e-02 -1.862068965517241548e+00
-4.000000000000003553e-02 -1.862068965517241548e+00
-3.000000000000002665e-02 -1.862068965517241326e+00
-2.000000000000001776e-02 -1.862068965517241326e+00
-1.000000000000000888e-02 -1.862068965517241548e+00
0.000000000000000000e+00 -1.862068965517241326e+00
9.999999999999999547e-07 -1.862070827586206789e+00
1.000100000000000121e-02 -1.880691517241379174e+00
2.000099999999999795e-02 -1.899312206896551558e+00
3.000099999999999642e-02 -1.917932896551723942e+00
4.000100000000000183e-02 -1.936553586206896327e+00
5.000100000000000378e-02 -1.955174275862068711e+00
6.000100000000000572e-02 -1.973794965517241096e+00
7.000100000000000766e-02 -1.992415655172413480e+00
8.000100000000001654e-02 -2.011036344827585864e+00
9.000100000000002542e-02 -2.029657034482758249e+00
1.000010000000000343e-01 -2.048277724137930633e+00
1.100010000000000432e-01 -2.066898413793103018e+00
1.200010000000000521e-01 -2.085519103448275402e+00
1.300010000000000610e-01 -2.104139793103447786e+00
1.400010000000000698e-01 -2.122760482758620171e+00
1.500010000000000787e-01 -2.141381172413792555e+00
1.600010000000000876e-01 -2.160001862068964940e+00
1.700010000000000965e-01 -2.178622551724137324e+00
1.800010000000001054e-01 -2.197243241379309708e+00
1.900010000000001142e-01 -2.215863931034482093e+00
2.000010000000001231e-01 -2.234484620689654477e+00
2.100010000000001320e-01 -2.253105310344826862e+00
2.200010000000001409e-01 -2.271725999999999246e+00
2.300010000000001498e-01 -2.290346689655171630e+00
2.400010000000001587e-01 -2.308967379310344015e+00
2.500010000000001398e-01 -2.327588068965516399e+00
2.600010000000001487e-01 -2.346208758620688783e+00
2.700010000000001575e-01 -2.364829448275861168e+00
2.800010000000001664e-01 -2.383450137931033552e+00
2.900010000000001753e-01 -2.402070827586205937e+00
3.000010000000001842e-01 -2.420691517241378321e+00
3.100010000000001931e-01 -2.439312206896550705e+00
3.200010000000002020e-01 -2.457932896551723090e+00
3.300010000000002108e-01 -2.476553586206895474e+00
3.400010000000002197e-01 -2.495174275862067859e+00
3.500010000000002286e-01 -2.513794965517240243e+00
3.600010000000002375e-01 -2.532415655172412627e+00
3.700010000000002464e-01 -2.551036344827585012e+00
3.800010000000002552e-01 -2.569657034482757396e+00
3.900010000000002641e-01 -2.588277724137929781e+00
4.000010000000002730e-01 -2.606898413793102165e+00
4.100010000000002819e-01 -2.625519103448274549e+00
4.200010000000002908e-01 -2.644139793103446934e+00
4.300010000000002997e-01 -2.662760482758619318e+00
4.400010000000003085e-01 -2.681381172413791703e+00
4.500010000000003174e-01 -2.700001862068964087e+00
4.600010000000003263e-01 -2.718622551724136471e+00
4.700010000000003352e-01 -2.737243241379308856e+00
4.800010000000003441e-01 -2.755863931034481240e+00
4.900010000000003529e-01 -2.774484620689653624e+00
5.000010000000003618e-01 -2.793105310344826009e+00
5.100010000000002597e-01 -2.811725999999998393e+00
5.200010000000001575e-01 -2.830346689655170778e+00
5.300010000000000554e-01 -2.848967379310343162e+00
5.400009999999999533e-01 -2.867588068965515546e+00
5.500009999999998511e-01 -2.886208758620687931e+00
5.600009999999997490e-01 -2.904829448275860315e+00
5.700009999999996468e-01 -2.923450137931032700e+00
5.800009999999995447e-01 -2.942070827586205084e+00
5.900009999999994426e-01 -2.960691517241377468e+00
6.000009999999993404e-01 -2.979312206896549853e+00
6.100009999999992383e-01 -2.997932896551722237e+00
6.200009999999991361e-01 -3.016553586206894622e+00
6.300009999999990340e-01 -3.035174275862067006e+00
6.400009999999989319e-01 -3.053794965517239390e+00
6.500009999999988297e-01 -3.072415655172411775e+00
6.600009999999987276e-01 -3.091036344827584159e+00
6.700009999999986254e-01 -3.109657034482756544e+00
6.800009999999985233e-01 -3.128277724137928928e+00
6.900009999999984212e-01 -3.146898413793101312e+00
7.000009999999983190e-01 -3.165519103448273697e+00
7.100009999999982169e-01 -3.184139793103446081e+00
7.200009999999981147e-01 -3.202760482758618465e+00
7.300009999999980126e-01 -3.221381172413790850e+00
7.400009999999979105e-01 -3.240001862068963234e+00
7.500009999999978083e-01 -3.258622551724135619e+00
7.600009999999977062e-01 -3.277243241379308003e+00
7.700009999999976040e-01 -3.295863931034480387e+00
7.800009999999975019e-01 -3.314484620689652772e+00
7.900009999999973997e-01 -3.333105310344825156e+00
8.000009999999972976e-01 -3.351725999999997541e+00
8.100009999999971955e-01 -3.370346689655169925e+00
8.200009999999970933e-01 -3.388967379310342309e+00
8.300009999999969912e-01 -3.407588068965514694e+00
8.400009999999968890e-01 -3.426208758620687078e+00
8.500009999999967869e-01 -3.444829448275859463e+00
8.600009999999966848e-01 -3.463450137931031847e+00
8.700009999999965826e-01 -3.482070827586204231e+00
8.800009999999964805e-01 -3.500691517241376616e+00
8.900009999999963783e-01 -3.519312206896549000e+00
9.000009999999962762e-01 -3.537932896551721385e+00
9.100009999999961741e-01 -3.556553586206893769e+00
9.200009999999960719e-01 -3.575174275862066153e+00
9.300009999999959698e-01 -3.593794965517238538e+00
9.400009999999958676e-01 -3.612415655172410922e+00
9.500009999999957655e-01 -3.631036344827583306e+00
9.600009999999956634e-01 -3.649657034482755691e+00
9.700009999999955612e-01 -3.668277724137928075e+00
9.800009999999954591e-01 -3.686898413793100460e+00
9.900004999999978406e-01 -3.705518172413794442e+00
1.000000000000000000e+00 -3.724137931034487980e+00
1.009999999999999787e+00 -3.742851724137936209e+00
1.019999999999999574e+00 -3.761751724137936126e+00
1.029999999999999361e+00 -3.780837931034487731e+00
1.039999999999999147e+00 -3.800110344827591025e+00
1.049999999999998934e+00 -3.819568965517246006e+00
1.059999999999998721e+00 -3.839213793103452677e+00
1.069999999999998508e+00 -3.859044827586211479e+00
1.079999999999998295e+00 -3.879062068965521970e+00
1.089999999999998082e+00 -3.899265517241384149e+00
1.099999999999997868e+00 -3.919655172413798017e+00
1.109999999999997655e+00 -3.940231034482763572e+00
1.119999999999997442e+00 -3.960993103448280817e+00
1.129999999999997229e+00 -3.981941379310349749e+00
1.139999999999997016e+00 -4.003075862068970814e+00
1.149999999999996803e+00 -4.024396551724143123e+00
1.159999999999996589e+00 -4.045903448275867120e+00
1.169999999999996376e+00 -4.067596551724142806e+00
1.179999999999996163e+00 -4.089475862068970180e+00
1.189999999999995950e+00 -4.111541379310349242e+00
1.199999999999995737e+00 -4.133793103448279993e+00
1.209999999999995524e+00 -4.156231034482762432e+00
1.219999999999995310e+00 -4.178855172413796559e+00
1.229999999999995097e+00 -4.201665517241382375e+00
1.239999999999994884e+00 -4.224662068965519879e+00
1.249999999999994671e+00 -4.247844827586209071e+00
1.259999999999994458e+00 -4.271213793103449952e+00
1.269999999999994245e+00 -4.294768965517242520e+00
1.279999999999994031e+00 -4.318510344827587666e+00
1.289999999999993818e+00 -4.342437931034484500e+00
1.299999999999993605e+00 -4.366551724137933022e+00
1.309999999999993392e+00 -4.390851724137933232e+00
1.319999999999993179e+00 -4.415337931034485131e+00
1.329999999999992966e+00 -4.440010344827588717e+00
1.339999999999992752e+00 -4.464868965517243993e+00
1.349999999999992539e+00 -4.489913793103450956e+00
1.359999999999992326e+00 -4.515144827586209608e+00
1.369999999999992113e+00 -4.540562068965519948e+00
1.379999999999991900e+00 -4.566165517241381977e+00
1.389999999999991687e+00 -4.591955172413795694e+00
1.399999999999991473e+00 -4.617931034482761099e+00
1.409999999999991260e+00 -4.644093103448278193e+00
1.419999999999991047e+00 -4.670441379310346974e+00
1.429999999999990834e+00 -4.696975862068967444e+00
1.439999999999990621e+00 -4.723696551724139603e+00
1.449999999999990408e+00 -4.750603448275863450e+00
1.459999999999990195e+00 -4.777696551724138985e+00
1.469999999999989981e+00 -4.804975862068966208e+00
1.479999999999989768e+00 -4.832441379310345120e+00
1.489999999999989555e+00 -4.860093103448275720e+00
1.499999999999989342e+00 -4.887931034482758008e+00
1.509999999999989129e+00 -4.915955172413791985e+00
1.519999999999988916e+00 -4.944165517241377650e+00
1.529999999999988702e+00 -4.972562068965515003e+00
1.539999999999988489e+00 -5.001144827586204045e+00
1.549999999999988276e+00 -5.029913793103444775e+00
1.559999999999988063e+00 -5.058868965517238081e+00
1.569999999999987850e+00 -5.088010344827583076e+00
1.579999999999987637e+00 -5.117337931034479759e+00
1.589999999999987423e+00 -5.146851724137928130e+00
1.599999999999987210e+00 -5.176551724137928190e+00
1.609999999999986997e+00 -5.206437931034479938e+00
1.619999999999986784e+00 -5.236510344827583374e+00
1.629999999999986571e+00 -5.266768965517238499e+00
1.639999999999986358e+00 -5.297213793103445312e+00
1.649999999999986144e+00 -5.327844827586203813e+00
1.659999999999985931e+00 -5.358662068965514003e+00
1.669999999999985718e+00 -5.389665517241375881e+00
1.679999999999985505e+00 -5.420855172413789447e+00
1.689999999999985292e+00 -5.452231034482754701e+00
1.699999999999985079e+00 -5.483793103448271644e+00
1.709999999999984865e+00 -5.515541379310340275e+00
1.719999999999984652e+00 -5.547475862068960595e+00
1.729999999999984439e+00 -5.579596551724132603e+00
1.739999999999984226e+00 -5.611903448275856299e+00
1.749999999999984013e+00 -5.644396551724131683e+00
1.759999999999983800e+00 -5.677075862068958756e+00
1.769999999999983586e+00 -5.709941379310337517e+00
1.779999999999983373e+00 -5.742993103448267966e+00
1.789999999999983160e+00 -5.776231034482750104e+00
1.799999999999982947e+00 -5.809655172413783930e+00
1.809999999999982734e+00 -5.843265517241369444e+00
1.819999999999982521e+00 -5.877062068965506647e+00
1.829999999999982307e+00 -5.911044827586196426e+00
1.839999999999982094e+00 -5.945213793103437894e+00
1.849999999999981881e+00 -5.979568965517231049e+00
1.859999999999981668e+00 -6.014110344827575894e+00
1.869999999999981455e+00 -6.048837931034472426e+00
1.879999999999981242e+00 -6.083751724137920647e+00
1.889999999999981029e+00 -6.118851724137920556e+00
1.899999999999980815e+00 -6.154137931034472153e+00
1.909999999999980602e+00 -6.189610344827575439e+00
1.919999999999980389e+00 -6.225268965517230413e+00
1.929999999999980176e+00 -6.261113793103437075e+00
1.939999999999979963e+00 -6.297144827586195426e+00
1.949999999999979750e+00 -6.333362068965505465e+00
1.959999999999979536e+00 -6.369765517241367192e+00
1.969999999999979323e+00 -6.406355172413780608e+00
1.979999999999979110e+00 -6.443131034482745712e+00
1.989999999999978897e+00 -6.480093103448262504e+00
1.994999999999989448e+00 -6.498643965517267418e+00
2.000000000000000000e+00 -6.517241379310410032e+00
2.009999999999999787e+00 -6.554576172413858259e+00
2.019999999999999574e+00 -6.592099034482823861e+00
2.029999999999999361e+00 -6.629811827586272521e+00
2.039999999999999147e+00 -6.667716413793169039e+00
2.049999999999998934e+00 -6.705814655172479100e+00
2.059999999999998721e+00 -6.744108413793168388e+00
2.069999999999998508e+00 -6.782599551724202591e+00
2.079999999999998295e+00 -6.821289931034547394e+00
2.089999999999998082e+00 -6.860181413793168481e+00
2.099999999999997868e+00 -6.899275862069030651e+00
2.109999999999997655e+00 -6.938575137931099590e+00
2.119999999999997442e+00 -6.978081103448340983e+00
2.129999999999997229e+00 -7.017795620689720515e+00
2.139999999999997016e+00 -7.057720551724202984e+00
2.149999999999996803e+00 -7.097857758620754964e+00
2.159999999999996589e+00 -7.138209103448341253e+00
2.169999999999996376e+00 -7.178776448275927535e+00
2.179999999999996163e+00 -7.219561655172479497e+00
2.189999999999995950e+00 -7.260566586206961937e+00
2.199999999999995737e+00 -7.301793103448341427e+00
2.209999999999995524e+00 -7.343243068965582765e+00
2.219999999999995310e+00 -7.384918344827651637e+00
2.229999999999995097e+00 -7.426820793103513729e+00
2.239999999999994884e+00 -7.468952275862134726e+00
2.249999999999994671e+00 -7.511314655172479426e+00
2.259999999999994458e+00 -7.553909793103513515e+00
2.269999999999994245e+00 -7.596739551724203565e+00
2.279999999999994031e+00 -7.639805793103513487e+00
2.289999999999993818e+00 -7.683110379310409854e+00
2.299999999999993605e+00 -7.726655172413858352e+00
2.309999999999993392e+00 -7.770442034482823779e+00
2.319999999999993179e+00 -7.814472827586271819e+00
2.329999999999992966e+00 -7.858749413793168159e+00
2.339999999999992752e+00 -7.903273655172478485e+00
2.349999999999992539e+00 -7.948047413793168481e+00
2.359999999999992326e+00 -7.993072551724202945e+00
2.369999999999992113e+00 -8.038350931034548452e+00
2.379999999999991900e+00 -8.083884413793169799e+00
2.389999999999991687e+00 -8.129674862069032670e+00
2.399999999999991473e+00 -8.175724137931101865e+00
2.409999999999991260e+00 -8.222034103448343956e+00
2.419999999999991047e+00 -8.268606620689723741e+00
2.429999999999990834e+00 -8.315443551724206017e+00
2.439999999999990621e+00 -8.362546758620757359e+00
2.449999999999990408e+00 -8.409918103448344340e+00
2.459999999999990195e+00 -8.457559448275929981e+00
2.469999999999989981e+00 -8.505472655172480856e+00
2.479999999999989768e+00 -8.553659586206963539e+00
2.489999999999989555e+00 -8.602122103448342827e+00
2.499999999999989342e+00 -8.650862068965583518e+00
2.509999999999989129e+00 -8.699881344827652185e+00
2.519999999999988916e+00 -8.749181793103513627e+00
2.529999999999988702e+00 -8.798765275862134416e+00
2.539999999999988489e+00 -8.848633655172479351e+00
2.549999999999988276e+00 -8.898788793103513228e+00
2.559999999999988063e+00 -8.949232551724202622e+00
2.569999999999987850e+00 -8.999966793103512330e+00
2.579999999999987637e+00 -9.050993379310408926e+00
2.589999999999987423e+00 -9.102314172413857207e+00
2.599999999999987210e+00 -9.153931034482821971e+00
2.609999999999986997e+00 -9.205845827586269792e+00
2.619999999999986784e+00 -9.258060413793165466e+00
2.629999999999986571e+00 -9.310576655172475569e+00
2.639999999999986358e+00 -9.363396413793164896e+00
2.649999999999986144e+00 -9.416521551724200023e+00
2.659999999999985931e+00 -9.469953931034543970e+00
2.669999999999985718e+00 -9.523695413793165088e+00
2.679999999999985505e+00 -9.577747862069026397e+00
2.689999999999985292e+00 -9.632113137931094471e+00
2.699999999999985079e+00 -9.686793103448335884e+00
2.709999999999984865e+00 -9.741789620689715434e+00
2.719999999999984652e+00 -9.797104551724197918e+00
2.729999999999984439e+00 -9.852739758620749910e+00
2.739999999999984226e+00 -9.908697103448336208e+00
2.749999999999984013e+00 -9.964978448275921608e+00
2.759999999999983800e+00 -1.002158565517247268e+01
2.769999999999983586e+00 -1.007852058620695601e+01
2.779999999999983373e+00 -1.013578510344833461e+01
2.789999999999983160e+00 -1.019338106896557505e+01
2.799999999999982947e+00 -1.025131034482764392e+01
2.809999999999982734e+00 -1.030957479310350600e+01
2.819999999999982521e+00 -1.036817627586212609e+01
2.829999999999982307e+00 -1.042711665517247077e+01
2.839999999999982094e+00 -1.048639779310350484e+01
2.849999999999981881e+00 -1.054602155172419486e+01
2.859999999999981668e+00 -1.060598979310350565e+01
2.869999999999981455e+00 -1.066630437931040198e+01
2.879999999999981242e+00 -1.072696717241385045e+01
2.889999999999981029e+00 -1.078798003448281584e+01
2.899999999999980815e+00 -1.084934482758626473e+01
2.909999999999980602e+00 -1.091106341379316191e+01
2.919999999999980389e+00 -1.097313765517247219e+01
2.929999999999980176e+00 -1.103556941379316214e+01
2.939999999999979963e+00 -1.109836055172419655e+01
2.949999999999979750e+00 -1.116151293103454201e+01
2.959999999999979536e+00 -1.122502841379316330e+01
2.969999999999979323e+00 -1.128890886206902522e+01
2.979999999999979110e+00 -1.135315613793109435e+01
2.989999999999978897e+00 -1.141777210344833549e+01
2.994999999999989448e+00 -1.145021892672426667e+01
3.000000000000000000e+00 -1.148275862068985198e+01
3.009999999999999787e+00 -1.154811755243554217e+01
3.019999999999999574e+00 -1.161385077090537088e+01
3.029999999999999361e+00 -1.167996016609933640e+01
3.039999999999999147e+00 -1.174644764663812957e+01
3.049999999999998934e+00 -1.181331513976313019e+01
3.059999999999998721e+00 -1.188056459133640708e+01
3.069999999999998508e+00 -1.194819796584071803e+01
3.079999999999998295e+00 -1.201621724637951161e+01
3.089999999999998082e+00 -1.208462443467692538e+01
3.099999999999997868e+00 -1.215342155107778765e+01
3.109999999999997655e+00 -1.222261063454761576e+01
3.119999999999997442e+00 -1.229219374267261600e+01
3.129999999999997229e+00 -1.236217295165968544e+01
3.139999999999997016e+00 -1.243255035633641015e+01
3.149999999999996803e+00 -1.250332807015106518e+01
3.159999999999996589e+00 -1.257450822517261813e+01
3.169999999999996376e+00 -1.264609297209072203e+01
3.179999999999996163e+00 -1.271808448021572246e+01
3.189999999999995950e+00 -1.279048493747865400e+01
3.199999999999995737e+00 -1.286329655043124021e+01
3.209999999999995524e+00 -1.293652154424589540e+01
3.219999999999995310e+00 -1.301016216271572290e+01
3.229999999999995097e+00 -1.308422066825451680e+01
3.239999999999994884e+00 -1.315869934189675838e+01
3.249999999999994671e+00 -1.323360048329762151e+01
3.259999999999994458e+00 -1.330892641073296723e+01
3.269999999999994245e+00 -1.338467946109934736e+01
3.279999999999994031e+00 -1.346086198991400273e+01
3.289999999999993818e+00 -1.353747637131486492e+01
3.299999999999993605e+00 -1.361452499806055449e+01
3.309999999999993392e+00 -1.369201028153038280e+01
3.319999999999993179e+00 -1.376993465172434838e+01
3.329999999999992966e+00 -1.384830055726314235e+01
3.339999999999992752e+00 -1.392711046538814301e+01
3.349999999999992539e+00 -1.400636686196141945e+01
3.359999999999992326e+00 -1.408607225146572972e+01
3.369999999999992113e+00 -1.416622915700452268e+01
3.379999999999991900e+00 -1.424684012030193792e+01
3.389999999999991687e+00 -1.432790770170280048e+01
3.399999999999991473e+00 -1.440943448017262796e+01
3.409999999999991260e+00 -1.449142305329762870e+01
3.419999999999991047e+00 -1.457387603728469827e+01
3.429999999999990834e+00 -1.465679606696142301e+01
3.439999999999990621e+00 -1.474018579577607824e+01
3.449999999999990408e+00 -1.482404789579763005e+01
3.459999999999990195e+00 -1.490838505771573352e+01
3.469999999999989981e+00 -1.499319999084073451e+01
3.479999999999989768e+00 -1.507849542310366608e+01
3.489999999999989555e+00 -1.516427410105625384e+01
3.499999999999989342e+00 -1.525053878987090883e+01
3.509999999999989129e+00 -1.533729227334073641e+01
3.519999999999988916e+00 -1.542453735387953095e+01
3.529999999999988702e+00 -1.551227685252177224e+01
3.539999999999988489e+00 -1.560051360892263439e+01
3.549999999999988276e+00 -1.568925048135798050e+01
3.559999999999988063e+00 -1.577849034672436090e+01
3.569999999999987850e+00 -1.586823610053901668e+01
3.579999999999987637e+00 -1.595849065693987967e+01
3.589999999999987423e+00 -1.604925694868557073e+01
3.599999999999987210e+00 -1.614053792715539970e+01
3.609999999999986997e+00 -1.623233656234936717e+01
3.619999999999986784e+00 -1.632465584288815919e+01
3.629999999999986571e+00 -1.641749877601316143e+01
3.639999999999986358e+00 -1.651086838758643793e+01
3.649999999999986144e+00 -1.660476772209074880e+01
3.659999999999985931e+00 -1.669919984262954316e+01
3.669999999999985718e+00 -1.679416783092695908e+01
3.679999999999985505e+00 -1.688967478732782013e+01
3.689999999999985292e+00 -1.698572383079764947e+01
3.699999999999985079e+00 -1.708231809892264863e+01
3.709999999999984865e+00 -1.717946074790971878e+01
3.719999999999984652e+00 -1.727715495258644296e+01
3.729999999999984439e+00 -1.737540390640110033e+01
3.739999999999984226e+00 -1.747421082142265192e+01
3.749999999999984013e+00 -1.757357892834075486e+01
3.759999999999983800e+00 -1.767351147646575527e+01
3.769999999999983586e+00 -1.777401173372868826e+01
3.779999999999983373e+00 -1.787508298668127438e+01
3.789999999999983160e+00 -1.797672854049593028e+01
3.799999999999982947e+00 -1.807895171896575803e+01
3.809999999999982734e+00 -1.818175586450455228e+01
3.819999999999982521e+00 -1.828514433814679307e+01
3.829999999999982307e+00 -1.838912051954765658e+01
3.839999999999982094e+00 -1.849368780698300085e+01
3.849999999999981881e+00 -1.859884961734938003e+01
3.859999999999981668e+00 -1.870460938616403723e+01
3.869999999999981455e+00 -1.881097056756490105e+01
3.879999999999981242e+00 -1.891793663431059258e+01
3.889999999999981029e+00 -1.902551107778042194e+01
3.899999999999980815e+00 -1.913369740797438823e+01
3.909999999999980602e+00 -1.924249915351318307e+01
3.919999999999980389e+00 -1.935191986163818356e+01
3.929999999999980176e+00 -1.946196309821145931e+01
3.939999999999979963e+00 -1.957263244771576893e+01
3.949999999999979750e+00 -1.968393151325456358e+01
3.959999999999979536e+00 -1.979586391655197630e+01
3.969999999999979323e+00 -1.990843329795283978e+01
3.979999999999979110e+00 -2.002164331642266859e+01
3.989999999999978897e+00 -2.013549764954766985e+01
3.999999999999978684e+00 -2.024999999353473967e+01
4.009999999999979359e+00 -2.036515406321208488e+01
4.019999999999980034e+00 -2.048096359207261941e+01
4.029999999999980709e+00 -2.059743233241806593e+01
4.039999999999981384e+00 -2.071456405554325642e+01
4.049999999999982059e+00 -2.083236255192232633e+01
4.059999999999982734e+00 -2.095083163139493010e+01
4.069999999999983409e+00 -2.106997512335244593e+01
4.079999999999984084e+00 -2.118979687692418779e+01
4.089999999999984759e+00 -2.131030076116360306e+01
4.099999999999985434e+00 -2.143149066523448099e+01
4.109999999999986109e+00 -2.155337049859717169e+01
4.119999999999986784e+00 -2.167594419119477678e+01
4.129999999999987459e+00 -2.179921569363936484e+01
4.139999999999988134e+00 -2.192318897739817629e+01
4.149999999999988809e+00 -2.204786803497983172e+01
4.159999999999989484e+00 -2.217325688012054030e+01
4.169999999999990159e+00 -2.229935954797030107e+01
4.179999999999990834e+00 -2.242618009527911127e+01
4.189999999999991509e+00 -2.255372260058318190e+01
4.199999999999992184e+00 -2.268199116439113183e+01
4.209999999999992859e+00 -2.281098990937019977e+01
4.219999999999993534e+00 -2.294072298053245973e+01
4.229999999999994209e+00 -2.307119454542101167e+01
4.239999999999994884e+00 -2.320240879429620051e+01
4.249999999999995559e+00 -2.333436994032182099e+01
4.259999999999996234e+00 -2.346708221975132247e+01
4.269999999999996909e+00 -2.360054989211401377e+01
4.279999999999997584e+00 -2.373477724040127512e+01
4.289999999999998259e+00 -2.386976857125275941e+01
4.299999999999998934e+00 -2.400552821514260415e+01
4.309999999999999609e+00 -2.414206052656563983e+01
4.320000000000000284e+00 -2.427936988422359121e+01
4.330000000000000959e+00 -2.441746069121128215e+01
4.340000000000001634e+00 -2.455633737520285109e+01
4.350000000000002309e+00 -2.469600438863795588e+01
4.360000000000002984e+00 -2.483646620890797507e+01
4.370000000000003659e+00 -2.497772733854221983e+01
4.380000000000004334e+00 -2.511979230539413521e+01
4.390000000000005009e+00 -2.526266566282751569e+01
4.400000000000005684e+00 -2.540635198990270638e+01
4.410000000000006359e+00 -2.555085589156281145e+01
4.420000000000007034e+00 -2.569618199881989895e+01
4.430000000000007709e+00 -2.584233496894121274e+01
4.440000000000008384e+00 -2.598931948563537020e+01
4.450000000000009059e+00 -2.613714025923858131e+01
4.460000000000009734e+00 -2.628580202690084278e+01
4.470000000000010409e+00 -2.643530955277215710e+01
4.480000000000011084e+00 -2.658566762818873030e+01
4.490000000000011759e+00 -2.673688107185918028e+01
4.500000000000012434e+00 -2.688895473005075232e+01
4.510000000000013110e+00 -2.704189347677551325e+01
4.520000000000013785e+00 -2.719570221397656695e+01
4.530000000000014460e+00 -2.735038587171425917e+01
4.540000000000015135e+00 -2.750594940835238233e+01
4.550000000000015810e+00 -2.766239781074438753e+01
4.560000000000016485e+00 -2.781973609441958217e+01
4.570000000000017160e+00 -2.797796930376934554e+01
4.580000000000017835e+00 -2.813710251223333358e+01
4.590000000000018510e+00 -2.829714082248568374e+01
4.600000000000019185e+00 -2.845808936662122335e+01
4.610000000000019860e+00 -2.861995330634167445e+01
4.620000000000020535e+00 -2.878273783314186929e+01
4.630000000000021210e+00 -2.894644816849594093e+01
4.640000000000021885e+00 -2.911108956404354942e+01
4.650000000000022560e+00 -2.927666730177607235e+01
4.660000000000023235e+00 -2.944318669422281687e+01
4.670000000000023910e+00 -2.961065308463723511e+01
4.680000000000024585e+00 -2.977907184718311839e+01
4.690000000000025260e+00 -2.994844838712081270e+01
4.700000000000025935e+00 -3.011878814099341994e+01
4.710000000000026610e+00 -3.029009657681300993e+01
4.720000000000027285e+00 -3.046237919424682516e+01
4.730000000000027960e+00 -3.063564152480348568e+01
4.740000000000028635e+00 -3.080988913201919743e+01
4.750000000000029310e+00 -3.098512761164396068e+01
4.760000000000029985e+00 -3.116136259182777835e+01
4.770000000000030660e+00 -3.133859973330685378e+01
4.780000000000031335e+00 -3.151684472958980976e+01
4.790000000000032010e+00 -3.169610330714388624e+01
4.800000000000032685e+00 -3.187638122558115228e+01
4.810000000000033360e+00 -3.205768427784470731e+01
4.820000000000034035e+00 -3.224001829039490019e+01
4.830000000000034710e+00 -3.242338912339553048e+01
4.840000000000035385e+00 -3.260780267090003548e+01
4.850000000000036060e+00 -3.279326486103773419e+01
4.860000000000036735e+00 -3.297978165619999658e+01
4.870000000000037410e+00 -3.316735905322648392e+01
4.880000000000038085e+00 -3.335600308359133948e+01
4.890000000000038760e+00 -3.354571981358937904e+01
4.900000000000039435e+00 -3.373651534452233847e+01
4.910000000000040110e+00 -3.392839581288503581e+01
4.920000000000040785e+00 -3.412136739055161172e+01
4.930000000000041460e+00 -3.431543628496172005e+01
4.940000000000042135e+00 -3.451060873930674688e+01
4.950000000000042810e+00 -3.470689103271599407e+01
4.960000000000043485e+00 -3.490428948044291957e+01
4.970000000000044160e+00 -3.510281043405130674e+01
4.980000000000044835e+00 -3.530246028160150473e+01
4.990000000000021529e+00 -3.550324544783616432e+01
5.000000000000000000e+00 -3.570517239436782120e+01
