-1.000010000000000066e+00 8.965517241379312718e-01
-1.000000000000000000e+00 8.965517241379311608e-01
-9.899999999999999911e-01 8.965517241379310498e-01
-9.799999999999999822e-01 8.965517241379310498e-01
-9.699999999999999734e-01 8.965517241379309388e-01
-9.599999999999999645e-01 8.965517241379310498e-01
-9.499999999999999556e-01 8.965517241379309388e-01
-9.399999999999999467e-01 8.965517241379308278e-01
-9.299999999999999378e-01 8.965517241379310498e-01
-9.200000000000000400e-01 8.965517241379311608e-01
-9.100000000000000311e-01 8.965517241379310498e-01
-9.000000000000000222e-01 8.965517241379311608e-01
-8.900000000000000133e-01 8.965517241379310498e-01
-8.800000000000000044e-01 8.965517241379310498e-01
-8.699999999999999956e-01 8.965517241379310498e-01
-8.599999999999999867e-01 8.965517241379307167e-01
-8.499999999999999778e-01 8.965517241379312718e-01
-8.399999999999999689e-01 8.965517241379310498e-01
-8.299999999999999600e-01 8.965517241379309388e-01
-8.200000000000000622e-01 8.965517241379310498e-01
-8.100000000000000533e-01 8.965517241379311608e-01
-8.000000000000000444e-01 8.965517241379310498e-01
-7.900000000000000355e-01 8.965517241379310498e-01
-7.800000000000000266e-01 8.965517241379310498e-01
-7.700000000000000178e-01 8.965517241379310498e-01
-7.600000000000000089e-01 8.965517241379310498e-01
-7.500000000000000000e-01 8.965517241379310498e-01
-7.399999999999999911e-01 8.965517241379310498e-01
-7.299999999999999822e-01 8.965517241379310498e-01
-7.199999999999999734e-01 8.965517241379310498e-01
-7.099999999999999645e-01 8.965517241379310498e-01
-6.999999999999999556e-01 8.965517241379310498e-01
-6.899999999999999467e-01 8.965517241379310498e-01
-6.799999999999999378e-01 8.965517241379310498e-01
-6.699999999999999289e-01 8.965517241379310498e-01
-6.599999999999999201e-01 8.965517241379310498e-01
-6.499999999999999112e-01 8.965517241379311608e-01
-6.400000000000000133e-01 8.965517241379310498e-01
-6.300000000000000044e-01 8.965517241379311608e-01
-6.199999999999999956e-01 8.965517241379310498e-01
-6.099999999999999867e-01 8.965517241379310498e-01
-5.999999999999999778e-01 8.965517241379310498e-01
-5.899999999999999689e-01 8.965517241379311608e-01
-5.800000000000000711e-01 8.965517241379310498e-01
-5.700000000000000622e-01 8.965517241379311608e-01
-5.600000000000000533e-01 8.965517241379310498e-01
-5.500000000000000444e-01 8.965517241379310498e-01
-5.400000000000000355e-01 8.965517241379310498e-01
-5.300000000000000266e-01 8.965517241379310498e-01
-5.200000000000000178e-01 8.965517241379310498e-01
-5.100000000000000089e-01 8.965517241379310498e-01
-5.000000000000000000e-01 8.965517241379310498e-01
-4.899999999999999911e-01 8.965517241379310498e-01
-4.799999999999999822e-01 8.965517241379310498e-01
-4.699999999999999734e-01 8.965517241379310498e-01
-4.599999999999999645e-01 8.965517241379310498e-01
-4.499999999999999556e-01 8.965517241379310498e-01
-4.399999999999999467e-01 8.965517241379310498e-01
-4.299999999999999378e-01 8.965517241379311608e-01
-4.200000000000000400e-01 8.965517241379310498e-01
-4.100000000000000311e-01 8.965517241379311608e-01
-4.000000000000000222e-01 8.965517241379310498e-01
-3.900000000000000133e-01 8.965517241379310498e-01
-3.800000000000000044e-01 8.965517241379310498e-01
-3.699999999999999956e-01 8.965517241379310498e-01
-3.599999999999999867e-01 8.965517241379310498e-01
-3.499999999999999778e-01 8.965517241379310498e-01
-3.399999999999999689e-01 8.965517241379310498e-01
-3.299999999999999600e-01 8.965517241379310498e-01
-3.199999999999999512e-01 8.965517241379310498e-01
-3.099999999999999423e-01 8.965517241379307167e-01
-2.999999999999999334e-01 8.965517241379310498e-01
-2.900000000000000355e-01 8.965517241379310498e-01
-2.800000000000000266e-01 8.965517241379311608e-01
-2.700000000000000178e-01 8.965517241379310498e-01
-2.600000000000000089e-01 8.965517241379310498e-01
-2.500000000000000000e-01 8.965517241379310498e-01
-2.399999999999999911e-01 8.965517241379310498e-01
-2.299999999999999822e-01 8.965517241379310498e-01
-2.199999999999999734e-01 8.965517241379310498e-01
-2.099999999999999645e-01 8.965517241379310498e-01
-1.999999999999999556e-01 8.965517241379310498e-01
-1.899999999999999467e-01 8.965517241379310498e-01
-1.799999999999999378e-01 8.965517241379307167e-01
-1.699999999999999289e-01 8.965517241379310498e-01
-1.600000000000000311e-01 8.965517241379310498e-01
-1.500000000000000222e-01 8.965517241379311608e-01
-1.400000000000000133e-01 8.965517241379310498e-01
-1.300000000000000044e-01 8.965517241379310498e-01
-1.199999999999999956e-01 8.965517241379310498e-01
-1.099999999999999867e-01 8.965517241379310498e-01
-9.999999999999997780e-02 8.965517241379310498e-01
-8.999999999999996891e-02 8.965517241379310498e-01
-7.999999999999996003e-02 8.965517241379310498e-01
-6.999999999999995115e-02 8.965517241379310498e-01
-5.999999999999994227e-02 8.965517241379310498e-01
-4.999999999999993339e-02 8.965517241379311608e-01
-4.000000000000003553e-02 8.965517241379310498e-01
-3.000000000000002665e-02 8.965517241379310498e-01
-2.000000000000001776e-02 8.965517241379311608e-01
-1.000000000000000888e-02 8.965517241379310498e-01
0.000000000000000000e+00 8.965517241379310498e-01
9.999999999999999547e-07 8.965526206896551331e-01
1.000100000000000121e-02 9.055181379310344170e-01
2.000099999999999795e-02 9.144836551724137008e-01
3.000099999999999642e-02 9.234491724137929847e-01
4.000100000000000183e-02 9.324146896551722685e-01
5.000100000000000378e-02 9.413802068965515524e-01
6.000100000000000572e-02 9.503457241379308362e-01
7.000100000000000766e-02 9.593112413793101201e-01
8.000100000000001654e-02 9.682767586206894039e-01
9.000100000000002542e-02 9.772422758620686878e-01
1.000010000000000343e-01 9.862077931034479716e-01
1.100010000000000432e-01 9.951733103448272555e-01
1.200010000000000521e-01 1.004138827586206650e+00
1.300010000000000610e-01 1.013104344827586045e+00
1.400010000000000698e-01 1.022069862068965440e+00
1.500010000000000787e-01 1.031035379310344835e+00
1.600010000000000876e-01 1.040000896551724230e+00
1.700010000000000965e-01 1.048966413793103625e+00
1.800010000000001054e-01 1.057931931034483020e+00
1.900010000000001142e-01 1.066897448275862414e+00
2.000010000000001231e-01 1.075862965517241809e+00
2.100010000000001320e-01 1.084828482758621204e+00
2.200010000000001409e-01 1.093794000000000599e+00
2.300010000000001498e-01 1.102759517241379994e+00
2.400010000000001587e-01 1.111725034482759389e+00
2.500010000000001398e-01 1.120690551724138784e+00
2.600010000000001487e-01 1.129656068965518179e+00
2.700010000000001575e-01 1.138621586206897573e+00
2.800010000000001664e-01 1.147587103448276968e+00
2.900010000000001753e-01 1.156552620689656363e+00
3.000010000000001842e-01 1.165518137931035758e+00
3.100010000000001931e-01 1.174483655172415153e+00
3.200010000000002020e-01 1.183449172413794548e+00
3.300010000000002108e-01 1.192414689655173943e+00
3.400010000000002197e-01 1.201380206896553338e+00
3.500010000000002286e-01 1.210345724137932732e+00
3.600010000000002375e-01 1.219311241379312127e+00
3.700010000000002464e-01 1.228276758620691522e+00
3.800010000000002552e-01 1.237242275862070917e+00
3.900010000000002641e-01 1.246207793103450312e+00
4.000010000000002730e-01 1.255173310344829707e+00
4.100010000000002819e-01 1.264138827586209102e+00
4.200010000000002908e-01 1.273104344827588497e+00
4.300010000000002997e-01 1.282069862068967891e+00
4.400010000000003085e-01 1.291035379310347286e+00
4.500010000000003174e-01 1.300000896551726681e+00
4.600010000000003263e-01 1.308966413793106076e+00
4.700010000000003352e-01 1.317931931034485471e+00
4.800010000000003441e-01 1.326897448275864866e+00
4.900010000000003529e-01 1.335862965517244261e+00
5.000010000000003618e-01 1.344828482758623656e+00
5.100010000000002597e-01 1.353794000000003050e+00
5.200010000000001575e-01 1.362759517241382445e+00
5.300010000000000554e-01 1.371725034482761840e+00
5.400009999999999533e-01 1.380690551724141235e+00
5.500009999999998511e-01 1.389656068965520630e+00
5.600009999999997490e-01 1.398621586206900025e+00
5.700009999999996468e-01 1.407587103448279420e+00
5.800009999999995447e-01 1.416552620689658815e+00
5.900009999999994426e-01 1.425518137931038209e+00
6.000009999999993404e-01 1.434483655172417604e+00
6.100009999999992383e-01 1.443449172413796999e+00
6.200009999999991361e-01 1.452414689655176394e+00
6.300009999999990340e-01 1.461380206896555789e+00
6.400009999999989319e-01 1.470345724137935184e+00
6.500009999999988297e-01 1.479311241379314579e+00
6.600009999999987276e-01 1.488276758620693974e+00
6.700009999999986254e-01 1.497242275862073368e+00
6.800009999999985233e-01 1.506207793103452763e+00
6.900009999999984212e-01 1.515173310344832158e+00
7.000009999999983190e-01 1.524138827586211553e+00
7.100009999999982169e-01 1.533104344827590948e+00
7.200009999999981147e-01 1.542069862068970343e+00
7.300009999999980126e-01 1.551035379310349738e+00
7.400009999999979105e-01 1.560000896551729133e+00
7.500009999999978083e-01 1.568966413793108527e+00
7.600009999999977062e-01 1.577931931034487922e+00
7.700009999999976040e-01 1.586897448275867317e+00
7.800009999999975019e-01 1.595862965517246712e+00
7.900009999999973997e-01 1.604828482758626107e+00
8.000009999999972976e-01 1.613794000000005502e+00
8.100009999999971955e-01 1.622759517241384897e+00
8.200009999999970933e-01 1.631725034482764292e+00
8.300009999999969912e-01 1.640690551724143686e+00
8.400009999999968890e-01 1.649656068965523081e+00
8.500009999999967869e-01 1.658621586206902476e+00
8.600009999999966848e-01 1.667587103448281871e+00
8.700009999999965826e-01 1.676552620689661266e+00
8.800009999999964805e-01 1.685518137931040661e+00
8.900009999999963783e-01 1.694483655172420056e+00
9.000009999999962762e-01 1.703449172413799451e+00
9.100009999999961741e-01 1.712414689655178845e+00
9.200009999999960719e-01 1.721380206896558240e+00
9.300009999999959698e-01 1.730345724137937635e+00
9.400009999999958676e-01 1.739311241379317030e+00
9.500009999999957655e-01 1.748276758620696425e+00
9.600009999999956634e-01 1.757242275862075820e+00
9.700009999999955612e-01 1.766207793103455215e+00
9.800009999999954591e-01 1.775173310344834610e+00
9.900004999999978406e-01 1.784138379310353795e+00
1.000000000000000000e+00 1.793103448275872980e+00
1.009999999999999787e+00 1.802113793103459205e+00
1.019999999999999574e+00 1.811213793103459091e+00
1.029999999999999361e+00 1.820403448275872860e+00
1.039999999999999147e+00 1.829682758620700511e+00
1.049999999999998934e+00 1.839051724137941823e+00
1.059999999999998721e+00 1.848510344827597018e+00
1.069999999999998508e+00 1.858058620689665874e+00
1.079999999999998295e+00 1.867696551724148613e+00
1.089999999999998082e+00 1.877424137931045234e+00
1.099999999999997868e+00 1.887241379310355516e+00
1.109999999999997655e+00 1.897148275862079680e+00
1.119999999999997442e+00 1.907144827586217506e+00
1.129999999999997229e+00 1.917231034482769214e+00
1.139999999999997016e+00 1.927406896551734805e+00
1.149999999999996803e+00 1.937672413793114057e+00
1.159999999999996589e+00 1.948027586206907191e+00
1.169999999999996376e+00 1.958472413793113986e+00
1.179999999999996163e+00 1.969006896551734664e+00
1.189999999999995950e+00 1.979631034482769003e+00
1.199999999999995737e+00 1.990344827586217225e+00
1.209999999999995524e+00 2.001148275862079107e+00
1.219999999999995310e+00 2.012041379310355094e+00
1.229999999999995097e+00 2.023024137931044741e+00
1.239999999999994884e+00 2.034096551724148050e+00
1.249999999999994671e+00 2.045258620689665463e+00
1.259999999999994458e+00 2.056510344827596537e+00
1.269999999999994245e+00 2.067851724137941272e+00
1.279999999999994031e+00 2.079282758620699667e+00
1.289999999999993818e+00 2.090803448275872167e+00
1.299999999999993605e+00 2.102413793103458328e+00
1.309999999999993392e+00 2.114113793103458150e+00
1.319999999999993179e+00 2.125903448275872076e+00
1.329999999999992966e+00 2.137782758620699664e+00
1.339999999999992752e+00 2.149751724137940911e+00
1.349999999999992539e+00 2.161810344827595820e+00
1.359999999999992326e+00 2.173958620689664833e+00
1.369999999999992113e+00 2.186196551724147508e+00
1.379999999999991900e+00 2.198524137931043843e+00
1.389999999999991687e+00 2.210941379310354282e+00
1.399999999999991473e+00 2.223448275862078383e+00
1.409999999999991260e+00 2.236044827586216144e+00
1.419999999999991047e+00 2.248731034482768010e+00
1.429999999999990834e+00 2.261506896551733536e+00
1.439999999999990621e+00 2.274372413793112724e+00
1.449999999999990408e+00 2.287327586206905572e+00
1.459999999999990195e+00 2.300372413793112525e+00
1.469999999999989981e+00 2.313506896551733139e+00
1.479999999999989768e+00 2.326731034482767413e+00
1.489999999999989555e+00 2.340044827586215792e+00
1.499999999999989342e+00 2.353448275862077832e+00
1.509999999999989129e+00 2.366941379310353533e+00
1.519999999999988916e+00 2.380524137931043338e+00
1.529999999999988702e+00 2.394196551724146804e+00
1.539999999999988489e+00 2.407958620689663931e+00
1.549999999999988276e+00 2.421810344827594719e+00
1.559999999999988063e+00 2.435751724137939611e+00
1.569999999999987850e+00 2.449782758620698164e+00
1.579999999999987637e+00 2.463903448275870378e+00
1.589999999999987423e+00 2.478113793103456697e+00
1.599999999999987210e+00 2.492413793103456676e+00
1.609999999999986997e+00 2.506803448275870316e+00
1.619999999999986784e+00 2.521282758620697617e+00
1.629999999999986571e+00 2.535851724137939023e+00
1.639999999999986358e+00 2.550510344827594089e+00
1.649999999999986144e+00 2.565258620689662816e+00
1.659999999999985931e+00 2.580096551724145648e+00
1.669999999999985718e+00 2.595024137931042141e+00
1.679999999999985505e+00 2.610041379310352294e+00
1.689999999999985292e+00 2.625148275862076552e+00
1.699999999999985079e+00 2.640344827586214471e+00
1.709999999999984865e+00 2.655631034482766051e+00
1.719999999999984652e+00 2.671006896551731291e+00
1.729999999999984439e+00 2.686472413793110636e+00
1.739999999999984226e+00 2.702027586206903642e+00
1.749999999999984013e+00 2.717672413793110309e+00
1.759999999999983800e+00 2.733406896551731080e+00
1.769999999999983586e+00 2.749231034482765512e+00
1.779999999999983373e+00 2.765144827586213605e+00
1.789999999999983160e+00 2.781148275862075803e+00
1.799999999999982947e+00 2.797241379310351661e+00
1.809999999999982734e+00 2.813424137931041180e+00
1.819999999999982521e+00 2.829696551724144360e+00
1.829999999999982307e+00 2.846058620689661645e+00
1.839999999999982094e+00 2.862510344827592590e+00
1.849999999999981881e+00 2.879051724137937196e+00
1.859999999999981668e+00 2.895682758620695907e+00
1.869999999999981455e+00 2.912403448275868278e+00
1.879999999999981242e+00 2.929213793103454311e+00
1.889999999999981029e+00 2.946113793103454448e+00
1.899999999999980815e+00 2.963103448275868246e+00
1.909999999999980602e+00 2.980182758620695704e+00
1.919999999999980389e+00 2.997351724137936824e+00
1.929999999999980176e+00 3.014610344827592048e+00
1.939999999999979963e+00 3.031958620689660933e+00
1.949999999999979750e+00 3.049396551724143478e+00
1.959999999999979536e+00 3.066924137931040129e+00
1.969999999999979323e+00 3.084541379310350440e+00
1.979999999999979110e+00 3.102248275862074411e+00
1.989999999999978897e+00 3.120044827586212044e+00
1.994999999999989448e+00 3.128976724137955134e+00
2.000000000000000000e+00 3.137931034482801529e+00
2.009999999999999787e+00 3.155907045977054626e+00
2.019999999999999574e+00 3.173973609195445356e+00
2.029999999999999361e+00 3.192131620689698135e+00
2.039999999999999147e+00 3.210381977011537380e+00
2.049999999999998934e+00 3.228725574712687063e+00
2.059999999999998721e+00 3.247163310344871157e+00
2.069999999999998508e+00 3.265696080459813633e+00
2.079999999999998295e+00 3.284324781609238908e+00
2.089999999999998082e+00 3.303050310344871399e+00
2.099999999999997868e+00 3.321873563218434633e+00
2.109999999999997655e+00 3.340795436781653027e+00
2.119999999999997442e+00 3.359816827586250998e+00
2.129999999999997229e+00 3.378938632183952073e+00
2.139999999999997016e+00 3.398161747126481114e+00
2.149999999999996803e+00 3.417487068965561647e+00
2.159999999999996589e+00 3.436915494252918091e+00
2.169999999999996376e+00 3.456447919540274416e+00
2.179999999999996163e+00 3.476085241379355040e+00
2.189999999999995950e+00 3.495828356321883934e+00
2.199999999999995737e+00 3.515678160919585071e+00
2.209999999999995524e+00 3.535635551724182868e+00
2.219999999999995310e+00 3.555701425287401296e+00
2.229999999999995097e+00 3.575876678160964772e+00
2.239999999999994884e+00 3.596162206896597269e+00
2.249999999999994671e+00 3.616558908046022758e+00
2.259999999999994458e+00 3.637067678160965212e+00
2.269999999999994245e+00 3.657689413793149047e+00
2.279999999999994031e+00 3.678425011494298680e+00
2.289999999999993818e+00 3.699275367816138083e+00
2.299999999999993605e+00 3.720241379310391228e+00
2.309999999999993392e+00 3.741323942528782087e+00
2.319999999999993179e+00 3.762523954023035078e+00
2.329999999999992966e+00 3.783842310344874171e+00
2.339999999999992752e+00 3.805279908046023785e+00
2.349999999999992539e+00 3.826837643678207890e+00
2.359999999999992326e+00 3.848516413793150459e+00
2.369999999999992113e+00 3.870317114942575909e+00
2.379999999999991900e+00 3.892240643678208212e+00
2.389999999999991687e+00 3.914287896551771340e+00
2.399999999999991473e+00 3.936459770114989709e+00
2.409999999999991260e+00 3.958757160919587292e+00
2.419999999999991047e+00 3.981180965517288506e+00
2.429999999999990834e+00 4.003732080459817766e+00
2.439999999999990621e+00 4.026411402298898601e+00
2.449999999999990408e+00 4.049219827586255427e+00
2.459999999999990195e+00 4.072158252873611772e+00
2.469999999999989981e+00 4.095227574712692054e+00
2.479999999999989768e+00 4.118428689655220687e+00
2.489999999999989555e+00 4.141762494252922089e+00
2.499999999999989342e+00 4.165229885057519787e+00
2.509999999999989129e+00 4.188831758620738199e+00
2.519999999999988916e+00 4.212569011494301741e+00
2.529999999999988702e+00 4.236442540229933940e+00
2.539999999999988489e+00 4.260453241379359213e+00
2.549999999999988276e+00 4.284602011494301976e+00
2.559999999999988063e+00 4.308889747126485759e+00
2.569999999999987850e+00 4.333317344827634976e+00
2.579999999999987637e+00 4.357885701149474045e+00
2.589999999999987423e+00 4.382595712643727381e+00
2.599999999999987210e+00 4.407448275862118514e+00
2.609999999999986997e+00 4.432444287356371859e+00
2.619999999999986784e+00 4.457584643678210945e+00
2.629999999999986571e+00 4.482870241379360188e+00
2.639999999999986358e+00 4.508301977011544004e+00
2.649999999999986144e+00 4.533880747126486810e+00
2.659999999999985931e+00 4.559607448275912134e+00
2.669999999999985718e+00 4.585482977011544392e+00
2.679999999999985505e+00 4.611508229885108001e+00
2.689999999999985292e+00 4.637684103448326489e+00
2.699999999999985079e+00 4.664011494252924273e+00
2.709999999999984865e+00 4.690491298850625768e+00
2.719999999999984652e+00 4.717124413793154503e+00
2.729999999999984439e+00 4.743911735632234894e+00
2.739999999999984226e+00 4.770854160919591358e+00
2.749999999999984013e+00 4.797952586206947423e+00
2.759999999999983800e+00 4.825207908046028393e+00
2.769999999999983586e+00 4.852621022988556909e+00
2.779999999999983373e+00 4.880192827586258275e+00
2.789999999999983160e+00 4.907924218390856019e+00
2.799999999999982947e+00 4.935816091954074558e+00
2.809999999999982734e+00 4.963869344827637420e+00
2.819999999999982521e+00 4.992084873563269909e+00
2.829999999999982307e+00 5.020463574712695554e+00
2.839999999999982094e+00 5.049006344827637882e+00
2.849999999999981881e+00 5.077714080459822199e+00
2.859999999999981668e+00 5.106587678160972033e+00
2.869999999999981455e+00 5.135628034482810911e+00
2.879999999999981242e+00 5.164836045977064138e+00
2.889999999999981029e+00 5.194212609195455244e+00
2.899999999999980815e+00 5.223758620689707755e+00
2.909999999999980602e+00 5.253474977011546976e+00
2.919999999999980389e+00 5.283362574712696436e+00
2.929999999999980176e+00 5.313422310344880550e+00
2.939999999999979963e+00 5.343655080459822848e+00
2.949999999999979750e+00 5.374061781609248634e+00
2.959999999999979536e+00 5.404643310344880547e+00
2.969999999999979323e+00 5.435400563218443892e+00
2.979999999999979110e+00 5.466334436781662198e+00
2.989999999999978897e+00 5.497445827586259881e+00
2.994999999999989448e+00 5.513068372126523009e+00
3.000000000000000000e+00 5.528735632184027082e+00
3.009999999999999787e+00 5.560204747468989517e+00
3.019999999999999574e+00 5.591854074880388659e+00
3.029999999999999361e+00 5.623684524418224306e+00
3.039999999999999147e+00 5.655697015048014364e+00
3.049999999999998934e+00 5.687892474700792178e+00
3.059999999999998721e+00 5.720271840273110975e+00
3.069999999999998508e+00 5.752836057627038535e+00
3.079999999999998295e+00 5.785586081590161633e+00
3.089999999999998082e+00 5.818522875955583373e+00
3.099999999999997868e+00 5.851647413481924964e+00
3.109999999999997655e+00 5.884960675893323945e+00
3.119999999999997442e+00 5.918463653879435071e+00
3.129999999999997229e+00 5.952157347095432094e+00
3.139999999999997016e+00 5.986042764162003316e+00
3.149999999999996803e+00 6.020120922665356034e+00
3.159999999999996589e+00 6.054392849157214762e+00
3.169999999999996376e+00 6.088859579154820345e+00
3.179999999999996163e+00 6.123522157140931732e+00
3.189999999999995950e+00 6.158381636563825090e+00
3.199999999999995737e+00 6.193439079837292915e+00
3.209999999999995524e+00 6.228695558340645810e+00
3.219999999999995310e+00 6.264152152418711594e+00
3.229999999999995097e+00 6.299809951381834416e+00
3.239999999999994884e+00 6.335670053505877419e+00
3.249999999999994671e+00 6.371733566032219187e+00
3.259999999999994458e+00 6.408001605167756409e+00
3.269999999999994245e+00 6.444475296084902105e+00
3.279999999999994031e+00 6.481155772921588287e+00
3.289999999999993818e+00 6.518044178781263298e+00
3.299999999999993605e+00 6.555141665732891809e+00
3.309999999999993392e+00 6.592449394810957486e+00
3.319999999999993179e+00 6.629968536015459435e+00
3.329999999999992966e+00 6.667700268311915757e+00
3.339999999999992752e+00 6.705645779631360881e+00
3.349999999999992539e+00 6.743806266870346455e+00
3.359999999999992326e+00 6.782182935890940456e+00
3.369999999999992113e+00 6.820777001520729854e+00
3.379999999999991900e+00 6.859589687552818837e+00
3.389999999999991687e+00 6.898622226745827035e+00
3.399999999999991473e+00 6.937875860823893071e+00
3.409999999999991260e+00 6.977351840476671008e+00
3.419999999999991047e+00 7.017051425359333905e+00
3.429999999999990834e+00 7.056975884092572038e+00
3.439999999999990621e+00 7.097126494262592011e+00
3.449999999999990408e+00 7.137504542421117648e+00
3.459999999999990195e+00 7.178111324085389988e+00
3.469999999999989981e+00 7.218948143738168177e+00
3.479999999999989768e+00 7.260016314827727690e+00
3.489999999999989555e+00 7.301317159767862108e+00
3.499999999999989342e+00 7.342852009937881341e+00
3.509999999999989129e+00 7.384622205682613405e+00
3.519999999999988916e+00 7.426629096312403533e+00
3.529999999999988702e+00 7.468874040103112399e+00
3.539999999999988489e+00 7.511358404296120561e+00
3.549999999999988276e+00 7.554083565098324016e+00
3.559999999999988063e+00 7.597050907682136867e+00
3.569999999999987850e+00 7.640261826185489547e+00
3.579999999999987637e+00 7.683717723711830594e+00
3.589999999999987423e+00 7.727420012330125765e+00
3.599999999999987210e+00 7.771370113074858033e+00
3.609999999999986997e+00 7.815569455946026700e+00
3.619999999999986784e+00 7.860019479909150064e+00
3.629999999999986571e+00 7.904721632895261862e+00
3.639999999999986358e+00 7.949677371800913939e+00
3.649999999999986144e+00 7.994888162488175354e+00
3.659999999999985931e+00 8.040355479784631498e+00
3.669999999999985718e+00 8.086080807483387645e+00
3.679999999999985505e+00 8.132065638343062730e+00
3.689999999999985292e+00 8.178311474087795574e+00
3.699999999999985079e+00 8.224819825407241325e+00
3.709999999999984865e+00 8.271592211956571461e+00
3.719999999999984652e+00 8.318630162356475566e+00
3.729999999999984439e+00 8.365935214193161329e+00
3.739999999999984226e+00 8.413508914018352769e+00
3.749999999999984013e+00 8.461352817349292010e+00
3.759999999999983800e+00 8.509468488668737507e+00
3.769999999999983586e+00 8.557857501424964042e+00
3.779999999999983373e+00 8.606521438031764504e+00
3.789999999999983160e+00 8.655461889868451664e+00
3.799999999999982947e+00 8.704680457279851069e+00
3.809999999999982734e+00 8.754178749576308149e+00
3.819999999999982521e+00 8.803958385033684664e+00
3.829999999999982307e+00 8.854020990893358700e+00
3.839999999999982094e+00 8.904368203362228229e+00
3.849999999999981881e+00 8.955001667612707550e+00
3.859999999999981668e+00 9.005923037782727292e+00
3.869999999999981455e+00 9.057133976975736189e+00
3.879999999999981242e+00 9.108636157260697530e+00
3.889999999999981029e+00 9.160431259672096260e+00
3.899999999999980815e+00 9.212520974209931879e+00
3.909999999999980602e+00 9.264906999839721990e+00
3.919999999999980389e+00 9.317591044492500529e+00
3.929999999999980176e+00 9.370574825064819535e+00
3.939999999999979963e+00 9.423860067418747377e+00
3.949999999999979750e+00 9.477448506381870530e+00
3.959999999999979536e+00 9.531341885747291798e+00
3.969999999999979323e+00 9.585541958273633867e+00
3.979999999999979110e+00 9.640050485685032200e+00
3.989999999999978897e+00 9.694869238671143918e+00
3.999999999999978684e+00 9.749999996887140696e+00
4.009999999999979359e+00 9.805444548954010742e+00
4.019999999999980034e+00 9.861204692479454081e+00
4.029999999999980709e+00 9.917282234127261731e+00
4.039999999999981384e+00 9.973678989706057152e+00
4.049999999999982059e+00 1.003039678425894188e+01
4.059999999999982734e+00 1.008743745215315890e+01
4.069999999999983409e+00 1.014480283716974185e+01
4.079999999999984084e+00 1.020249479259317305e+01
4.089999999999984759e+00 1.026051518130103979e+01
4.099999999999985434e+00 1.031886587585368531e+01
4.109999999999986109e+00 1.037754875858387038e+01
4.119999999999986784e+00 1.043656572168642072e+01
4.129999999999987459e+00 1.049591866730788858e+01
4.139999999999988134e+00 1.055560950763620554e+01
4.149999999999988809e+00 1.061564016499033691e+01
4.159999999999989484e+00 1.067601257190993636e+01
4.169999999999990159e+00 1.073672867124500563e+01
4.179999999999990834e+00 1.079779041624554381e+01
4.189999999999991509e+00 1.085919977065120712e+01
4.199999999999992184e+00 1.092095870878095987e+01
4.209999999999992859e+00 1.098306921562273430e+01
4.219999999999993534e+00 1.104553328692308156e+01
4.229999999999994209e+00 1.110835292927682971e+01
4.239999999999994884e+00 1.117153016021673650e+01
4.249999999999995559e+00 1.123506700830314742e+01
4.259999999999996234e+00 1.129896551321364839e+01
4.269999999999996909e+00 1.136322772583272211e+01
4.279999999999997584e+00 1.142785570834140252e+01
4.289999999999998259e+00 1.149285153430693285e+01
4.299999999999998934e+00 1.155821728877241483e+01
4.309999999999999609e+00 1.162395506834647030e+01
4.320000000000000284e+00 1.169006698129289035e+01
4.330000000000000959e+00 1.175655514762029696e+01
4.340000000000001634e+00 1.182342169917179397e+01
4.350000000000002309e+00 1.189066877971462333e+01
4.360000000000002984e+00 1.195829854502981782e+01
4.370000000000003659e+00 1.202631316300186093e+01
4.380000000000004334e+00 1.209471481370833956e+01
4.390000000000005009e+00 1.216350568950959676e+01
4.400000000000005684e+00 1.223268799513839333e+01
4.410000000000006359e+00 1.230226394778955523e+01
4.420000000000007034e+00 1.237223577720963519e+01
4.430000000000007709e+00 1.244260572578656365e+01
4.440000000000008384e+00 1.251337604863930686e+01
4.450000000000009059e+00 1.258454901370751955e+01
4.460000000000009734e+00 1.265612690184120126e+01
4.470000000000010409e+00 1.272811200689035260e+01
4.480000000000011084e+00 1.280050663579462800e+01
4.490000000000011759e+00 1.287331310867299372e+01
4.500000000000012434e+00 1.294653375891338065e+01
4.510000000000013110e+00 1.302017093326234054e+01
4.520000000000013785e+00 1.309422699191470052e+01
4.530000000000014460e+00 1.316870430860321939e+01
4.540000000000015135e+00 1.324360527068824211e+01
4.550000000000015810e+00 1.331893227924735612e+01
4.560000000000016485e+00 1.339468774916504223e+01
4.570000000000017160e+00 1.347087410922233630e+01
4.580000000000017835e+00 1.354749380218647836e+01
4.590000000000018510e+00 1.362454928490057249e+01
4.600000000000019185e+00 1.370204302837323951e+01
4.610000000000019860e+00 1.377997751786827330e+01
4.620000000000020535e+00 1.385835525299429349e+01
4.630000000000021210e+00 1.393717874779440358e+01
4.640000000000021885e+00 1.401645053083584536e+01
4.650000000000022560e+00 1.409617314529965171e+01
4.660000000000023235e+00 1.417634914907030819e+01
4.670000000000023910e+00 1.425698111482539865e+01
4.680000000000024585e+00 1.433807163012526864e+01
4.690000000000025260e+00 1.441962329750267813e+01
4.700000000000025935e+00 1.450163873455245245e+01
4.710000000000026610e+00 1.458412057402114570e+01
4.720000000000027285e+00 1.466707146389668637e+01
4.730000000000027960e+00 1.475049406749804248e+01
4.740000000000028635e+00 1.483439106356486725e+01
4.750000000000029310e+00 1.491876514634716244e+01
4.760000000000029985e+00 1.500361902569492578e+01
4.770000000000030660e+00 1.508895542714781435e+01
4.780000000000031335e+00 1.517477709202479197e+01
4.790000000000032010e+00 1.526108677751379084e+01
4.800000000000032685e+00 1.534788725676136245e+01
4.810000000000033360e+00 1.543518131896233569e+01
4.820000000000034035e+00 1.552297176944946777e+01
4.830000000000034710e+00 1.561126142978310405e+01
4.840000000000035385e+00 1.570005313784083079e+01
4.850000000000036060e+00 1.578934974790712964e+01
4.860000000000036735e+00 1.587915413076303572e+01
4.870000000000037410e+00 1.596946917377579034e+01
4.880000000000038085e+00 1.606029778098849903e+01
4.890000000000038760e+00 1.615164287320977721e+01
4.900000000000039435e+00 1.624350738810342420e+01
4.910000000000040110e+00 1.633589428027805823e+01
4.920000000000040785e+00 1.642880652137678155e+01
4.930000000000041460e+00 1.652224710016683673e+01
4.940000000000042135e+00 1.661621902262925587e+01
4.950000000000042810e+00 1.671072531204852396e+01
4.960000000000043485e+00 1.680576900910222804e+01
4.970000000000044160e+00 1.690135317195070996e+01
4.980000000000044835e+00 1.699748087632673332e+01
4.990000000000021529e+00 1.709415521562490525e+01
5.000000000000000000e+00 1.719137930099200062e+01
