-1.000010000000000066e+00 -9.868389569419244722e-01
-1.000000000000000000e+00 -9.868265225415262520e-01
-9.899999999999999911e-01 -9.714778069514282688e-01
-9.799999999999999822e-01 -9.503847635361939439e-01
-9.699999999999999734e-01 -9.236721150175783990e-01
-9.599999999999999645e-01 -8.914978127240322792e-01
-9.499999999999999556e-01 -8.540521026278219408e-01
-9.399999999999999467e-01 -8.115564004246011987e-01
-9.299999999999999378e-01 -7.642619823070609941e-01
-9.200000000000000400e-01 -7.124484991740916984e-01
-9.100000000000000311e-01 -6.564223230609042004e-01
-9.000000000000000222e-01 -5.965147355676337915e-01
-8.900000000000000133e-01 -5.330799689982110845e-01
-8.800000000000000044e-01 -4.664931117922069270e-01
-8.699999999999999956e-01 -3.971478906347798987e-01
-8.599999999999999867e-01 -3.254543423590767204e-01
-8.499999999999999778e-01 -2.518363894070670406e-01
-8.399999999999999689e-01 -1.767293331850695592e-01
-8.299999999999999600e-01 -1.005772801356937113e-01
-8.200000000000000622e-01 -2.383051574579533871e-02
-8.100000000000000533e-01 5.305715798213050949e-02
-8.000000000000000444e-01 1.296311058516388393e-01
-7.900000000000000355e-01 2.054385477206832067e-01
-7.800000000000000266e-01 2.800312357810619823e-01
-7.700000000000000178e-01 3.529681050382793006e-01
-7.600000000000000089e-01 4.238178813195707662e-01
-7.500000000000000000e-01 4.921616313890080363e-01
-7.399999999999999911e-01 5.575952400909096607e-01
-7.299999999999999822e-01 6.197317998742486456e-01
-7.199999999999999734e-01 6.782038985688557675e-01
-7.099999999999999645e-01 7.326657918858536789e-01
-6.999999999999999556e-01 7.827954477963566804e-01
-6.899999999999999467e-01 8.282964507000785126e-01
-6.799999999999999378e-01 8.688997541245413458e-01
-6.699999999999999289e-01 9.043652715912026130e-01
-6.599999999999999201e-01 9.344832962417479738e-01
-6.499999999999999112e-01 9.590757408303350884e-01
-6.400000000000000133e-01 9.779971907497252426e-01
-6.300000000000000044e-01 9.911357638647982915e-01
-6.199999999999999956e-01 9.984137720692611850e-01
-6.099999999999999867e-01 9.997881806537863847e-01
-5.999999999999999778e-01 9.952508627693418264e-01
-5.899999999999999689e-01 9.848286474810781232e-01
-5.800000000000000711e-01 9.685831611286314091e-01
-5.700000000000000622e-01 9.466104629308726981e-01
-5.600000000000000533e-01 9.190404769897716486e-01
-5.500000000000000444e-01 8.860362240519129573e-01
-5.400000000000000355e-01 8.477928575702547986e-01
-5.300000000000000266e-01 8.045365097658687681e-01
-5.200000000000000178e-01 7.565229545128754340e-01
-5.100000000000000089e-01 7.040360949529115286e-01
-5.000000000000000000e-01 6.473862847818273591e-01
-4.899999999999999911e-01 5.869084931348166334e-01
-4.799999999999999822e-01 5.229603239209706933e-01
-4.699999999999999734e-01 4.559199013188888205e-01
-4.599999999999999645e-01 3.861836339363710069e-01
-4.499999999999999556e-01 3.141638708546627412e-01
-4.399999999999999467e-01 2.402864634170156499e-01
-4.299999999999999378e-01 1.649882471786602300e-01
-4.200000000000000400e-01 8.871445890735997486e-02
-4.100000000000000311e-01 1.191610390777440680e-02
-4.000000000000000222e-01 -6.495271076341085914e-02
-3.900000000000000133e-01 -1.414374614229572946e-01
-3.800000000000000044e-01 -2.170858953500422461e-01
-3.699999999999999956e-01 -2.914507049470795863e-01
-3.599999999999999867e-01 -3.640921726601304420e-01
-3.499999999999999778e-01 -4.345807710195428442e-01
-3.399999999999999689e-01 -5.024997024268391677e-01
-3.299999999999999600e-01 -5.674473636701464763e-01
-3.199999999999999512e-01 -6.290397205955302606e-01
-3.099999999999999423e-01 -6.869125788928689413e-01
-2.999999999999999334e-01 -7.407237375691396730e-01
-2.900000000000000355e-01 -7.901550123756904132e-01
-2.800000000000000266e-01 -8.349141172250054144e-01
-2.700000000000000178e-01 -8.747363924721860418e-01
-2.600000000000000089e-01 -9.093863698418627184e-01
-2.500000000000000000e-01 -9.386591647471506095e-01
-2.399999999999999911e-01 -9.623816877678998960e-01
-2.299999999999999822e-01 -9.804136681247930252e-01
-2.199999999999999734e-01 -9.926484830975114138e-01
-2.099999999999999645e-01 -9.990137884826360004e-01
-1.999999999999999556e-01 -9.994719463633995327e-01
-1.899999999999999467e-01 -9.940202476618963390e-01
-1.799999999999999378e-01 -9.826909281578023458e-01
-1.699999999999999289e-01 -9.655509778788898823e-01
-1.600000000000000311e-01 -9.427017449904012691e-01
-1.500000000000000222e-01 -9.142783365254822936e-01
-1.400000000000000133e-01 -8.804488195001389794e-01
-1.300000000000000044e-01 -8.414132271365092341e-01
-1.199999999999999956e-01 -7.974023760706294706e-01
-1.099999999999999867e-01 -7.486765015385257183e-01
-9.999999999999997780e-02 -6.955237186107384728e-01
-8.999999999999996891e-02 -6.382583185739765241e-01
-7.999999999999996003e-02 -5.772189105333525028e-01
-6.999999999999995115e-02 -5.127664192238721164e-01
-5.999999999999994227e-02 -4.452819508700717743e-01
-4.999999999999993339e-02 -3.751645397129350079e-01
-4.000000000000003553e-02 -3.028287885288251102e-01
-3.000000000000002665e-02 -2.287024170919910449e-01
-2.000000000000001776e-02 -1.532237330765507666e-01
-1.000000000000000888e-02 -7.683904035243503683e-02
0.000000000000000000e+00 0.000000000000000000e+00
9.999999999999999547e-07 -9.868259006651857264e-07
7.485427857525664419e-03 -7.347890921876398286e-03
1.748542785752566636e-02 -1.701317697400743859e-02
2.748542785752566484e-02 -2.645349131573890983e-02
3.748542785752567025e-02 -3.561301222912192921e-02
4.748542785752567219e-02 -4.443758001828322646e-02
5.748542785752567413e-02 -5.287501510356230200e-02
6.748542785752567608e-02 -6.087542713462765209e-02
7.748542785752568496e-02 -6.839150983663302985e-02
8.748542785752569384e-02 -7.537882077260565916e-02
9.748542785752570272e-02 -8.179604411955276877e-02
1.074854278575257116e-01 -8.760523497102427892e-02
1.174854278575257205e-01 -9.277204370374995956e-02
1.274854278575257294e-01 -9.726591908645215723e-02
1.374854278575257382e-01 -1.010602889285761030e-01
1.474854278575257471e-01 -1.041327172011087404e-01
1.574854278575257560e-01 -1.064650367003419362e-01
1.674854278575257649e-01 -1.080434564701667211e-01
1.774854278575257738e-01 -1.088586433477062021e-01
1.874854278575257827e-01 -1.089057771501112937e-01
1.974854278575257915e-01 -1.081845791762004322e-01
2.074854278575258004e-01 -1.066993138544137937e-01
2.174854278575258093e-01 -1.044587635273376974e-01
2.274854278575258182e-01 -1.014761765218977346e-01
2.374854278575258271e-01 -9.776918881228048586e-02
2.474854278575258359e-01 -9.335971973878937069e-02
2.574854278575258171e-01 -8.827384239924677967e-02
2.674854278575258260e-01 -8.254162947931545369e-02
2.774854278575258348e-01 -7.619697543334105760e-02
2.874854278575258437e-01 -6.927739606715711818e-02
2.974854278575258526e-01 -6.182380670791469413e-02
3.074854278575258615e-01 -5.388028027261410058e-02
3.174854278575258704e-01 -4.549378666587436393e-02
3.274854278575258792e-01 -3.671391504787577947e-02
3.374854278575258881e-01 -2.759258061469951895e-02
3.474854278575258970e-01 -1.818371762486590409e-02
3.574854278575259059e-01 -8.542960487198937927e-03
3.674854278575259148e-01 1.272685204262059486e-03
3.774854278575259237e-01 1.120517974314018741e-02
3.874854278575259325e-01 2.119579249828316622e-02
3.974854278575259414e-01 3.118544918674920341e-02
4.074854278575259503e-01 4.111508117879864033e-02
4.174854278575259592e-01 5.092597476945834312e-02
4.274854278575259681e-01 6.056011835142342814e-02
4.374854278575259769e-01 6.996054543647024782e-02
4.474854278575259858e-01 7.907167149710223053e-02
4.574854278575259947e-01 8.783962263669105319e-02
4.674854278575260036e-01 9.621255414469348510e-02
4.774854278575260125e-01 1.041409570533336215e-01
4.874854278575260214e-01 1.115779508830872652e-01
4.974854278575260302e-01 1.184795608459706523e-01
5.074854278575259281e-01 1.248049778675362348e-01
5.174854278575258260e-01 1.305167998900709503e-01
5.274854278575257238e-01 1.355812530301762076e-01
5.374854278575256217e-01 1.399683912830296528e-01
5.474854278575255195e-01 1.436522735924813110e-01
5.574854278575254174e-01 1.466111172399726104e-01
5.674854278575253153e-01 1.488274266452927763e-01
5.774854278575252131e-01 1.502880968175763499e-01
5.874854278575251110e-01 1.509844908448383649e-01
5.974854278575250088e-01 1.509124909638531187e-01
6.074854278575249067e-01 1.500725229084014234e-01
6.174854278575248046e-01 1.484695533919157817e-01
6.274854278575247024e-01 1.461130607394083569e-01
6.374854278575246003e-01 1.430169788423347188e-01
6.474854278575244981e-01 1.391996147677868334e-01
6.574854278575243960e-01 1.346835405091908189e-01
6.674854278575242938e-01 1.294954595185847934e-01
6.774854278575241917e-01 1.236660488096690685e-01
6.874854278575240896e-01 1.172297775652698104e-01
6.974854278575239874e-01 1.102247033217864658e-01
7.074854278575238853e-01 1.026922469357801071e-01
7.174854278575237831e-01 9.467694766332035439e-02
7.274854278575236810e-01 8.622619980030167552e-02
7.374854278575235789e-01 7.738997244096934569e-02
7.474854278575234767e-01 6.822051401171688734e-02
7.574854278575233746e-01 5.877204332724051544e-02
7.674854278575232724e-01 4.910042899582901799e-02
7.774854278575231703e-01 3.926285906945883863e-02
7.874854278575230682e-01 2.931750289204644241e-02
7.974854278575229660e-01 1.932316714534205310e-02
8.074854278575228639e-01 9.338948126258206708e-03
8.174854278575227617e-01 -5.761176882900422708e-04
8.274854278575226596e-01 -1.036340272283054614e-02
8.374854278575225575e-01 -1.996503496695385335e-02
8.474854278575224553e-01 -2.932424017129267937e-02
8.574854278575223532e-01 -3.838567755246346386e-02
8.674854278575222510e-01 -4.709576702195368558e-02
8.774854278575221489e-01 -5.540300600405764775e-02
8.874854278575220468e-01 -6.325827396952204973e-02
8.974854278575219446e-01 -7.061512288420368488e-02
9.074854278575218425e-01 -7.743005185530983658e-02
9.174854278575217403e-01 -8.366276435129126055e-02
9.274854278575216382e-01 -8.927640647427487197e-02
9.374854278575215361e-01 -9.423778487679766724e-02
9.474854278575214339e-01 -9.851756303183575869e-02
9.574854278575213318e-01 -1.020904347048033067e-01
9.674854278575212296e-01 -1.049352735673923370e-01
9.774854278575211275e-01 -1.070352581969459121e-01
9.874854278575210254e-01 -1.083779712432147574e-01
9.937427139287604572e-01 -1.088292574316729322e-01
1.000000000000000000e+00 -1.089798011244080544e-01
1.009999999999999787e+00 -1.090289128399005297e-01
1.019999999999999574e+00 -1.091751243837442847e-01
1.029999999999999361e+00 -1.094163274489212412e-01
1.039999999999999147e+00 -1.097498520702366864e-01
1.049999999999998934e+00 -1.101724823800590836e-01
1.059999999999998721e+00 -1.106804756325768385e-01
1.069999999999998508e+00 -1.112695843321909878e-01
1.079999999999998295e+00 -1.119350813495061936e-01
1.089999999999998082e+00 -1.126717878725761735e-01
1.099999999999997868e+00 -1.134741040291556147e-01
1.109999999999997655e+00 -1.143360419986145932e-01
1.119999999999997442e+00 -1.152512614177992195e-01
1.129999999999997229e+00 -1.162131068714646470e-01
1.139999999999997016e+00 -1.172146472456055549e-01
1.149999999999996803e+00 -1.182487167109873422e-01
1.159999999999996589e+00 -1.193079570945435458e-01
1.169999999999996376e+00 -1.203848613880983548e-01
1.179999999999996163e+00 -1.214718181371478856e-01
1.189999999999995950e+00 -1.225611564472305348e-01
1.199999999999995737e+00 -1.236451913417643961e-01
1.209999999999995524e+00 -1.247162692031521108e-01
1.219999999999995310e+00 -1.257668130284605723e-01
1.229999999999995097e+00 -1.267893672320798415e-01
1.239999999999994884e+00 -1.277766417304438962e-01
1.249999999999994671e+00 -1.287215550481413118e-01
1.259999999999994458e+00 -1.296172761905303727e-01
1.269999999999994245e+00 -1.304572650352665841e-01
1.279999999999994031e+00 -1.312353110039084225e-01
1.289999999999993818e+00 -1.319455697849369336e-01
1.299999999999993605e+00 -1.325825978910467884e-01
1.309999999999993392e+00 -1.331413848463721128e-01
1.319999999999993179e+00 -1.336173828133248032e-01
1.329999999999992966e+00 -1.340065334838624889e-01
1.339999999999992752e+00 -1.343052920761786118e-01
1.349999999999992539e+00 -1.345106482949225135e-01
1.359999999999992326e+00 -1.346201441310126423e-01
1.369999999999992113e+00 -1.346318883957924040e-01
1.379999999999991900e+00 -1.345445679035889019e-01
1.389999999999991687e+00 -1.343574552365522090e-01
1.399999999999991473e+00 -1.340704130458618137e-01
1.409999999999991260e+00 -1.336838948638672531e-01
1.419999999999991047e+00 -1.331989424223609109e-01
1.429999999999990834e+00 -1.326171794928398540e-01
1.439999999999990621e+00 -1.319408022851791540e-01
1.449999999999990408e+00 -1.311725664614890874e-01
1.459999999999990195e+00 -1.303157708419431238e-01
1.469999999999989981e+00 -1.293742378989236330e-01
1.479999999999989768e+00 -1.283522911548231615e-01
1.489999999999989555e+00 -1.272547296171475106e-01
1.499999999999989342e+00 -1.260867994020854199e-01
1.509999999999989129e+00 -1.248541627143338606e-01
1.519999999999988916e+00 -1.235628643666009246e-01
1.529999999999988702e+00 -1.222192960367554787e-01
1.539999999999988489e+00 -1.208301584739704532e-01
1.549999999999988276e+00 -1.194024218773340196e-01
1.559999999999988063e+00 -1.179432846812090985e-01
1.569999999999987850e+00 -1.164601309910424792e-01
1.579999999999987637e+00 -1.149604869213047276e-01
1.589999999999987423e+00 -1.134519760937337113e-01
1.599999999999987210e+00 -1.119422745590197554e-01
1.609999999999986997e+00 -1.104390654084794615e-01
1.619999999999986784e+00 -1.089499933440984669e-01
1.629999999999986571e+00 -1.074826194755694880e-01
1.639999999999986358e+00 -1.060443766116098696e-01
1.649999999999986144e+00 -1.046425253099200897e-01
1.659999999999985931e+00 -1.032841109456588552e-01
1.669999999999985718e+00 -1.019759220522881427e-01
1.679999999999985505e+00 -1.007244501811176557e-01
1.689999999999985292e+00 -9.953585151689860189e-02
1.699999999999985079e+00 -9.841591047643281909e-02
1.709999999999984865e+00 -9.737000550543796484e-02
1.719999999999984652e+00 -9.640307727591122811e-02
1.729999999999984439e+00 -9.551959947203976509e-02
1.739999999999984226e+00 -9.472355233740026303e-02
1.749999999999984013e+00 -9.401839913986245745e-02
1.759999999999983800e+00 -9.340706569335910370e-02
1.769999999999983586e+00 -9.289192305760980706e-02
1.779999999999983373e+00 -9.247477351809474388e-02
1.789999999999983160e+00 -9.215683992917861334e-02
1.799999999999982947e+00 -9.193875848339846946e-02
1.809999999999982734e+00 -9.182057494967067746e-02
1.819999999999982521e+00 -9.180174440266025693e-02
1.829999999999982307e+00 -9.188113444491290138e-02
1.839999999999982094e+00 -9.205703190269731717e-02
1.849999999999981881e+00 -9.232715295596544136e-02
1.859999999999981668e+00 -9.268865664253229941e-02
1.869999999999981455e+00 -9.313816165662559821e-02
1.879999999999981242e+00 -9.367176634247563471e-02
1.889999999999981029e+00 -9.428507176472368523e-02
1.899999999999980815e+00 -9.497320771923424554e-02
1.909999999999980602e+00 -9.573086153050952563e-02
1.919999999999980389e+00 -9.655230946542796289e-02
1.929999999999980176e+00 -9.743145057755725480e-02
1.939999999999979963e+00 -9.836184278192393327e-02
1.949999999999979750e+00 -9.933674094691966050e-02
1.959999999999979536e+00 -1.003491367781471078e-01
1.969999999999979323e+00 -1.013918002582250566e-01
1.979999999999979110e+00 -1.024573223980730086e-01
1.989999999999978897e+00 -1.035381590448252315e-01
1.994999999999989448e+00 -1.040819367593352057e-01
2.000000000000000000e+00 -1.046266755387226799e-01
2.009999999999999787e+00 -1.057166375264053798e-01
2.019999999999999574e+00 -1.068075776695467660e-01
2.029999999999999361e+00 -1.079004568981066087e-01
2.039999999999999147e+00 -1.089962122388871135e-01
2.049999999999998934e+00 -1.100957512748715894e-01
2.059999999999998721e+00 -1.111999467787143092e-01
2.069999999999998508e+00 -1.123096315520517863e-01
2.079999999999998295e+00 -1.134255935011648508e-01
2.089999999999998082e+00 -1.145485709781052380e-01
2.099999999999997868e+00 -1.156792484148354838e-01
2.109999999999997655e+00 -1.168182522761971182e-01
2.119999999999997442e+00 -1.179661473556372631e-01
2.129999999999997229e+00 -1.191234334355968510e-01
2.139999999999997016e+00 -1.202905423323075984e-01
2.149999999999996803e+00 -1.214678353424716584e-01
2.159999999999996589e+00 -1.226556011069218910e-01
2.169999999999996376e+00 -1.238540539038946592e-01
2.179999999999996163e+00 -1.250633323820071197e-01
2.189999999999995950e+00 -1.262834987404309051e-01
2.199999999999995737e+00 -1.275145383611097083e-01
2.209999999999995524e+00 -1.287563598951955157e-01
2.219999999999995310e+00 -1.300087958031924396e-01
2.229999999999995097e+00 -1.312716033456143017e-01
2.239999999999994884e+00 -1.325444660182979739e-01
2.249999999999994671e+00 -1.338269954238859305e-01
2.259999999999994458e+00 -1.351187335684116420e-01
2.269999999999994245e+00 -1.364191555694082014e-01
2.279999999999994031e+00 -1.377276727595273809e-01
2.289999999999993818e+00 -1.390436361673171861e-01
2.299999999999993605e+00 -1.403663403545764576e-01
2.309999999999993392e+00 -1.416950275875961118e-01
2.319999999999993179e+00 -1.430288923176225580e-01
2.329999999999992966e+00 -1.443670859440505383e-01
2.339999999999992752e+00 -1.457087218321807265e-01
2.349999999999992539e+00 -1.470528805558719010e-01
2.359999999999992326e+00 -1.483986153340884906e-01
2.369999999999992113e+00 -1.497449576291968731e-01
2.379999999999991900e+00 -1.510909228739079624e-01
2.389999999999991687e+00 -1.524355162930029761e-01
2.399999999999991473e+00 -1.537777387854182276e-01
2.409999999999991260e+00 -1.551165928319087894e-01
2.419999999999991047e+00 -1.564510883933588059e-01
2.429999999999990834e+00 -1.577802487648618524e-01
2.439999999999990621e+00 -1.591031163509565582e-01
2.449999999999990408e+00 -1.604187583278683937e-01
2.459999999999990195e+00 -1.617262721592770403e-01
2.469999999999989981e+00 -1.630247909329946288e-01
2.479999999999989768e+00 -1.643134884869992540e-01
2.489999999999989555e+00 -1.655915842945136496e-01
2.499999999999989342e+00 -1.668583480792436013e-01
2.509999999999989129e+00 -1.681131041334862353e-01
2.519999999999988916e+00 -1.693552353135754918e-01
2.529999999999988702e+00 -1.705841866890396852e-01
2.539999999999988489e+00 -1.717994688238936030e-01
2.549999999999988276e+00 -1.730006606706632200e-01
2.559999999999988063e+00 -1.741874120600306053e-01
2.569999999999987850e+00 -1.753594457713776589e-01
2.579999999999987637e+00 -1.765165591719858318e-01
2.589999999999987423e+00 -1.776586254151990840e-01
2.599999999999987210e+00 -1.787855941904655521e-01
2.609999999999986997e+00 -1.798974920208227246e-01
2.619999999999986784e+00 -1.809944221060673097e-01
2.629999999999986571e+00 -1.820765637125370262e-01
2.639999999999986358e+00 -1.831441711131124861e-01
2.649999999999986144e+00 -1.841975720837070174e-01
2.659999999999985931e+00 -1.852371659651345925e-01
2.669999999999985718e+00 -1.862634213018160012e-01
2.679999999999985505e+00 -1.872768730712855434e-01
2.689999999999985292e+00 -1.882781195208801106e-01
2.699999999999985079e+00 -1.892678186303153320e-01
2.709999999999984865e+00 -1.902466842210653042e-01
2.719999999999984652e+00 -1.912154817355512793e-01
2.729999999999984439e+00 -1.921750237110967097e-01
2.739999999999984226e+00 -1.931261649754112131e-01
2.749999999999984013e+00 -1.940697975920122054e-01
2.759999999999983800e+00 -1.950068455854722382e-01
2.769999999999983586e+00 -1.959382594776810371e-01
2.779999999999983373e+00 -1.968650106674296185e-01
2.789999999999983160e+00 -1.977880856865497083e-01
2.799999999999982947e+00 -1.987084803665717381e-01
2.809999999999982734e+00 -1.996271939503939941e-01
2.819999999999982521e+00 -2.005452231837803745e-01
2.829999999999982307e+00 -2.014635564216236963e-01
2.839999999999982094e+00 -2.023831677838240084e-01
2.849999999999981881e+00 -2.033050113953380755e-01
2.859999999999981668e+00 -2.042300157444586206e-01
2.869999999999981455e+00 -2.051590781926826423e-01
2.879999999999981242e+00 -2.060930596686317284e-01
2.889999999999981029e+00 -2.070327795773992119e-01
2.899999999999980815e+00 -2.079790109554251476e-01
2.909999999999980602e+00 -2.089324758995480813e-01
2.919999999999980389e+00 -2.098938412972616574e-01
2.929999999999980176e+00 -2.108637148834228980e-01
2.939999999999979963e+00 -2.118426416467287798e-01
2.949999999999979750e+00 -2.128311006072095835e-01
2.959999999999979536e+00 -2.138295019837934685e-01
2.969999999999979323e+00 -2.148381847686905433e-01
2.979999999999979110e+00 -2.158574147229394835e-01
2.989999999999978897e+00 -2.168873828048973884e-01
2.994999999999989448e+00 -2.174064324605483878e-01
3.000000000000000000e+00 -2.179282038077101080e-01
3.009999999999999787e+00 -2.189799199297788879e-01
3.019999999999999574e+00 -2.200425397539778893e-01
3.029999999999999361e+00 -2.211160778842778674e-01
3.039999999999999147e+00 -2.222005584191089900e-01
3.049999999999998934e+00 -2.232960146844934213e-01
3.059999999999998721e+00 -2.244024889126149946e-01
3.069999999999998508e+00 -2.255200318677269555e-01
3.079999999999998295e+00 -2.266487024216098656e-01
3.089999999999998082e+00 -2.277885670810897156e-01
3.099999999999997868e+00 -2.289396994704102906e-01
3.109999999999997655e+00 -2.301021797715203931e-01
3.119999999999997442e+00 -2.312760941255853908e-01
3.129999999999997229e+00 -2.324615339992621710e-01
3.139999999999997016e+00 -2.336585955194844522e-01
3.149999999999996803e+00 -2.348673787806921376e-01
3.159999999999996589e+00 -2.360879871286006570e-01
3.169999999999996376e+00 -2.373205264247458535e-01
3.179999999999996163e+00 -2.385651042961526580e-01
3.189999999999995950e+00 -2.398218293745645602e-01
3.199999999999995737e+00 -2.410908105297321913e-01
3.209999999999995524e+00 -2.423721561012946168e-01
3.219999999999995310e+00 -2.436659731337950385e-01
3.229999999999995097e+00 -2.449723666193545091e-01
3.239999999999994884e+00 -2.462914387524815230e-01
3.249999999999994671e+00 -2.476232882014238468e-01
3.259999999999994458e+00 -2.489680094003709487e-01
3.269999999999994245e+00 -2.503256918666925124e-01
3.279999999999994031e+00 -2.516964195472499166e-01
3.289999999999993818e+00 -2.530802701976458957e-01
3.299999999999993605e+00 -2.544773147980831651e-01
3.309999999999993392e+00 -2.558876170092858060e-01
3.319999999999993179e+00 -2.573112326717004184e-01
3.329999999999992966e+00 -2.587482093509385628e-01
3.339999999999992752e+00 -2.601985859321482297e-01
3.349999999999992539e+00 -2.616623922657124179e-01
3.359999999999992326e+00 -2.631396488663703126e-01
3.369999999999992113e+00 -2.646303666675397515e-01
3.379999999999991900e+00 -2.661345468322940389e-01
3.389999999999991687e+00 -2.676521806221105471e-01
3.399999999999991473e+00 -2.691832493241671509e-01
3.409999999999991260e+00 -2.707277242376165405e-01
3.419999999999991047e+00 -2.722855667189194584e-01
3.429999999999990834e+00 -2.738567282859691310e-01
3.439999999999990621e+00 -2.754411507803904424e-01
3.449999999999990408e+00 -2.770387665870552296e-01
3.459999999999990195e+00 -2.786494989095148478e-01
3.469999999999989981e+00 -2.802732620997215873e-01
3.479999999999989768e+00 -2.819099620400897233e-01
3.489999999999989555e+00 -2.835594965756366159e-01
3.499999999999989342e+00 -2.852217559936486846e-01
3.509999999999989129e+00 -2.868966235480362448e-01
3.519999999999988916e+00 -2.885839760252764119e-01
3.529999999999988702e+00 -2.902836843485978591e-01
3.539999999999988489e+00 -2.919956142168348423e-01
3.549999999999988276e+00 -2.937196267741730149e-01
3.559999999999988063e+00 -2.954555793068266989e-01
3.569999999999987850e+00 -2.972033259625282420e-01
3.579999999999987637e+00 -2.989627184885752520e-01
3.589999999999987423e+00 -3.007336069840714776e-01
3.599999999999987210e+00 -3.025158406619134488e-01
3.609999999999986997e+00 -3.043092686160172033e-01
3.619999999999986784e+00 -3.061137405892486174e-01
3.629999999999986571e+00 -3.079291077375165275e-01
3.639999999999986358e+00 -3.097552233855103698e-01
3.649999999999986144e+00 -3.115919437696140770e-01
3.659999999999985931e+00 -3.134391287636030254e-01
3.669999999999985718e+00 -3.152966425828334085e-01
3.679999999999985505e+00 -3.171643544627596456e-01
3.689999999999985292e+00 -3.190421393077681467e-01
3.699999999999985079e+00 -3.209298783064908900e-01
3.709999999999984865e+00 -3.228274595099603905e-01
3.719999999999984652e+00 -3.247347783691872936e-01
3.729999999999984439e+00 -3.266517382289821358e-01
3.739999999999984226e+00 -3.285782507751013326e-01
3.749999999999984013e+00 -3.305142364320731163e-01
3.759999999999983800e+00 -3.324596247093514756e-01
3.769999999999983586e+00 -3.344143544937510648e-01
3.779999999999983373e+00 -3.363783742864339676e-01
3.789999999999983160e+00 -3.383516423830470465e-01
3.799999999999982947e+00 -3.403341269959446747e-01
3.809999999999982734e+00 -3.423258063177742061e-01
3.819999999999982521e+00 -3.443266685260482074e-01
3.829999999999982307e+00 -3.463367117286763608e-01
3.839999999999982094e+00 -3.483559438507791706e-01
3.849999999999981881e+00 -3.503843824634525483e-01
3.859999999999981668e+00 -3.524220545554963002e-01
3.869999999999981455e+00 -3.544689962494555480e-01
3.879999999999981242e+00 -3.565252524636547404e-01
3.889999999999981029e+00 -3.585908765222223238e-01
3.899999999999980815e+00 -3.606659297154120591e-01
3.909999999999980602e+00 -3.627504808128209635e-01
3.919999999999980389e+00 -3.648446055323816828e-01
3.929999999999980176e+00 -3.669483859682700078e-01
3.939999999999979963e+00 -3.690619099811092707e-01
3.949999999999979750e+00 -3.711852705540783504e-01
3.959999999999979536e+00 -3.733185651187297394e-01
3.969999999999979323e+00 -3.754618948545047075e-01
3.979999999999979110e+00 -3.776153639660870809e-01
3.989999999999978897e+00 -3.797790789428686642e-01
3.999999999999978684e+00 -3.819531478025142146e-01
4.009999999999979359e+00 -3.841376793380003596e-01
4.019999999999980034e+00 -3.863327825447296915e-01
4.029999999999980709e+00 -3.885385665247430009e-01
4.039999999999981384e+00 -3.907551405737942352e-01
4.049999999999982059e+00 -3.929826142750068585e-01
4.059999999999982734e+00 -3.952210975895872891e-01
4.069999999999983409e+00 -3.974707009440589522e-01
4.079999999999984084e+00 -3.997315353135013072e-01
4.089999999999984759e+00 -4.020037123003012414e-01
4.099999999999985434e+00 -4.042873442079519264e-01
4.109999999999986109e+00 -4.065825441094617632e-01
4.119999999999986784e+00 -4.088894259099699058e-01
4.129999999999987459e+00 -4.112081044031974941e-01
4.139999999999988134e+00 -4.135386953214009731e-01
4.149999999999988809e+00 -4.158813153785321237e-01
4.159999999999989484e+00 -4.182360823063495658e-01
4.169999999999990159e+00 -4.206031148832684585e-01
4.179999999999990834e+00 -4.229825329557772573e-01
4.189999999999991509e+00 -4.253744574522956845e-01
4.199999999999992184e+00 -4.277790103893910345e-01
4.209999999999992859e+00 -4.301963148703168427e-01
4.219999999999993534e+00 -4.326264950758822447e-01
4.229999999999994209e+00 -4.350696762477058721e-01
4.239999999999994884e+00 -4.375259846639537598e-01
4.249999999999995559e+00 -4.399955476077039851e-01
4.259999999999996234e+00 -4.424784933281259436e-01
4.269999999999996909e+00 -4.449749509947031889e-01
4.279999999999997584e+00 -4.474850506447708431e-01
4.289999999999998259e+00 -4.500089231246776622e-01
4.299999999999998934e+00 -4.525467000249205340e-01
4.309999999999999609e+00 -4.550985136096352135e-01
4.320000000000000284e+00 -4.576644967408602938e-01
4.330000000000000959e+00 -4.602447827980215567e-01
4.340000000000001634e+00 -4.628395055931139312e-01
4.350000000000002309e+00 -4.654487992820812159e-01
4.360000000000002984e+00 -4.680727982729189773e-01
4.370000000000003659e+00 -4.707116371310429148e-01
4.380000000000004334e+00 -4.733654504824826859e-01
4.390000000000005009e+00 -4.760343729154737358e-01
4.400000000000005684e+00 -4.787185388810288322e-01
4.410000000000006359e+00 -4.814180825930771124e-01
4.420000000000007034e+00 -4.841331379287614478e-01
4.430000000000007709e+00 -4.868638383294833227e-01
4.440000000000008384e+00 -4.896103167032805903e-01
4.450000000000009059e+00 -4.923727053291152567e-01
4.460000000000009734e+00 -4.951511357636370625e-01
4.470000000000010409e+00 -4.979457387509746424e-01
4.480000000000011084e+00 -5.007566441360871146e-01
4.490000000000011759e+00 -5.035839807821889114e-01
4.500000000000012434e+00 -5.064278764927355736e-01
4.510000000000013110e+00 -5.092884579384324706e-01
4.520000000000013785e+00 -5.121658505896975466e-01
4.530000000000014460e+00 -5.150601786549776628e-01
4.540000000000015135e+00 -5.179715650252831871e-01
4.550000000000015810e+00 -5.209001312252686811e-01
4.560000000000016485e+00 -5.238459973711492301e-01
4.570000000000017160e+00 -5.268092821357012179e-01
4.580000000000017835e+00 -5.297901027205540458e-01
4.590000000000018510e+00 -5.327885748359372231e-01
4.600000000000019185e+00 -5.358048126880022854e-01
4.610000000000019860e+00 -5.388389289737947063e-01
4.620000000000020535e+00 -5.418910348839047764e-01
4.630000000000021210e+00 -5.449612401127832406e-01
4.640000000000021885e+00 -5.480496528766591879e-01
4.650000000000022560e+00 -5.511563799389551654e-01
4.660000000000023235e+00 -5.542815266430488608e-01
4.670000000000023910e+00 -5.574251969521878403e-01
4.680000000000024585e+00 -5.605874934963211986e-01
4.690000000000025260e+00 -5.637685176255710084e-01
4.700000000000025935e+00 -5.669683694700281551e-01
4.710000000000026610e+00 -5.701871480055177299e-01
4.720000000000027285e+00 -5.734249511249465137e-01
4.730000000000027960e+00 -5.766818757148095553e-01
4.740000000000028635e+00 -5.799580177364039857e-01
4.750000000000029310e+00 -5.832534723112698938e-01
4.760000000000029985e+00 -5.865683338103527822e-01
4.770000000000030660e+00 -5.899026959463605779e-01
4.780000000000031335e+00 -5.932566518687691914e-01
4.790000000000032010e+00 -5.966302942609144067e-01
4.800000000000032685e+00 -6.000237154385965610e-01
4.810000000000033360e+00 -6.034370074496147041e-01
4.820000000000034035e+00 -6.068702621736413727e-01
4.830000000000034710e+00 -6.103235714218483432e-01
4.840000000000035385e+00 -6.137970270356931657e-01
4.850000000000036060e+00 -6.172907209842829479e-01
4.860000000000036735e+00 -6.208047454597400705e-01
4.870000000000037410e+00 -6.243391929700046195e-01
4.880000000000038085e+00 -6.278941564285266397e-01
4.890000000000038760e+00 -6.314697292403161910e-01
4.900000000000039435e+00 -6.350660053838431685e-01
4.910000000000040110e+00 -6.386830794883029405e-01
4.920000000000040785e+00 -6.423210469057897276e-01
4.930000000000041460e+00 -6.459800037779528381e-01
4.940000000000042135e+00 -6.496600470967394125e-01
4.950000000000042810e+00 -6.533612747588665171e-01
4.960000000000043485e+00 -6.570837856136990673e-01
4.970000000000044160e+00 -6.608276795042513641e-01
4.980000000000044835e+00 -6.645930573010691012e-01
4.990000000000021529e+00 -6.683800209287836802e-01
5.000000000000000000e+00 -6.721886733852134865e-01
