-1.000010000000000066e+00 1.724137931034483318e+00
-1.000000000000000000e+00 1.724137931034482873e+00
-9.899999999999999911e-01 1.724137931034483096e+00
-9.799999999999999822e-01 1.724137931034482651e+00
-9.699999999999999734e-01 1.724137931034482873e+00
-9.599999999999999645e-01 1.724137931034482429e+00
-9.499999999999999556e-01 1.724137931034482429e+00
-9.399999999999999467e-01 1.724137931034482651e+00
-9.299999999999999378e-01 1.724137931034482651e+00
-9.200000000000000400e-01 1.724137931034482651e+00
-9.100000000000000311e-01 1.724137931034482873e+00
-9.000000000000000222e-01 1.724137931034482873e+00
-8.900000000000000133e-01 1.724137931034482651e+00
-8.800000000000000044e-01 1.724137931034482651e+00
-8.699999999999999956e-01 1.724137931034482651e+00
-8.599999999999999867e-01 1.724137931034482207e+00
-8.499999999999999778e-01 1.724137931034482873e+00
-8.399999999999999689e-01 1.724137931034482873e+00
-8.299999999999999600e-01 1.724137931034482873e+00
-8.200000000000000622e-01 1.724137931034482651e+00
-8.100000000000000533e-01 1.724137931034483096e+00
-8.000000000000000444e-01 1.724137931034482651e+00
-7.900000000000000355e-01 1.724137931034483096e+00
-7.800000000000000266e-01 1.724137931034482651e+00
-7.700000000000000178e-01 1.724137931034483096e+00
-7.600000000000000089e-01 1.724137931034482651e+00
-7.500000000000000000e-01 1.724137931034483096e+00
-7.399999999999999911e-01 1.724137931034482651e+00
-7.299999999999999822e-01 1.724137931034483096e+00
-7.199999999999999734e-01 1.724137931034482651e+00
-7.099999999999999645e-01 1.724137931034483096e+00
-6.999999999999999556e-01 1.724137931034482651e+00
-6.899999999999999467e-01 1.724137931034483096e+00
-6.799999999999999378e-01 1.724137931034482429e+00
-6.699999999999999289e-01 1.724137931034482873e+00
-6.599999999999999201e-01 1.724137931034482651e+00
-6.499999999999999112e-01 1.724137931034482651e+00
-6.400000000000000133e-01 1.724137931034482651e+00
-6.300000000000000044e-01 1.724137931034483096e+00
-6.199999999999999956e-01 1.724137931034482651e+00
-6.099999999999999867e-01 1.724137931034482873e+00
-5.999999999999999778e-01 1.724137931034482651e+00
-5.899999999999999689e-01 1.724137931034482651e+00
-5.800000000000000711e-01 1.724137931034482651e+00
-5.700000000000000622e-01 1.724137931034483096e+00
-5.600000000000000533e-01 1.724137931034482651e+00
-5.500000000000000444e-01 1.724137931034483096e+00
-5.400000000000000355e-01 1.724137931034482651e+00
-5.300000000000000266e-01 1.724137931034483096e+00
-5.200000000000000178e-01 1.724137931034482651e+00
-5.100000000000000089e-01 1.724137931034483096e+00
-5.000000000000000000e-01 1.724137931034482651e+00
-4.899999999999999911e-01 1.724137931034483096e+00
-4.799999999999999822e-01 1.724137931034482651e+00
-4.699999999999999734e-01 1.724137931034483096e+00
-4.599999999999999645e-01 1.724137931034482429e+00
-4.499999999999999556e-01 1.724137931034482873e+00
-4.399999999999999467e-01 1.724137931034482651e+00
-4.299999999999999378e-01 1.724137931034482651e+00
-4.200000000000000400e-01 1.724137931034482429e+00
-4.100000000000000311e-01 1.724137931034482651e+00
-4.000000000000000222e-01 1.724137931034483096e+00
-3.900000000000000133e-01 1.724137931034482651e+00
-3.800000000000000044e-01 1.724137931034483096e+00
-3.699999999999999956e-01 1.724137931034482651e+00
-3.599999999999999867e-01 1.724137931034483096e+00
-3.499999999999999778e-01 1.724137931034482651e+00
-3.399999999999999689e-01 1.724137931034483096e+00
-3.299999999999999600e-01 1.724137931034482429e+00
-3.199999999999999512e-01 1.724137931034482873e+00
-3.099999999999999423e-01 1.724137931034482651e+00
-2.999999999999999334e-01 1.724137931034482651e+00
-2.900000000000000355e-01 1.724137931034482429e+00
-2.800000000000000266e-01 1.724137931034482651e+00
-2.700000000000000178e-01 1.724137931034483096e+00
-2.600000000000000089e-01 1.724137931034482651e+00
-2.500000000000000000e-01 1.724137931034483096e+00
-2.399999999999999911e-01 1.724137931034482651e+00
-2.299999999999999822e-01 1.724137931034483096e+00
-2.199999999999999734e-01 1.724137931034482651e+00
-2.099999999999999645e-01 1.724137931034483096e+00
-1.999999999999999556e-01 1.724137931034482429e+00
-1.899999999999999467e-01 1.724137931034482873e+00
-1.799999999999999378e-01 1.724137931034482651e+00
-1.699999999999999289e-01 1.724137931034482651e+00
-1.600000000000000311e-01 1.724137931034482651e+00
-1.500000000000000222e-01 1.724137931034483096e+00
-1.400000000000000133e-01 1.724137931034482651e+00
-1.300000000000000044e-01 1.724137931034483096e+00
-1.199999999999999956e-01 1.724137931034482651e+00
-1.099999999999999867e-01 1.724137931034483096e+00
-9.999999999999997780e-02 1.724137931034482651e+00
-8.999999999999996891e-02 1.724137931034483096e+00
-7.999999999999996003e-02 1.724137931034482429e+00
-6.999999999999995115e-02 1.724137931034482873e+00
-5.999999999999994227e-02 1.724137931034482651e+00
-4.999999999999993339e-02 1.724137931034482651e+00
-4.000000000000003553e-02 1.724137931034482651e+00
-3.000000000000002665e-02 1.724137931034482873e+00
-2.000000000000001776e-02 1.724137931034482873e+00
-1.000000000000000888e-02 1.724137931034482873e+00
0.000000000000000000e+00 1.724137931034482651e+00
9.999999999999999547e-07 1.724139655172413743e+00
1.000100000000000121e-02 1.741381034482758494e+00
2.000099999999999795e-02 1.758622413793103245e+00
3.000099999999999642e-02 1.775863793103447996e+00
4.000100000000000183e-02 1.793105172413792747e+00
5.000100000000000378e-02 1.810346551724137498e+00
6.000100000000000572e-02 1.827587931034482249e+00
7.000100000000000766e-02 1.844829310344827000e+00
8.000100000000001654e-02 1.862070689655171751e+00
9.000100000000002542e-02 1.879312068965516502e+00
1.000010000000000343e-01 1.896553448275861253e+00
1.100010000000000432e-01 1.913794827586206004e+00
1.200010000000000521e-01 1.931036206896550755e+00
1.300010000000000610e-01 1.948277586206895506e+00
1.400010000000000698e-01 1.965518965517240257e+00
1.500010000000000787e-01 1.982760344827585008e+00
1.600010000000000876e-01 2.000001724137929759e+00
1.700010000000000965e-01 2.017243103448274510e+00
1.800010000000001054e-01 2.034484482758619261e+00
1.900010000000001142e-01 2.051725862068964013e+00
2.000010000000001231e-01 2.068967241379308764e+00
2.100010000000001320e-01 2.086208620689653515e+00
2.200010000000001409e-01 2.103449999999998266e+00
2.300010000000001498e-01 2.120691379310343017e+00
2.400010000000001587e-01 2.137932758620687768e+00
2.500010000000001398e-01 2.155174137931032519e+00
2.600010000000001487e-01 2.172415517241377270e+00
2.700010000000001575e-01 2.189656896551722021e+00
2.800010000000001664e-01 2.206898275862066772e+00
2.900010000000001753e-01 2.224139655172411523e+00
3.000010000000001842e-01 2.241381034482756274e+00
3.100010000000001931e-01 2.258622413793101025e+00
3.200010000000002020e-01 2.275863793103445776e+00
3.300010000000002108e-01 2.293105172413790527e+00
3.400010000000002197e-01 2.310346551724135278e+00
3.500010000000002286e-01 2.327587931034480029e+00
3.600010000000002375e-01 2.344829310344824780e+00
3.700010000000002464e-01 2.362070689655169531e+00
3.800010000000002552e-01 2.379312068965514282e+00
3.900010000000002641e-01 2.396553448275859033e+00
4.000010000000002730e-01 2.413794827586203784e+00
4.100010000000002819e-01 2.431036206896548535e+00
4.200010000000002908e-01 2.448277586206893286e+00
4.300010000000002997e-01 2.465518965517238037e+00
4.400010000000003085e-01 2.482760344827582788e+00
4.500010000000003174e-01 2.500001724137927539e+00
4.600010000000003263e-01 2.517243103448272290e+00
4.700010000000003352e-01 2.534484482758617041e+00
4.800010000000003441e-01 2.551725862068961792e+00
4.900010000000003529e-01 2.568967241379306543e+00
5.000010000000003618e-01 2.586208620689651294e+00
5.100010000000002597e-01 2.603449999999996045e+00
5.200010000000001575e-01 2.620691379310340796e+00
5.300010000000000554e-01 2.637932758620685547e+00
5.400009999999999533e-01 2.655174137931030298e+00
5.500009999999998511e-01 2.672415517241375049e+00
5.600009999999997490e-01 2.689656896551719800e+00
5.700009999999996468e-01 2.706898275862064551e+00
5.800009999999995447e-01 2.724139655172409302e+00
5.900009999999994426e-01 2.741381034482754053e+00
6.000009999999993404e-01 2.758622413793098804e+00
6.100009999999992383e-01 2.775863793103443555e+00
6.200009999999991361e-01 2.793105172413788306e+00
6.300009999999990340e-01 2.810346551724133057e+00
6.400009999999989319e-01 2.827587931034477808e+00
6.500009999999988297e-01 2.844829310344822559e+00
6.600009999999987276e-01 2.862070689655167310e+00
6.700009999999986254e-01 2.879312068965512061e+00
6.800009999999985233e-01 2.896553448275856812e+00
6.900009999999984212e-01 2.913794827586201563e+00
7.000009999999983190e-01 2.931036206896546314e+00
7.100009999999982169e-01 2.948277586206891066e+00
7.200009999999981147e-01 2.965518965517235817e+00
7.300009999999980126e-01 2.982760344827580568e+00
7.400009999999979105e-01 3.000001724137925319e+00
7.500009999999978083e-01 3.017243103448270070e+00
7.600009999999977062e-01 3.034484482758614821e+00
7.700009999999976040e-01 3.051725862068959572e+00
7.800009999999975019e-01 3.068967241379304323e+00
7.900009999999973997e-01 3.086208620689649074e+00
8.000009999999972976e-01 3.103449999999993825e+00
8.100009999999971955e-01 3.120691379310338576e+00
8.200009999999970933e-01 3.137932758620683327e+00
8.300009999999969912e-01 3.155174137931028078e+00
8.400009999999968890e-01 3.172415517241372829e+00
8.500009999999967869e-01 3.189656896551717580e+00
8.600009999999966848e-01 3.206898275862062331e+00
8.700009999999965826e-01 3.224139655172407082e+00
8.800009999999964805e-01 3.241381034482751833e+00
8.900009999999963783e-01 3.258622413793096584e+00
9.000009999999962762e-01 3.275863793103441335e+00
9.100009999999961741e-01 3.293105172413786086e+00
9.200009999999960719e-01 3.310346551724130837e+00
9.300009999999959698e-01 3.327587931034475588e+00
9.400009999999958676e-01 3.344829310344820339e+00
9.500009999999957655e-01 3.362070689655165090e+00
9.600009999999956634e-01 3.379312068965509841e+00
9.700009999999955612e-01 3.396553448275854592e+00
9.800009999999954591e-01 3.413794827586199343e+00
9.900004999999978406e-01 3.431035344827582545e+00
1.000000000000000000e+00 3.448275862068965747e+00
1.009999999999999787e+00 3.465603448275862419e+00
1.019999999999999574e+00 3.483103448275862490e+00
1.029999999999999361e+00 3.500775862068965960e+00
1.039999999999999147e+00 3.518620689655172828e+00
1.049999999999998934e+00 3.536637931034483096e+00
1.059999999999998721e+00 3.554827586206896761e+00
1.069999999999998508e+00 3.573189655172413826e+00
1.079999999999998295e+00 3.591724137931034289e+00
1.089999999999998082e+00 3.610431034482758594e+00
1.099999999999997868e+00 3.629310344827586299e+00
1.109999999999997655e+00 3.648362068965517402e+00
1.119999999999997442e+00 3.667586206896551904e+00
1.129999999999997229e+00 3.686982758620689804e+00
1.139999999999997016e+00 3.706551724137931103e+00
1.149999999999996803e+00 3.726293103448275801e+00
1.159999999999996589e+00 3.746206896551723897e+00
1.169999999999996376e+00 3.766293103448275392e+00
1.179999999999996163e+00 3.786551724137930286e+00
1.189999999999995950e+00 3.806982758620689022e+00
1.199999999999995737e+00 3.827586206896551158e+00
1.209999999999995524e+00 3.848362068965516691e+00
1.219999999999995310e+00 3.869310344827585624e+00
1.229999999999995097e+00 3.890431034482757955e+00
1.239999999999994884e+00 3.911724137931033685e+00
1.249999999999994671e+00 3.933189655172412813e+00
1.259999999999994458e+00 3.954827586206895340e+00
1.269999999999994245e+00 3.976637931034481266e+00
1.279999999999994031e+00 3.998620689655170590e+00
1.289999999999993818e+00 4.020775862068963313e+00
1.299999999999993605e+00 4.043103448275859435e+00
1.309999999999993392e+00 4.065603448275859400e+00
1.319999999999993179e+00 4.088275862068962319e+00
1.329999999999992966e+00 4.111120689655169080e+00
1.339999999999992752e+00 4.134137931034479685e+00
1.349999999999992539e+00 4.157327586206893244e+00
1.359999999999992326e+00 4.180689655172410646e+00
1.369999999999992113e+00 4.204224137931031002e+00
1.379999999999991900e+00 4.227931034482755202e+00
1.389999999999991687e+00 4.251810344827582355e+00
1.399999999999991473e+00 4.275862068965513352e+00
1.409999999999991260e+00 4.300086206896547303e+00
1.419999999999991047e+00 4.324482758620685097e+00
1.429999999999990834e+00 4.349051724137925845e+00
1.439999999999990621e+00 4.373793103448270436e+00
1.449999999999990408e+00 4.398706896551718870e+00
1.459999999999990195e+00 4.423793103448270259e+00
1.469999999999989981e+00 4.449051724137925490e+00
1.479999999999989768e+00 4.474482758620683676e+00
1.489999999999989555e+00 4.500086206896545704e+00
1.499999999999989342e+00 4.525862068965510687e+00
1.509999999999989129e+00 4.551810344827579513e+00
1.519999999999988916e+00 4.577931034482751294e+00
1.529999999999988702e+00 4.604224137931026917e+00
1.539999999999988489e+00 4.630689655172406383e+00
1.549999999999988276e+00 4.657327586206888803e+00
1.559999999999988063e+00 4.684137931034475066e+00
1.569999999999987850e+00 4.711120689655164284e+00
1.579999999999987637e+00 4.738275862068957345e+00
1.589999999999987423e+00 4.765603448275853360e+00
1.599999999999987210e+00 4.793103448275853218e+00
1.609999999999986997e+00 4.820775862068956030e+00
1.619999999999986784e+00 4.848620689655162685e+00
1.629999999999986571e+00 4.876637931034473183e+00
1.639999999999986358e+00 4.904827586206886636e+00
1.649999999999986144e+00 4.933189655172403931e+00
1.659999999999985931e+00 4.961724137931024181e+00
1.669999999999985718e+00 4.990431034482748274e+00
1.679999999999985505e+00 5.019310344827575321e+00
1.689999999999985292e+00 5.048362068965506211e+00
1.699999999999985079e+00 5.077586206896540055e+00
1.709999999999984865e+00 5.106982758620677743e+00
1.719999999999984652e+00 5.136551724137919273e+00
1.729999999999984439e+00 5.166293103448263757e+00
1.739999999999984226e+00 5.196206896551712084e+00
1.749999999999984013e+00 5.226293103448263366e+00
1.759999999999983800e+00 5.256551724137918491e+00
1.769999999999983586e+00 5.286982758620676570e+00
1.779999999999983373e+00 5.317586206896538492e+00
1.789999999999983160e+00 5.348362068965503369e+00
1.799999999999982947e+00 5.379310344827572088e+00
1.809999999999982734e+00 5.410431034482743762e+00
1.819999999999982521e+00 5.441724137931019278e+00
1.829999999999982307e+00 5.473189655172398638e+00
1.839999999999982094e+00 5.504827586206880952e+00
1.849999999999981881e+00 5.536637931034467108e+00
1.859999999999981668e+00 5.568620689655156220e+00
1.869999999999981455e+00 5.600775862068949174e+00
1.879999999999981242e+00 5.633103448275845082e+00
1.889999999999981029e+00 5.665603448275844833e+00
1.899999999999980815e+00 5.698275862068947539e+00
1.909999999999980602e+00 5.731120689655154088e+00
1.919999999999980389e+00 5.764137931034464479e+00
1.929999999999980176e+00 5.797327586206877825e+00
1.939999999999979963e+00 5.830689655172395014e+00
1.949999999999979750e+00 5.864224137931015157e+00
1.959999999999979536e+00 5.897931034482739143e+00
1.969999999999979323e+00 5.931810344827566084e+00
1.979999999999979110e+00 5.965862068965496867e+00
1.989999999999978897e+00 6.000086206896530605e+00
1.994999999999989448e+00 6.017262931034498052e+00
2.000000000000000000e+00 6.034482758620741016e+00
2.009999999999999787e+00 6.069052011494304288e+00
2.019999999999999574e+00 6.103795402298901607e+00
2.029999999999999361e+00 6.138714655172464951e+00
2.039999999999999147e+00 6.173811494252924525e+00
2.049999999999998934e+00 6.209087643678212309e+00
2.059999999999998721e+00 6.244544827586258506e+00
2.069999999999998508e+00 6.280184770114994208e+00
2.079999999999998295e+00 6.316009195402350507e+00
2.089999999999998082e+00 6.352019827586258494e+00
2.099999999999997868e+00 6.388218390804649260e+00
2.109999999999997655e+00 6.424606609195453899e+00
2.119999999999997442e+00 6.461186206896603501e+00
2.129999999999997229e+00 6.497958908046029158e+00
2.139999999999997016e+00 6.534926436781661074e+00
2.149999999999996803e+00 6.572090517241431229e+00
2.159999999999996589e+00 6.609452873563270714e+00
2.169999999999996376e+00 6.647015229885109733e+00
2.179999999999996163e+00 6.684779310344880265e+00
2.189999999999995950e+00 6.722746839080512515e+00
2.199999999999995737e+00 6.760919540229937574e+00
2.209999999999995524e+00 6.799299137931087422e+00
2.219999999999995310e+00 6.837887356321892263e+00
2.229999999999995097e+00 6.876685919540283187e+00
2.239999999999994884e+00 6.915696551724191288e+00
2.249999999999994671e+00 6.954920977011547656e+00
2.259999999999994458e+00 6.994360919540283383e+00
2.269999999999994245e+00 7.034018103448329562e+00
2.279999999999994031e+00 7.073894252873617283e+00
2.289999999999993818e+00 7.113991091954076751e+00
2.299999999999993605e+00 7.154310344827639945e+00
2.309999999999993392e+00 7.194853735632237957e+00
2.319999999999993179e+00 7.235622988505800990e+00
2.329999999999992966e+00 7.276619827586261025e+00
2.339999999999992752e+00 7.317845977011548264e+00
2.349999999999992539e+00 7.359303160919593800e+00
2.359999999999992326e+00 7.400993103448329613e+00
2.369999999999992113e+00 7.442917528735685906e+00
2.379999999999991900e+00 7.485078160919593770e+00
2.389999999999991687e+00 7.527476724137984299e+00
2.399999999999991473e+00 7.570114942528788582e+00
2.409999999999991260e+00 7.612994540229937712e+00
2.419999999999991047e+00 7.656117241379362781e+00
2.429999999999990834e+00 7.699484770114994880e+00
2.439999999999990621e+00 7.743098850574765102e+00
2.449999999999990408e+00 7.786961206896604537e+00
2.459999999999990195e+00 7.831073563218443390e+00
2.469999999999989981e+00 7.875437643678213639e+00
2.479999999999989768e+00 7.920055172413845490e+00
2.489999999999989555e+00 7.964927873563270921e+00
2.499999999999989342e+00 8.010057471264421025e+00
2.509999999999989129e+00 8.055445689655226005e+00
2.519999999999988916e+00 8.101094252873616952e+00
2.529999999999988702e+00 8.147004885057524959e+00
2.539999999999988489e+00 8.193179310344881117e+00
2.549999999999988276e+00 8.239619252873616517e+00
2.559999999999988063e+00 8.286326436781662252e+00
2.569999999999987850e+00 8.333302586206949414e+00
2.579999999999987637e+00 8.380549425287409093e+00
2.589999999999987423e+00 8.428068678160972382e+00
2.599999999999987210e+00 8.475862068965570373e+00
2.609999999999986997e+00 8.523931321839134156e+00
2.619999999999986784e+00 8.572278160919593049e+00
2.629999999999986571e+00 8.620904310344879917e+00
2.639999999999986358e+00 8.669811494252925854e+00
2.649999999999986144e+00 8.719001436781661951e+00
2.659999999999985931e+00 8.768475862069017523e+00
2.669999999999985718e+00 8.818236494252925439e+00
2.679999999999985505e+00 8.868285057471316790e+00
2.689999999999985292e+00 8.918623275862120892e+00
2.699999999999985079e+00 8.969252873563270612e+00
2.709999999999984865e+00 9.020175574712695266e+00
2.719999999999984652e+00 9.071393103448327722e+00
2.729999999999984439e+00 9.122907183908097295e+00
2.739999999999984226e+00 9.174719540229936854e+00
2.749999999999984013e+00 9.226831896551775714e+00
2.759999999999983800e+00 9.279245977011544966e+00
2.769999999999983586e+00 9.331963505747177479e+00
2.779999999999983373e+00 9.384986206896602567e+00
2.789999999999983160e+00 9.438315804597751324e+00
2.799999999999982947e+00 9.491954022988556616e+00
2.809999999999982734e+00 9.545902586206947760e+00
2.819999999999982521e+00 9.600163218390855846e+00
2.829999999999982307e+00 9.654737643678211967e+00
2.839999999999982094e+00 9.709627586206947214e+00
2.849999999999981881e+00 9.764834770114992679e+00
2.859999999999981668e+00 9.820360919540279454e+00
2.869999999999981455e+00 9.876207758620738630e+00
2.879999999999981242e+00 9.932377011494301300e+00
2.889999999999981029e+00 9.988870402298898554e+00
2.899999999999980815e+00 1.004568965517246149e+01
2.909999999999980602e+00 1.010283649425292118e+01
2.919999999999980389e+00 1.016031264367820874e+01
2.929999999999980176e+00 1.021811982758625525e+01
2.939999999999979963e+00 1.027625977011499003e+01
2.949999999999979750e+00 1.033473419540234595e+01
2.959999999999979536e+00 1.039354482758625409e+01
2.969999999999979323e+00 1.045269339080464555e+01
2.979999999999979110e+00 1.051218160919544964e+01
2.989999999999978897e+00 1.057201120689659923e+01
2.994999999999989448e+00 1.060205456178172057e+01
3.000000000000000000e+00 1.063218390804615154e+01
3.009999999999999787e+00 1.069270143744030932e+01
3.019999999999999574e+00 1.075356552861607540e+01
3.029999999999999361e+00 1.081477793157345069e+01
3.039999999999999147e+00 1.087634041355381598e+01
3.049999999999998934e+00 1.093825475903992839e+01
3.059999999999998721e+00 1.100052276975592491e+01
3.069999999999998508e+00 1.106314626466732420e+01
3.079999999999998295e+00 1.112612707998102124e+01
3.089999999999998082e+00 1.118946706914529443e+01
3.099999999999997868e+00 1.125316810284979674e+01
3.109999999999997655e+00 1.131723206902556278e+01
3.119999999999997442e+00 1.138166087284500705e+01
3.129999999999997229e+00 1.144645643672192392e+01
3.139999999999997016e+00 1.151162070031148410e+01
3.149999999999996803e+00 1.157715562051023994e+01
3.159999999999996589e+00 1.164306317145612191e+01
3.169999999999996376e+00 1.170934534452844034e+01
3.179999999999996163e+00 1.177600414834788545e+01
3.189999999999995950e+00 1.184304160877652556e+01
3.199999999999995737e+00 1.191045976891780889e+01
3.209999999999995524e+00 1.197826068911656350e+01
3.219999999999995310e+00 1.204644644695899736e+01
3.229999999999995097e+00 1.211501913727269475e+01
3.239999999999994884e+00 1.218398087212662162e+01
3.249999999999994671e+00 1.225333378083112379e+01
3.259999999999994458e+00 1.232308000993792518e+01
3.269999999999994245e+00 1.239322172324012961e+01
3.279999999999994031e+00 1.246376110177221896e+01
3.289999999999993818e+00 1.253470034381005505e+01
3.299999999999993605e+00 1.260604166487087952e+01
3.309999999999993392e+00 1.267778729771331214e+01
3.319999999999993179e+00 1.274993949233735435e+01
3.329999999999992966e+00 1.282250051598438567e+01
3.339999999999992752e+00 1.289547265313716373e+01
3.349999999999992539e+00 1.296885820551982782e+01
3.359999999999992326e+00 1.304265949209789355e+01
3.369999999999992113e+00 1.311687884907825818e+01
3.379999999999991900e+00 1.319151862990919710e+01
3.389999999999991687e+00 1.326658120528036555e+01
3.399999999999991473e+00 1.334206896312279866e+01
3.409999999999991260e+00 1.341798430860890967e+01
3.419999999999991047e+00 1.349432966415249169e+01
3.429999999999990834e+00 1.357110746940871771e+01
3.439999999999990621e+00 1.364832018127413882e+01
3.449999999999990408e+00 1.372597027388668778e+01
3.459999999999990195e+00 1.380406023862567366e+01
3.469999999999989981e+00 1.388259258411178543e+01
3.479999999999989768e+00 1.396156983620709191e+01
3.489999999999989555e+00 1.404099453801504183e+01
3.499999999999989342e+00 1.412086924988046377e+01
3.509999999999989129e+00 1.420119654938956444e+01
3.519999999999988916e+00 1.428197903136992863e+01
3.529999999999988702e+00 1.436321930789052281e+01
3.539999999999988489e+00 1.444492000826169154e+01
3.549999999999988276e+00 1.452708377903515924e+01
3.559999999999988063e+00 1.460971328400403024e+01
3.569999999999987850e+00 1.469281120420278519e+01
3.579999999999987637e+00 1.477638023790728816e+01
3.589999999999987423e+00 1.486042310063477956e+01
3.599999999999987210e+00 1.494494252514387966e+01
3.609999999999986997e+00 1.502994126143458864e+01
3.619999999999986784e+00 1.511542207674828653e+01
3.629999999999986571e+00 1.520138775556773147e+01
3.639999999999986358e+00 1.528784109961706150e+01
3.649999999999986144e+00 1.537478492786179451e+01
3.659999999999985931e+00 1.546222207650882652e+01
3.669999999999985718e+00 1.555015539900643162e+01
3.679999999999985505e+00 1.563858776604426737e+01
3.689999999999985292e+00 1.572752206555336763e+01
3.699999999999985079e+00 1.581696120270614614e+01
3.709999999999984865e+00 1.590690809991639654e+01
3.719999999999984652e+00 1.599736569683929055e+01
3.729999999999984439e+00 1.608833695037137801e+01
3.739999999999984226e+00 1.617982483465059218e+01
3.749999999999984013e+00 1.627183234105624265e+01
3.759999999999983800e+00 1.636436247820902068e+01
3.769999999999983586e+00 1.645741827197099383e+01
3.779999999999983373e+00 1.655100276544560955e+01
3.789999999999983160e+00 1.664511901897769874e+01
3.799999999999982947e+00 1.673977011015346505e+01
3.809999999999982734e+00 1.683495913380049558e+01
3.819999999999982521e+00 1.693068920198775729e+01
3.829999999999982307e+00 1.702696344402559347e+01
3.839999999999982094e+00 1.712378500646572732e+01
3.849999999999981881e+00 1.722115705310126543e+01
3.859999999999981668e+00 1.731908276496668719e+01
3.869999999999981455e+00 1.741756534033785542e+01
3.879999999999981242e+00 1.751660799473201280e+01
3.889999999999981029e+00 1.761621396090777836e+01
3.899999999999980815e+00 1.771638648886515455e+01
3.909999999999980602e+00 1.781712884584552015e+01
3.919999999999980389e+00 1.791844431633163026e+01
3.929999999999980176e+00 1.802033620204762698e+01
3.939999999999979963e+00 1.812280782195902518e+01
3.949999999999979750e+00 1.822586251227272314e+01
3.959999999999979536e+00 1.832950362643699549e+01
3.969999999999979323e+00 1.843373453514149674e+01
3.979999999999979110e+00 1.853855862631726481e+01
3.989999999999978897e+00 1.864397930513671042e+01
3.999999999999978684e+00 1.874999999401362771e+01
4.009999999999979359e+00 1.885662413260376269e+01
4.019999999999980034e+00 1.896385517784499797e+01
4.029999999999980709e+00 1.907169660409078205e+01
4.039999999999981384e+00 1.918015190328077324e+01
4.049999999999982059e+00 1.928922458511324578e+01
4.059999999999982734e+00 1.939891817721750655e+01
4.069999999999983409e+00 1.950923622532631896e+01
4.079999999999984084e+00 1.962018229344830189e+01
4.089999999999984759e+00 1.973175996404035004e+01
4.099999999999985434e+00 1.984397283818005420e+01
4.109999999999986109e+00 1.995682453573810022e+01
4.119999999999986784e+00 2.007031869555069648e+01
4.129999999999987459e+00 2.018445897559197988e+01
4.139999999999988134e+00 2.029924905314643269e+01
4.149999999999988809e+00 2.041469262498129922e+01
4.159999999999989484e+00 2.053079340751899196e+01
4.169999999999990159e+00 2.064755513700950829e+01
4.179999999999990834e+00 2.076498156970285081e+01
4.189999999999991509e+00 2.088307648202143341e+01
4.199999999999992184e+00 2.100184367073249803e+01
4.209999999999992859e+00 2.112128695312052429e+01
4.219999999999993534e+00 2.124141016715965335e+01
4.229999999999994209e+00 2.136221717168609047e+01
4.239999999999994884e+00 2.148371184657052524e+01
4.249999999999995559e+00 2.160589809289054486e+01
4.259999999999996234e+00 2.172877983310304728e+01
4.269999999999996909e+00 2.185236101121665087e+01
4.279999999999997584e+00 2.197664559296411468e+01
4.289999999999998259e+00 2.210163756597474816e+01
4.299999999999998934e+00 2.222734093994682780e+01
4.309999999999999609e+00 2.235375974682001043e+01
4.320000000000000284e+00 2.248089804094774280e+01
4.330000000000000959e+00 2.260875989926967833e+01
4.340000000000001634e+00 2.273734942148409388e+01
4.350000000000002309e+00 2.286667073022030294e+01
4.360000000000002984e+00 2.299672797121106171e+01
4.370000000000003659e+00 2.312752531346498941e+01
4.380000000000004334e+00 2.325906694943898501e+01
4.390000000000005009e+00 2.339135709521063333e+01
4.400000000000005684e+00 2.352439999065062537e+01
4.410000000000006359e+00 2.365819989959516789e+01
4.420000000000007034e+00 2.379276111001839666e+01
4.430000000000007709e+00 2.392808793420479674e+01
4.440000000000008384e+00 2.406418470892160855e+01
4.450000000000009059e+00 2.420105579559124820e+01
4.460000000000009734e+00 2.433870558046371357e+01
4.470000000000010409e+00 2.447713847478900462e+01
4.480000000000011084e+00 2.461635891498953299e+01
4.490000000000011759e+00 2.475637136283254236e+01
4.500000000000012434e+00 2.489718030560251805e+01
4.510000000000013110e+00 2.503879025627359312e+01
4.520000000000013785e+00 2.518120575368197578e+01
4.530000000000014460e+00 2.532443136269835904e+01
4.540000000000015135e+00 2.546847167440032678e+01
4.550000000000015810e+00 2.561333130624477405e+01
4.560000000000016485e+00 2.575901490224032386e+01
4.570000000000017160e+00 2.590552713311973321e+01
4.580000000000017835e+00 2.605287269651231341e+01
4.590000000000018510e+00 2.620105631711633976e+01
4.600000000000019185e+00 2.635008274687146823e+01
4.610000000000019860e+00 2.649995676513114518e+01
4.620000000000020535e+00 2.665068317883502758e+01
4.630000000000021210e+00 2.680226682268139271e+01
4.640000000000021885e+00 2.695471255929954779e+01
4.650000000000022560e+00 2.710802527942225382e+01
4.660000000000023235e+00 2.726220990205812811e+01
4.670000000000023910e+00 2.741727137466407171e+01
4.680000000000024585e+00 2.757321467331766840e+01
4.690000000000025260e+00 2.773004480288960849e+01
4.700000000000025935e+00 2.788776679721609852e+01
4.710000000000026610e+00 2.804638571927127444e+01
4.720000000000027285e+00 2.820590666133962188e+01
4.730000000000027960e+00 2.836633474518838227e+01
4.740000000000028635e+00 2.852767512223996960e+01
4.750000000000029310e+00 2.868993297374438001e+01
4.760000000000029985e+00 2.885311351095161569e+01
4.770000000000030660e+00 2.901722197528409097e+01
4.780000000000031335e+00 2.918226363850904903e+01
4.790000000000032010e+00 2.934824380291097157e+01
4.800000000000032685e+00 2.951516780146399554e+01
4.810000000000033360e+00 2.968304099800432638e+01
4.820000000000034035e+00 2.985186878740265470e+01
4.830000000000034710e+00 3.002165659573656953e+01
4.840000000000035385e+00 3.019240988046296437e+01
4.850000000000036060e+00 3.036413413059046107e+01
4.860000000000036735e+00 3.053683486685181947e+01
4.870000000000037410e+00 3.071051764187634703e+01
4.880000000000038085e+00 3.088518804036232268e+01
4.890000000000038760e+00 3.106085167924939938e+01
4.900000000000039435e+00 3.123751420789102440e+01
4.910000000000040110e+00 3.141518130822685606e+01
4.920000000000040785e+00 3.159385869495516630e+01
4.930000000000041460e+00 3.177355211570526805e+01
4.940000000000042135e+00 3.195426735120992134e+01
4.950000000000042810e+00 3.213601021547774650e+01
4.960000000000043485e+00 3.231878655596563732e+01
4.970000000000044160e+00 3.250260225375118495e+01
4.980000000000044835e+00 3.268746322370507329e+01
4.990000000000021529e+00 3.287337541466309432e+01
5.000000000000000000e+00 3.306034480959981181e+01
