-1.000010000000000066e+00 -4.827586206896553045e-01
-1.000000000000000000e+00 -4.827586206896553045e-01
-9.899999999999999911e-01 -4.827586206896552490e-01
-9.799999999999999822e-01 -4.827586206896552490e-01
-9.699999999999999734e-01 -4.827586206896551935e-01
-9.599999999999999645e-01 -4.827586206896553045e-01
-9.499999999999999556e-01 -4.827586206896551935e-01
-9.399999999999999467e-01 -4.827586206896552490e-01
-9.299999999999999378e-01 -4.827586206896552490e-01
-9.200000000000000400e-01 -4.827586206896552490e-01
-9.100000000000000311e-01 -4.827586206896553045e-01
-9.000000000000000222e-01 -4.827586206896553045e-01
-8.900000000000000133e-01 -4.827586206896553045e-01
-8.800000000000000044e-01 -4.827586206896552490e-01
-8.699999999999999956e-01 -4.827586206896551935e-01
-8.599999999999999867e-01 -4.827586206896551935e-01
-8.499999999999999778e-01 -4.827586206896553045e-01
-8.399999999999999689e-01 -4.827586206896553045e-01
-8.299999999999999600e-01 -4.827586206896552490e-01
-8.200000000000000622e-01 -4.827586206896553045e-01
-8.100000000000000533e-01 -4.827586206896553600e-01
-8.000000000000000444e-01 -4.827586206896553600e-01
-7.900000000000000355e-01 -4.827586206896552490e-01
-7.800000000000000266e-01 -4.827586206896553045e-01
-7.700000000000000178e-01 -4.827586206896552490e-01
-7.600000000000000089e-01 -4.827586206896553045e-01
-7.500000000000000000e-01 -4.827586206896552490e-01
-7.399999999999999911e-01 -4.827586206896553045e-01
-7.299999999999999822e-01 -4.827586206896552490e-01
-7.199999999999999734e-01 -4.827586206896553045e-01
-7.099999999999999645e-01 -4.827586206896552490e-01
-6.999999999999999556e-01 -4.827586206896553045e-01
-6.899999999999999467e-01 -4.827586206896552490e-01
-6.799999999999999378e-01 -4.827586206896553045e-01
-6.699999999999999289e-01 -4.827586206896552490e-01
-6.599999999999999201e-01 -4.827586206896552490e-01
-6.499999999999999112e-01 -4.827586206896552490e-01
-6.400000000000000133e-01 -4.827586206896553045e-01
-6.300000000000000044e-01 -4.827586206896553600e-01
-6.199999999999999956e-01 -4.827586206896553600e-01
-6.099999999999999867e-01 -4.827586206896552490e-01
-5.999999999999999778e-01 -4.827586206896552490e-01
-5.899999999999999689e-01 -4.827586206896552490e-01
-5.800000000000000711e-01 -4.827586206896553045e-01
-5.700000000000000622e-01 -4.827586206896553600e-01
-5.600000000000000533e-01 -4.827586206896553600e-01
-5.500000000000000444e-01 -4.827586206896552490e-01
-5.400000000000000355e-01 -4.827586206896553045e-01
-5.300000000000000266e-01 -4.827586206896552490e-01
-5.200000000000000178e-01 -4.827586206896553045e-01
-5.100000000000000089e-01 -4.827586206896552490e-01
-5.000000000000000000e-01 -4.827586206896553045e-01
-4.899999999999999911e-01 -4.827586206896552490e-01
-4.799999999999999822e-01 -4.827586206896553045e-01
-4.699999999999999734e-01 -4.827586206896552490e-01
-4.599999999999999645e-01 -4.827586206896553045e-01
-4.499999999999999556e-01 -4.827586206896552490e-01
-4.399999999999999467e-01 -4.827586206896552490e-01
-4.299999999999999378e-01 -4.827586206896552490e-01
-4.200000000000000400e-01 -4.827586206896553045e-01
-4.100000000000000311e-01 -4.827586206896553600e-01
-4.000000000000000222e-01 -4.827586206896553600e-01
-3.900000000000000133e-01 -4.827586206896553600e-01
-3.800000000000000044e-01 -4.827586206896552490e-01
-3.699999999999999956e-01 -4.827586206896553045e-01
-3.599999999999999867e-01 -4.827586206896552490e-01
-3.499999999999999778e-01 -4.827586206896553045e-01
-3.399999999999999689e-01 -4.827586206896552490e-01
-3.299999999999999600e-01 -4.827586206896553045e-01
-3.199999999999999512e-01 -4.827586206896552490e-01
-3.099999999999999423e-01 -4.827586206896552490e-01
-2.999999999999999334e-01 -4.827586206896552490e-01
-2.900000000000000355e-01 -4.827586206896553045e-01
-2.800000000000000266e-01 -4.827586206896553600e-01
-2.700000000000000178e-01 -4.827586206896553600e-01
-2.600000000000000089e-01 -4.827586206896553600e-01
-2.500000000000000000e-01 -4.827586206896552490e-01
-2.399999999999999911e-01 -4.827586206896553045e-01
-2.299999999999999822e-01 -4.827586206896552490e-01
-2.199999999999999734e-01 -4.827586206896553045e-01
-2.099999999999999645e-01 -4.827586206896552490e-01
-1.999999999999999556e-01 -4.827586206896553045e-01
-1.899999999999999467e-01 -4.827586206896552490e-01
-1.799999999999999378e-01 -4.827586206896552490e-01
-1.699999999999999289e-01 -4.827586206896552490e-01
-1.600000000000000311e-01 -4.827586206896553045e-01
-1.500000000000000222e-01 -4.827586206896553600e-01
-1.400000000000000133e-01 -4.827586206896553600e-01
-1.300000000000000044e-01 -4.827586206896552490e-01
-1.199999999999999956e-01 -4.827586206896553045e-01
-1.099999999999999867e-01 -4.827586206896552490e-01
-9.999999999999997780e-02 -4.827586206896553045e-01
-8.999999999999996891e-02 -4.827586206896552490e-01
-7.999999999999996003e-02 -4.827586206896553045e-01
-6.999999999999995115e-02 -4.827586206896552490e-01
-5.999999999999994227e-02 -4.827586206896552490e-01
-4.999999999999993339e-02 -4.827586206896552490e-01
-4.000000000000003553e-02 -4.827586206896553045e-01
-3.000000000000002665e-02 -4.827586206896551935e-01
-2.000000000000001776e-02 -4.827586206896552490e-01
-1.000000000000000888e-02 -4.827586206896553600e-01
0.000000000000000000e+00 -4.827586206896552490e-01
9.999999999999999547e-07 -4.827591034482759391e-01
1.000100000000000121e-02 -4.875866896551724894e-01
2.000099999999999795e-02 -4.924142758620690397e-01
3.000099999999999642e-02 -4.972418620689655899e-01
4.000100000000000183e-02 -5.020694482758621957e-01
5.000100000000000378e-02 -5.068970344827588015e-01
6.000100000000000572e-02 -5.117246206896554073e-01
7.000100000000000766e-02 -5.165522068965520130e-01
8.000100000000001654e-02 -5.213797931034486188e-01
9.000100000000002542e-02 -5.262073793103452246e-01
1.000010000000000343e-01 -5.310349655172418304e-01
1.100010000000000432e-01 -5.358625517241384362e-01
1.200010000000000521e-01 -5.406901379310350420e-01
1.300010000000000610e-01 -5.455177241379316477e-01
1.400010000000000698e-01 -5.503453103448282535e-01
1.500010000000000787e-01 -5.551728965517248593e-01
1.600010000000000876e-01 -5.600004827586214651e-01
1.700010000000000965e-01 -5.648280689655180709e-01
1.800010000000001054e-01 -5.696556551724146766e-01
1.900010000000001142e-01 -5.744832413793112824e-01
2.000010000000001231e-01 -5.793108275862078882e-01
2.100010000000001320e-01 -5.841384137931044940e-01
2.200010000000001409e-01 -5.889660000000010998e-01
2.300010000000001498e-01 -5.937935862068977055e-01
2.400010000000001587e-01 -5.986211724137943113e-01
2.500010000000001398e-01 -6.034487586206909171e-01
2.600010000000001487e-01 -6.082763448275875229e-01
2.700010000000001575e-01 -6.131039310344841287e-01
2.800010000000001664e-01 -6.179315172413807344e-01
2.900010000000001753e-01 -6.227591034482773402e-01
3.000010000000001842e-01 -6.275866896551739460e-01
3.100010000000001931e-01 -6.324142758620705518e-01
3.200010000000002020e-01 -6.372418620689671576e-01
3.300010000000002108e-01 -6.420694482758637633e-01
3.400010000000002197e-01 -6.468970344827603691e-01
3.500010000000002286e-01 -6.517246206896569749e-01
3.600010000000002375e-01 -6.565522068965535807e-01
3.700010000000002464e-01 -6.613797931034501865e-01
3.800010000000002552e-01 -6.662073793103467922e-01
3.900010000000002641e-01 -6.710349655172433980e-01
4.000010000000002730e-01 -6.758625517241400038e-01
4.100010000000002819e-01 -6.806901379310366096e-01
4.200010000000002908e-01 -6.855177241379332154e-01
4.300010000000002997e-01 -6.903453103448298211e-01
4.400010000000003085e-01 -6.951728965517264269e-01
4.500010000000003174e-01 -7.000004827586230327e-01
4.600010000000003263e-01 -7.048280689655196385e-01
4.700010000000003352e-01 -7.096556551724162443e-01
4.800010000000003441e-01 -7.144832413793128501e-01
4.900010000000003529e-01 -7.193108275862094558e-01
5.000010000000003618e-01 -7.241384137931060616e-01
5.100010000000002597e-01 -7.289660000000026674e-01
5.200010000000001575e-01 -7.337935862068992732e-01
5.300010000000000554e-01 -7.386211724137958790e-01
5.400009999999999533e-01 -7.434487586206924847e-01
5.500009999999998511e-01 -7.482763448275890905e-01
5.600009999999997490e-01 -7.531039310344856963e-01
5.700009999999996468e-01 -7.579315172413823021e-01
5.800009999999995447e-01 -7.627591034482789079e-01
5.900009999999994426e-01 -7.675866896551755136e-01
6.000009999999993404e-01 -7.724142758620721194e-01
6.100009999999992383e-01 -7.772418620689687252e-01
6.200009999999991361e-01 -7.820694482758653310e-01
6.300009999999990340e-01 -7.868970344827619368e-01
6.400009999999989319e-01 -7.917246206896585425e-01
6.500009999999988297e-01 -7.965522068965551483e-01
6.600009999999987276e-01 -8.013797931034517541e-01
6.700009999999986254e-01 -8.062073793103483599e-01
6.800009999999985233e-01 -8.110349655172449657e-01
6.900009999999984212e-01 -8.158625517241415714e-01
7.000009999999983190e-01 -8.206901379310381772e-01
7.100009999999982169e-01 -8.255177241379347830e-01
7.200009999999981147e-01 -8.303453103448313888e-01
7.300009999999980126e-01 -8.351728965517279946e-01
7.400009999999979105e-01 -8.400004827586246003e-01
7.500009999999978083e-01 -8.448280689655212061e-01
7.600009999999977062e-01 -8.496556551724178119e-01
7.700009999999976040e-01 -8.544832413793144177e-01
7.800009999999975019e-01 -8.593108275862110235e-01
7.900009999999973997e-01 -8.641384137931076292e-01
8.000009999999972976e-01 -8.689660000000042350e-01
8.100009999999971955e-01 -8.737935862069008408e-01
8.200009999999970933e-01 -8.786211724137974466e-01
8.300009999999969912e-01 -8.834487586206940524e-01
8.400009999999968890e-01 -8.882763448275906581e-01
8.500009999999967869e-01 -8.931039310344872639e-01
8.600009999999966848e-01 -8.979315172413838697e-01
8.700009999999965826e-01 -9.027591034482804755e-01
8.800009999999964805e-01 -9.075866896551770813e-01
8.900009999999963783e-01 -9.124142758620736871e-01
9.000009999999962762e-01 -9.172418620689702928e-01
9.100009999999961741e-01 -9.220694482758668986e-01
9.200009999999960719e-01 -9.268970344827635044e-01
9.300009999999959698e-01 -9.317246206896601102e-01
9.400009999999958676e-01 -9.365522068965567160e-01
9.500009999999957655e-01 -9.413797931034533217e-01
9.600009999999956634e-01 -9.462073793103499275e-01
9.700009999999955612e-01 -9.510349655172465333e-01
9.800009999999954591e-01 -9.558625517241431391e-01
9.900004999999978406e-01 -9.606898965517304267e-01
1.000000000000000000e+00 -9.655172413793177144e-01
1.009999999999999787e+00 -9.703689655172487161e-01
1.019999999999999574e+00 -9.752689655172487315e-01
1.029999999999999361e+00 -9.802172413793176498e-01
1.039999999999999147e+00 -9.852137931034555818e-01
1.049999999999998934e+00 -9.902586206896625276e-01
1.059999999999998721e+00 -9.953517241379383762e-01
1.069999999999998508e+00 -1.000493103448283128e+00
1.079999999999998295e+00 -1.005682758620696893e+00
1.089999999999998082e+00 -1.010920689655179672e+00
1.099999999999997868e+00 -1.016206896551731464e+00
1.109999999999997655e+00 -1.021541379310352049e+00
1.119999999999997442e+00 -1.026924137931041647e+00
1.129999999999997229e+00 -1.032355172413800259e+00
1.139999999999997016e+00 -1.037834482758627885e+00
1.149999999999996803e+00 -1.043362068965524525e+00
1.159999999999996589e+00 -1.048937931034489957e+00
1.169999999999996376e+00 -1.054562068965524402e+00
1.179999999999996163e+00 -1.060234482758627861e+00
1.189999999999995950e+00 -1.065955172413800334e+00
1.199999999999995737e+00 -1.071724137931041598e+00
1.209999999999995524e+00 -1.077541379310351877e+00
1.219999999999995310e+00 -1.083406896551731169e+00
1.229999999999995097e+00 -1.089320689655179475e+00
1.239999999999994884e+00 -1.095282758620696795e+00
1.249999999999994671e+00 -1.101293103448282906e+00
1.259999999999994458e+00 -1.107351724137938032e+00
1.269999999999994245e+00 -1.113458620689662171e+00
1.279999999999994031e+00 -1.119613793103455324e+00
1.289999999999993818e+00 -1.125817241379317268e+00
1.299999999999993605e+00 -1.132068965517248227e+00
1.309999999999993392e+00 -1.138368965517248199e+00
1.319999999999993179e+00 -1.144717241379317185e+00
1.329999999999992966e+00 -1.151113793103455185e+00
1.339999999999992752e+00 -1.157558620689661977e+00
1.349999999999992539e+00 -1.164051724137937782e+00
1.359999999999992326e+00 -1.170593103448282601e+00
1.369999999999992113e+00 -1.177182758620696434e+00
1.379999999999991900e+00 -1.183820689655179281e+00
1.389999999999991687e+00 -1.190506896551730920e+00
1.399999999999991473e+00 -1.197241379310351572e+00
1.409999999999991260e+00 -1.204024137931041238e+00
1.419999999999991047e+00 -1.210855172413799918e+00
1.429999999999990834e+00 -1.217734482758627390e+00
1.439999999999990621e+00 -1.224662068965523876e+00
1.449999999999990408e+00 -1.231637931034489375e+00
1.459999999999990195e+00 -1.238662068965523888e+00
1.469999999999989981e+00 -1.245734482758627415e+00
1.479999999999989768e+00 -1.252855172413799734e+00
1.489999999999989555e+00 -1.260024137931041066e+00
1.499999999999989342e+00 -1.267241379310351412e+00
1.509999999999989129e+00 -1.274506896551730772e+00
1.519999999999988916e+00 -1.281820689655178924e+00
1.529999999999988702e+00 -1.289182758620696090e+00
1.539999999999988489e+00 -1.296593103448282269e+00
1.549999999999988276e+00 -1.304051724137937462e+00
1.559999999999988063e+00 -1.311558620689661669e+00
1.569999999999987850e+00 -1.319113793103454668e+00
1.579999999999987637e+00 -1.326717241379316681e+00
1.589999999999987423e+00 -1.334368965517247707e+00
1.599999999999987210e+00 -1.342068965517247747e+00
1.609999999999986997e+00 -1.349817241379316579e+00
1.619999999999986784e+00 -1.357613793103454425e+00
1.629999999999986571e+00 -1.365458620689661284e+00
1.639999999999986358e+00 -1.373351724137937158e+00
1.649999999999986144e+00 -1.381293103448282045e+00
1.659999999999985931e+00 -1.389282758620695724e+00
1.669999999999985718e+00 -1.397320689655178416e+00
1.679999999999985505e+00 -1.405406896551730123e+00
1.689999999999985292e+00 -1.413541379310350843e+00
1.699999999999985079e+00 -1.421724137931040577e+00
1.709999999999984865e+00 -1.429955172413799103e+00
1.719999999999984652e+00 -1.438234482758626642e+00
1.729999999999984439e+00 -1.446562068965523196e+00
1.739999999999984226e+00 -1.454937931034488763e+00
1.749999999999984013e+00 -1.463362068965523122e+00
1.759999999999983800e+00 -1.471834482758626494e+00
1.769999999999983586e+00 -1.480355172413798881e+00
1.779999999999983373e+00 -1.488924137931040281e+00
1.789999999999983160e+00 -1.497541379310350695e+00
1.799999999999982947e+00 -1.506206896551729901e+00
1.809999999999982734e+00 -1.514920689655178121e+00
1.819999999999982521e+00 -1.523682758620695354e+00
1.829999999999982307e+00 -1.532493103448281602e+00
1.839999999999982094e+00 -1.541351724137936641e+00
1.849999999999981881e+00 -1.550258620689660694e+00
1.859999999999981668e+00 -1.559213793103453760e+00
1.869999999999981455e+00 -1.568217241379315841e+00
1.879999999999981242e+00 -1.577268965517246935e+00
1.889999999999981029e+00 -1.586368965517246821e+00
1.899999999999980815e+00 -1.595517241379315720e+00
1.909999999999980602e+00 -1.604713793103453634e+00
1.919999999999980389e+00 -1.613958620689660561e+00
1.929999999999980176e+00 -1.623251724137936503e+00
1.939999999999979963e+00 -1.632593103448281235e+00
1.949999999999979750e+00 -1.641982758620694982e+00
1.959999999999979536e+00 -1.651420689655177743e+00
1.969999999999979323e+00 -1.660906896551729517e+00
1.979999999999979110e+00 -1.670441379310350083e+00
1.989999999999978897e+00 -1.680024137931039663e+00
1.994999999999989448e+00 -1.684833620689670575e+00
2.000000000000000000e+00 -1.689655172413818685e+00
2.009999999999999787e+00 -1.699334563218416472e+00
2.019999999999999574e+00 -1.709062712643703907e+00
2.029999999999999361e+00 -1.718840103448301626e+00
2.039999999999999147e+00 -1.728667218390830485e+00
2.049999999999998934e+00 -1.738544540229911117e+00
2.059999999999998721e+00 -1.748472551724164159e+00
2.069999999999998508e+00 -1.758451735632210244e+00
2.079999999999998295e+00 -1.768482574712670008e+00
2.089999999999998082e+00 -1.778565551724164306e+00
2.099999999999997868e+00 -1.788701149425313774e+00
2.109999999999997655e+00 -1.798889850574739047e+00
2.119999999999997442e+00 -1.809132137931060980e+00
2.129999999999997229e+00 -1.819428494252900208e+00
2.139999999999997016e+00 -1.829779402298877367e+00
2.149999999999996803e+00 -1.840185344827613090e+00
2.159999999999996589e+00 -1.850646804597728012e+00
2.169999999999996376e+00 -1.861164264367842991e+00
2.179999999999996163e+00 -1.871738206896578660e+00
2.189999999999995950e+00 -1.882369114942555655e+00
2.199999999999995737e+00 -1.893057471264394831e+00
2.209999999999995524e+00 -1.903803758620716824e+00
2.219999999999995310e+00 -1.914608459770142268e+00
2.229999999999995097e+00 -1.925472057471291798e+00
2.239999999999994884e+00 -1.936395034482786048e+00
2.249999999999994671e+00 -1.947377873563245876e+00
2.259999999999994458e+00 -1.958421057471291915e+00
2.269999999999994245e+00 -1.969525068965544801e+00
2.279999999999994031e+00 -1.980690390804625389e+00
2.289999999999993818e+00 -1.991917505747154093e+00
2.299999999999993605e+00 -2.003206896551751992e+00
2.309999999999993392e+00 -2.014559045977039275e+00
2.319999999999993179e+00 -2.025974436781637245e+00
2.329999999999992966e+00 -2.037453551724166090e+00
2.339999999999992752e+00 -2.048996873563246446e+00
2.349999999999992539e+00 -2.060604885057499391e+00
2.359999999999992326e+00 -2.072278068965545561e+00
2.369999999999992113e+00 -2.084016908046005589e+00
2.379999999999991900e+00 -2.095821885057500111e+00
2.389999999999991687e+00 -2.107693482758649761e+00
2.399999999999991473e+00 -2.119632183908075174e+00
2.409999999999991260e+00 -2.131638471264396983e+00
2.419999999999991047e+00 -2.143712827586236269e+00
2.429999999999990834e+00 -2.155855735632213221e+00
2.439999999999990621e+00 -2.168067678160948919e+00
2.449999999999990408e+00 -2.180349137931063996e+00
2.459999999999990195e+00 -2.192700597701179088e+00
2.469999999999989981e+00 -2.205122540229914829e+00
2.479999999999989768e+00 -2.217615448275891854e+00
2.489999999999989555e+00 -2.230179804597730797e+00
2.499999999999989342e+00 -2.242816091954052737e+00
2.509999999999989129e+00 -2.255524793103478309e+00
2.519999999999988916e+00 -2.268306390804627704e+00
2.529999999999988702e+00 -2.281161367816121999e+00
2.539999999999988489e+00 -2.294090206896581829e+00
2.549999999999988276e+00 -2.307093390804627830e+00
2.559999999999988063e+00 -2.320171402298880636e+00
2.569999999999987850e+00 -2.333324724137961326e+00
2.579999999999987637e+00 -2.346553839080490089e+00
2.589999999999987423e+00 -2.359859229885088006e+00
2.599999999999987210e+00 -2.373241379310375265e+00
2.609999999999986997e+00 -2.386700770114972947e+00
2.619999999999986784e+00 -2.400237885057501686e+00
2.629999999999986571e+00 -2.413853206896582115e+00
2.639999999999986358e+00 -2.427547218390834871e+00
2.649999999999986144e+00 -2.441320402298881032e+00
2.659999999999985931e+00 -2.455173241379340787e+00
2.669999999999985718e+00 -2.469106218390835217e+00
2.679999999999985505e+00 -2.483119816091984511e+00
2.689999999999985292e+00 -2.497214517241409748e+00
2.699999999999985079e+00 -2.511390804597731563e+00
2.709999999999984865e+00 -2.525649160919570591e+00
2.719999999999984652e+00 -2.539990068965547465e+00
2.729999999999984439e+00 -2.554414011494283265e+00
2.739999999999984226e+00 -2.568921471264398182e+00
2.749999999999984013e+00 -2.583512931034513294e+00
2.759999999999983800e+00 -2.598188873563248791e+00
2.769999999999983586e+00 -2.612949781609225752e+00
2.779999999999983373e+00 -2.627796137931064813e+00
2.789999999999983160e+00 -2.642728425287386607e+00
2.799999999999982947e+00 -2.657747126436811769e+00
2.809999999999982734e+00 -2.672852724137961378e+00
2.819999999999982521e+00 -2.688045701149455624e+00
2.829999999999982307e+00 -2.703326540229915587e+00
2.839999999999982094e+00 -2.718695724137961456e+00
2.849999999999981881e+00 -2.734153735632214310e+00
2.859999999999981668e+00 -2.749701057471294785e+00
2.869999999999981455e+00 -2.765338172413823514e+00
2.879999999999981242e+00 -2.781065563218421133e+00
2.889999999999981029e+00 -2.796883712643708719e+00
2.899999999999980815e+00 -2.812793103448306464e+00
2.909999999999980602e+00 -2.828794218390835447e+00
2.919999999999980389e+00 -2.844887540229915857e+00
2.929999999999980176e+00 -2.861073551724168773e+00
2.939999999999979963e+00 -2.877352735632214831e+00
2.949999999999979750e+00 -2.893725574712674664e+00
2.959999999999979536e+00 -2.910192551724168908e+00
2.969999999999979323e+00 -2.926754149425318197e+00
2.979999999999979110e+00 -2.943410850574743609e+00
2.989999999999978897e+00 -2.960163137931065336e+00
2.994999999999989448e+00 -2.968575277298899362e+00
3.000000000000000000e+00 -2.977011494252940427e+00
3.009999999999999787e+00 -2.993956402483304746e+00
3.019999999999999574e+00 -3.010998348012519532e+00
3.029999999999999361e+00 -3.028137820840584915e+00
3.039999999999999147e+00 -3.045375315795086912e+00
3.049999999999998934e+00 -3.062711332531198316e+00
3.059999999999998721e+00 -3.080146375531677361e+00
3.069999999999998508e+00 -3.097680954106869056e+00
3.079999999999998295e+00 -3.115315582394704741e+00
3.089999999999998082e+00 -3.133050779360701199e+00
3.099999999999997868e+00 -3.150887068797961987e+00
3.109999999999997655e+00 -3.168824979327176994e+00
3.119999999999997442e+00 -3.186865044396621549e+00
3.129999999999997229e+00 -3.205007802282158202e+00
3.139999999999997016e+00 -3.223253796087234946e+00
3.149999999999996803e+00 -3.241603573742886546e+00
3.159999999999996589e+00 -3.260057688007733656e+00
3.169999999999996376e+00 -3.278616696467982816e+00
3.179999999999996163e+00 -3.297281161537427341e+00
3.189999999999995950e+00 -3.316051650457446875e+00
3.199999999999995737e+00 -3.334928735297006508e+00
3.209999999999995524e+00 -3.353912992952658101e+00
3.219999999999995310e+00 -3.373005005148539404e+00
3.229999999999995097e+00 -3.392205358436374940e+00
3.239999999999994884e+00 -3.411514644195474677e+00
3.249999999999994671e+00 -3.430933458632735356e+00
3.259999999999994458e+00 -3.450462402782640048e+00
3.269999999999994245e+00 -3.470102082507257268e+00
3.279999999999994031e+00 -3.489853108496242307e+00
3.289999999999993818e+00 -3.509716096266836338e+00
3.299999999999993605e+00 -3.529691666163867314e+00
3.309999999999993392e+00 -3.549780443359748627e+00
3.319999999999993179e+00 -3.569983057854480890e+00
3.329999999999992966e+00 -3.590300144475649713e+00
3.339999999999992752e+00 -3.610732342878427925e+00
3.349999999999992539e+00 -3.631280297545573799e+00
3.359999999999992326e+00 -3.651944657787432380e+00
3.369999999999992113e+00 -3.672726077741934603e+00
3.379999999999991900e+00 -3.693625216374597731e+00
3.389999999999991687e+00 -3.714642737478525358e+00
3.399999999999991473e+00 -3.735779309674406967e+00
3.409999999999991260e+00 -3.757035606410518369e+00
3.419999999999991047e+00 -3.778412305962721707e+00
3.429999999999990834e+00 -3.799910091434465453e+00
3.439999999999990621e+00 -3.821529650756783969e+00
3.449999999999990408e+00 -3.843271676688297500e+00
3.459999999999990195e+00 -3.865136866815213512e+00
3.469999999999989981e+00 -3.887125923551324913e+00
3.479999999999989768e+00 -3.909239554138010941e+00
3.489999999999989555e+00 -3.931478470644237166e+00
3.499999999999989342e+00 -3.953843389966555488e+00
3.509999999999989129e+00 -3.976335033829103693e+00
3.519999999999988916e+00 -3.998954128783605899e+00
3.529999999999988702e+00 -4.021701406209372109e+00
3.539999999999988489e+00 -4.044577602313299991e+00
3.549999999999988276e+00 -4.067583458129870877e+00
3.559999999999988063e+00 -4.090719719521154651e+00
3.569999999999987850e+00 -4.113987137176806641e+00
3.579999999999987637e+00 -4.137386466614067615e+00
3.589999999999987423e+00 -4.160918468177765561e+00
3.599999999999987210e+00 -4.184583907040313910e+00
3.609999999999986997e+00 -4.208383553201712424e+00
3.619999999999986784e+00 -4.232318181489548081e+00
3.629999999999986571e+00 -4.256388571558992417e+00
3.639999999999986358e+00 -4.280595507892805074e+00
3.649999999999986144e+00 -4.304939779801330246e+00
3.659999999999985931e+00 -4.329422181422499349e+00
3.669999999999985718e+00 -4.354043511721829240e+00
3.679999999999985505e+00 -4.378804574492423107e+00
3.689999999999985292e+00 -4.403706178354971357e+00
3.699999999999985079e+00 -4.428749136757749838e+00
3.709999999999984865e+00 -4.453934267976619843e+00
3.719999999999984652e+00 -4.479262395115029882e+00
3.729999999999984439e+00 -4.504734346104014797e+00
3.739999999999984226e+00 -4.530350953702194872e+00
3.749999999999984013e+00 -4.556113055495777608e+00
3.759999999999983800e+00 -4.582021493898555953e+00
3.769999999999983586e+00 -4.608077116151909181e+00
3.779999999999983373e+00 -4.634280774324802010e+00
3.789999999999983160e+00 -4.660633325313787267e+00
3.799999999999982947e+00 -4.687135630843002332e+00
3.809999999999982734e+00 -4.713788557464170914e+00
3.819999999999982521e+00 -4.740592976556603944e+00
3.829999999999982307e+00 -4.767549764327197792e+00
3.839999999999982094e+00 -4.794659801810436051e+00
3.849999999999981881e+00 -4.821923974868386864e+00
3.859999999999981668e+00 -4.849343174190705597e+00
3.869999999999981455e+00 -4.876918295294633054e+00
3.879999999999981242e+00 -4.904650238524997263e+00
3.889999999999981029e+00 -4.932539909054211691e+00
3.899999999999980815e+00 -4.960588216882277024e+00
3.909999999999980602e+00 -4.988796076836779392e+00
3.919999999999980389e+00 -5.017164408572890366e+00
3.929999999999980176e+00 -5.045694136573369626e+00
3.939999999999979963e+00 -5.074386190148561404e+00
3.949999999999979750e+00 -5.103241503436397153e+00
3.959999999999979536e+00 -5.132261015402393767e+00
3.969999999999979323e+00 -5.161445669839654471e+00
3.979999999999979110e+00 -5.190796415368869710e+00
3.989999999999978897e+00 -5.220314205438314481e+00
3.999999999999978684e+00 -5.249999998323851003e+00
4.009999999999979359e+00 -5.279854757129088583e+00
4.019999999999980034e+00 -5.309879449796634177e+00
4.029999999999980709e+00 -5.340075049145454500e+00
4.039999999999981384e+00 -5.370442532918652034e+00
4.049999999999982059e+00 -5.400982883831743742e+00
4.059999999999982734e+00 -5.431697089620937113e+00
4.069999999999983409e+00 -5.462586143091404445e+00
4.079999999999984084e+00 -5.493651042165559772e+00
4.089999999999984759e+00 -5.524892789931334036e+00
4.099999999999985434e+00 -5.556312394690451129e+00
4.109999999999986109e+00 -5.587910870006703945e+00
4.119999999999986784e+00 -5.619689234754231322e+00
4.129999999999987459e+00 -5.651648513165790533e+00
4.139999999999988134e+00 -5.683789734881037781e+00
4.149999999999988809e+00 -5.716113934994800694e+00
4.159999999999989484e+00 -5.748622154105354376e+00
4.169999999999990159e+00 -5.781315438362699233e+00
4.179999999999990834e+00 -5.814194839516835245e+00
4.189999999999991509e+00 -5.847261414966038906e+00
4.199999999999992184e+00 -5.880516227805136609e+00
4.209999999999992859e+00 -5.913960346873784246e+00
4.219999999999993534e+00 -5.947594846804740598e+00
4.229999999999994209e+00 -5.981420808072143380e+00
4.239999999999994884e+00 -6.015439317039785294e+00
4.249999999999995559e+00 -6.049651466009390965e+00
4.259999999999996234e+00 -6.084058353268891217e+00
4.269999999999996909e+00 -6.118661083140700008e+00
4.279999999999997584e+00 -6.153460766029989593e+00
4.289999999999998259e+00 -6.188458518472967462e+00
4.299999999999998934e+00 -6.223655463185149728e+00
4.309999999999999609e+00 -6.259052729109640723e+00
4.320000000000000284e+00 -6.294651451465405501e+00
4.330000000000000959e+00 -6.330452771795547662e+00
4.340000000000001634e+00 -6.366457838015584514e+00
4.350000000000002309e+00 -6.402667804461723122e+00
4.360000000000002984e+00 -6.439083831939135472e+00
4.370000000000003659e+00 -6.475707087770235404e+00
4.380000000000004334e+00 -6.512538745842954668e+00
4.390000000000005009e+00 -6.549579986659016306e+00
4.400000000000005684e+00 -6.586831997382214254e+00
4.410000000000006359e+00 -6.624295971886686729e+00
4.420000000000007034e+00 -6.661973110805191389e+00
4.430000000000007709e+00 -6.699864621577384050e+00
4.440000000000008384e+00 -6.737971718498092066e+00
4.450000000000009059e+00 -6.776295622765591276e+00
4.460000000000009734e+00 -6.814837562529881154e+00
4.470000000000010409e+00 -6.853598772940962647e+00
4.480000000000011084e+00 -6.892580496197111550e+00
4.490000000000011759e+00 -6.931783981593154564e+00
4.500000000000012434e+00 -6.971210485568747117e+00
4.510000000000013110e+00 -7.010861271756648527e+00
4.520000000000013785e+00 -7.050737611030996277e+00
4.530000000000014460e+00 -7.090840781555583838e+00
4.540000000000015135e+00 -7.131172068832134947e+00
4.550000000000015810e+00 -7.171732765748580540e+00
4.560000000000016485e+00 -7.212524172627334806e+00
4.570000000000017160e+00 -7.253547597273569458e+00
4.580000000000017835e+00 -7.294804355023492448e+00
4.590000000000018510e+00 -7.336295768792620464e+00
4.600000000000019185e+00 -7.378023169124056757e+00
4.610000000000019860e+00 -7.419987894236767190e+00
4.620000000000020535e+00 -7.462191290073854510e+00
4.630000000000021210e+00 -7.504634710350837068e+00
4.640000000000021885e+00 -7.547319516603920420e+00
4.650000000000022560e+00 -7.590247078238277822e+00
4.660000000000023235e+00 -7.633418772576323619e+00
4.670000000000023910e+00 -7.676835984905988397e+00
4.680000000000024585e+00 -7.720500108528995931e+00
4.690000000000025260e+00 -7.764412544809139227e+00
4.700000000000025935e+00 -7.808574703220556579e+00
4.710000000000026610e+00 -7.852988001396006723e+00
4.720000000000027285e+00 -7.897653865175144006e+00
4.730000000000027960e+00 -7.942573728652797094e+00
4.740000000000028635e+00 -7.987749034227241474e+00
4.750000000000029310e+00 -8.033181232648477277e+00
4.760000000000029985e+00 -8.078871783066503554e+00
4.770000000000030660e+00 -8.124822153079596987e+00
4.780000000000031335e+00 -8.171033818782586167e+00
4.790000000000032010e+00 -8.217508264815124974e+00
4.800000000000032685e+00 -8.264246984409972185e+00
4.810000000000033360e+00 -8.311251479441265744e+00
4.820000000000034035e+00 -8.358523260472798810e+00
4.830000000000034710e+00 -8.406063846806295814e+00
4.840000000000035385e+00 -8.453874766529686724e+00
4.850000000000036060e+00 -8.501957556565386653e+00
4.860000000000036735e+00 -8.550313762718566579e+00
4.870000000000037410e+00 -8.598944939725434722e+00
4.880000000000038085e+00 -8.647852651301507265e+00
4.890000000000038760e+00 -8.697038470189887960e+00
4.900000000000039435e+00 -8.746503978209544172e+00
4.910000000000040110e+00 -8.796250766303577606e+00
4.920000000000040785e+00 -8.846280434587505681e+00
4.930000000000041460e+00 -8.896594592397534029e+00
4.940000000000042135e+00 -8.947194858338837875e+00
4.950000000000042810e+00 -8.998082860333829203e+00
4.960000000000043485e+00 -9.049260235670438135e+00
4.970000000000044160e+00 -9.100728631050390760e+00
4.980000000000044835e+00 -9.152489702637479851e+00
4.990000000000021529e+00 -9.204545116105725455e+00
5.000000000000000000e+00 -9.256896546688007987e+00
