-1.000010000000000066e+00 7.621269868474744857e-01
-1.000000000000000000e+00 7.621620551276367950e-01
-9.899999999999999911e-01 7.960930657056443094e-01
-9.799999999999999822e-01 8.276889981568911203e-01
-9.699999999999999734e-01 8.568571761675897180e-01
-9.599999999999999645e-01 8.835120444460231592e-01
-9.499999999999999556e-01 9.075754196709575616e-01
-9.399999999999999467e-01 9.289767198167917517e-01
-9.299999999999999378e-01 9.476531711828025673e-01
-9.200000000000000400e-01 9.635499925192233528e-01
-9.100000000000000311e-01 9.766205557100865464e-01
-9.000000000000000222e-01 9.868265225415264741e-01
-8.900000000000000133e-01 9.941379571543598193e-01
-8.800000000000000044e-01 9.985334138511239299e-01
-8.699999999999999956e-01 1.000000000000000222e+00
-8.599999999999999867e-01 9.985334138511237079e-01
-8.499999999999999778e-01 9.941379571543595972e-01
-8.399999999999999689e-01 9.868265225415259190e-01
-8.299999999999999600e-01 9.766205557100867685e-01
-8.200000000000000622e-01 9.635499925192227977e-01
-8.100000000000000533e-01 9.476531711828024562e-01
-8.000000000000000444e-01 9.289767198167914186e-01
-7.900000000000000355e-01 9.075754196709568955e-01
-7.800000000000000266e-01 8.835120444460226041e-01
-7.700000000000000178e-01 8.568571761675892740e-01
-7.600000000000000089e-01 8.276889981568903432e-01
-7.500000000000000000e-01 7.960930657056435322e-01
-7.399999999999999911e-01 7.621620551276360178e-01
-7.299999999999999822e-01 7.259954919231306203e-01
-7.199999999999999734e-01 6.876994588534227626e-01
-7.099999999999999645e-01 6.473862847818272481e-01
-6.999999999999999556e-01 6.051742151937645753e-01
-6.899999999999999467e-01 5.611870653623819427e-01
-6.799999999999999378e-01 5.155538571770210687e-01
-6.699999999999999289e-01 4.684084406997895966e-01
-6.599999999999999201e-01 4.198891015602638221e-01
-6.499999999999999112e-01 3.701381553399138991e-01
-6.400000000000000133e-01 3.193015301359796165e-01
-6.300000000000000044e-01 2.675283385292205884e-01
-6.199999999999999956e-01 2.149704402110236556e-01
-6.099999999999999867e-01 1.617819965527644566e-01
-5.999999999999999778e-01 1.081190184239412405e-01
-5.899999999999999689e-01 5.413890858541720030e-02
-5.800000000000000711e-01 -1.196959198423996895e-16
-5.700000000000000622e-01 -5.413890858541746398e-02
-5.600000000000000533e-01 -1.081190184239419205e-01
-5.500000000000000444e-01 -1.617819965527646786e-01
-5.400000000000000355e-01 -2.149704402110242940e-01
-5.300000000000000266e-01 -2.675283385292207550e-01
-5.200000000000000178e-01 -3.193015301359802272e-01
-5.100000000000000089e-01 -3.701381553399143431e-01
-5.000000000000000000e-01 -4.198891015602648769e-01
-4.899999999999999911e-01 -4.684084406997905958e-01
-4.799999999999999822e-01 -5.155538571770220679e-01
-4.699999999999999734e-01 -5.611870653623827199e-01
-4.599999999999999645e-01 -6.051742151937655745e-01
-4.499999999999999556e-01 -6.473862847818281363e-01
-4.399999999999999467e-01 -6.876994588534235398e-01
-4.299999999999999378e-01 -7.259954919231312864e-01
-4.200000000000000400e-01 -7.621620551276365729e-01
-4.100000000000000311e-01 -7.960930657056440873e-01
-4.000000000000000222e-01 -8.276889981568906762e-01
-3.900000000000000133e-01 -8.568571761675896070e-01
-3.800000000000000044e-01 -8.835120444460228262e-01
-3.699999999999999956e-01 -9.075754196709573396e-01
-3.599999999999999867e-01 -9.289767198167915296e-01
-3.499999999999999778e-01 -9.476531711828025673e-01
-3.399999999999999689e-01 -9.635499925192231307e-01
-3.299999999999999600e-01 -9.766205557100868795e-01
-3.199999999999999512e-01 -9.868265225415262520e-01
-3.099999999999999423e-01 -9.941379571543597082e-01
-2.999999999999999334e-01 -9.985334138511241520e-01
-2.900000000000000355e-01 -1.000000000000000222e+00
-2.800000000000000266e-01 -9.985334138511239299e-01
-2.700000000000000178e-01 -9.941379571543597082e-01
-2.600000000000000089e-01 -9.868265225415260300e-01
-2.500000000000000000e-01 -9.766205557100867685e-01
-2.399999999999999911e-01 -9.635499925192227977e-01
-2.299999999999999822e-01 -9.476531711828023452e-01
-2.199999999999999734e-01 -9.289767198167914186e-01
-2.099999999999999645e-01 -9.075754196709571175e-01
-1.999999999999999556e-01 -8.835120444460228262e-01
-1.899999999999999467e-01 -8.568571761675890519e-01
-1.799999999999999378e-01 -8.276889981568904542e-01
-1.699999999999999289e-01 -7.960930657056436432e-01
-1.600000000000000311e-01 -7.621620551276366839e-01
-1.500000000000000222e-01 -7.259954919231309534e-01
-1.400000000000000133e-01 -6.876994588534235398e-01
-1.300000000000000044e-01 -6.473862847818275812e-01
-1.199999999999999956e-01 -6.051742151937651304e-01
-1.099999999999999867e-01 -5.611870653623822758e-01
-9.999999999999997780e-02 -5.155538571770216238e-01
-8.999999999999996891e-02 -4.684084406997899852e-01
-7.999999999999996003e-02 -4.198891015602643773e-01
-6.999999999999995115e-02 -3.701381553399140656e-01
-5.999999999999994227e-02 -3.193015301359796165e-01
-4.999999999999993339e-02 -2.675283385292204219e-01
-4.000000000000003553e-02 -2.149704402110242663e-01
-3.000000000000002665e-02 -1.617819965527648729e-01
-2.000000000000001776e-02 -1.081190184239418650e-01
-1.000000000000000888e-02 -5.413890858541756806e-02
0.000000000000000000e+00 0.000000000000000000e+00
9.999999999999999547e-07 7.621638084818880416e-07
1.000100000000000121e-02 7.793981629695957009e-03
2.000099999999999795e-02 1.591491195044121565e-02
3.000099999999999642e-02 2.433973482579983999e-02
4.000100000000000183e-02 3.304373831971320341e-02
5.000100000000000378e-02 4.200139221859764543e-02
6.000100000000000572e-02 5.118642214579437882e-02
7.000100000000000766e-02 6.057188683518162364e-02
8.000100000000001654e-02 7.013025709926186402e-02
9.000100000000002542e-02 7.983349659182642499e-02
1.000010000000000343e-01 8.965314403941998522e-02
1.100010000000000432e-01 9.956039672422307973e-02
1.200010000000000521e-01 1.095261949671010732e-01
1.300010000000000610e-01 1.195213073647263952e-01
1.400010000000000698e-01 1.295164165303004933e-01
1.500010000000000787e-01 1.394822050865061058e-01
1.600010000000000876e-01 1.493894416584248819e-01
1.700010000000000965e-01 1.592090666141968147e-01
1.800010000000001054e-01 1.689122773019272883e-01
1.900010000000001142e-01 1.784706125328278103e-01
2.000010000000001231e-01 1.878560360627864745e-01
2.100010000000001320e-01 1.970410188275025509e-01
2.200010000000001409e-01 2.059986196899752098e-01
2.300010000000001498e-01 2.147025644635003339e-01
2.400010000000001587e-01 2.231273229783870549e-01
2.500010000000001398e-01 2.312481839663442784e-01
2.600010000000001487e-01 2.390413275428882045e-01
2.700010000000001575e-01 2.464838950751677138e-01
2.800010000000001664e-01 2.535540562302729950e-01
2.900010000000001753e-01 2.602310730073632006e-01
3.000010000000001842e-01 2.664953605657962021e-01
3.100010000000001931e-01 2.723285446708403890e-01
3.200010000000002020e-01 2.777135155884711826e-01
3.300010000000002108e-01 2.826344782711687764e-01
3.400010000000002197e-01 2.870769986875140733e-01
3.500010000000002286e-01 2.910280461596895796e-01
3.600010000000002375e-01 2.944760315847028131e-01
3.700010000000002464e-01 2.974108414272220724e-01
3.800010000000002552e-01 2.998238673843181545e-01
3.900010000000002641e-01 3.017080316350999047e-01
4.000010000000002730e-01 3.030578076011825051e-01
4.100010000000002819e-01 3.038692361570941025e-01
4.200010000000002908e-01 3.041399372430728665e-01
4.300010000000002997e-01 3.038691168461924441e-01
4.400010000000003085e-01 3.030575693293386386e-01
4.500010000000003174e-01 3.017076751012062186e-01
4.600010000000003263e-01 2.998233936341500039e-01
4.700010000000003352e-01 2.974102518503703441e-01
4.800010000000003441e-01 2.944753279104979637e-01
4.900010000000003529e-01 2.910272304521293041e-01
5.000010000000003618e-01 2.870760733392092034e-01
5.100010000000002597e-01 2.826334459963253387e-01
5.200010000000001575e-01 2.777123794149291003e-01
5.300010000000000554e-01 2.723273079311924194e-01
5.400009999999999533e-01 2.664940268876128671e-01
5.500009999999998511e-01 2.602296463025524087e-01
5.600009999999997490e-01 2.535525406836057760e-01
5.700009999999996468e-01 2.464822951320035649e-01
5.800009999999995447e-01 2.390396478961360760e-01
5.900009999999994426e-01 2.312464295426975014e-01
6.000009999999993404e-01 2.231254989238724840e-01
6.100009999999992383e-01 2.147006761283841159e-01
6.200009999999991361e-01 2.059966726130696146e-01
6.300009999999990340e-01 1.970390187199196064e-01
6.400009999999989319e-01 1.878539887911863659e-01
6.500009999999988297e-01 1.784685241022108682e-01
6.600009999999987276e-01 1.689101538380203271e-01
6.700009999999986254e-01 1.592069143454853397e-01
6.800009999999985233e-01 1.493872668978838691e-01
6.900009999999984212e-01 1.394800142130829257e-01
7.000009999999983190e-01 1.295142159702043771e-01
7.100009999999982169e-01 1.195191035725792217e-01
7.200009999999981147e-01 1.095239944070050958e-01
7.300009999999980126e-01 9.955820585079946938e-02
7.400009999999979105e-01 8.965096927888066558e-02
7.500009999999978083e-01 7.983134432310871886e-02
7.600009999999977062e-01 7.012813363537820366e-02
7.700009999999976040e-01 6.056979840447763996e-02
7.800009999999975019e-01 5.118437487451892032e-02
7.900009999999973997e-01 4.199939210980279530e-02
8.000009999999972976e-01 3.304179124733006012e-02
8.100009999999971955e-01 2.433784647380484931e-02
8.200009999999970933e-01 1.591308795891802769e-02
8.300009999999969912e-01 7.792226970960710458e-03
8.400009999999968890e-01 -9.166055833257844010e-07
8.500009999999967869e-01 -7.443484137862957373e-03
8.600009999999966848e-01 -1.451364529296835480e-02
8.700009999999965826e-01 -2.119066207005871130e-02
8.800009999999964805e-01 -2.745494962849186205e-02
8.900009999999963783e-01 -3.328813373353617378e-02
9.000009999999962762e-01 -3.867310465116734902e-02
9.100009999999961741e-01 -4.359406733386443633e-02
9.200009999999960719e-01 -4.803658775021259902e-02
9.300009999999959698e-01 -5.198763522237827978e-02
9.400009999999958676e-01 -5.543562064742918460e-02
9.500009999999957655e-01 -5.837043048980895127e-02
9.600009999999956634e-01 -6.078345644742679660e-02
9.700009999999955612e-01 -6.266762069626237441e-02
9.800009999999954591e-01 -6.401739666960935826e-02
9.900004999999978406e-01 -6.482879813208591857e-02
1.000000000000000000e+00 -6.509952639047583700e-02
1.009999999999999787e+00 -6.506084242541786133e-02
1.019999999999999574e+00 -6.494256854737803786e-02
1.029999999999999361e+00 -6.474154594487750713e-02
1.039999999999999147e+00 -6.445485851710498759e-02
1.049999999999998934e+00 -6.407984143444173109e-02
1.059999999999998721e+00 -6.361408895296381816e-02
1.069999999999998508e+00 -6.305546147141326274e-02
1.079999999999998295e+00 -6.240209180688058993e-02
1.089999999999998082e+00 -6.165239067161061570e-02
1.099999999999997868e+00 -6.080505133464744749e-02
1.109999999999997655e+00 -5.985905345470415168e-02
1.119999999999997442e+00 -5.881366607299885751e-02
1.129999999999997229e+00 -5.766844975728298295e-02
1.139999999999997016e+00 -5.642325789077170389e-02
1.149999999999996803e+00 -5.507823710219622582e-02
1.159999999999996589e+00 -5.363382683571648463e-02
1.169999999999996376e+00 -5.209075806195567759e-02
1.179999999999996163e+00 -5.045005113393750962e-02
1.189999999999995950e+00 -4.871301279421494379e-02
1.199999999999995737e+00 -4.688123234196917011e-02
1.209999999999995524e+00 -4.495657697132125069e-02
1.219999999999995310e+00 -4.294118629453007319e-02
1.229999999999995097e+00 -4.083746606614092195e-02
1.239999999999994884e+00 -3.864808112649291416e-02
1.249999999999994671e+00 -3.637594758528310546e-02
1.259999999999994458e+00 -3.402422426811435585e-02
1.269999999999994245e+00 -3.159630345111553301e-02
1.279999999999994031e+00 -2.909580091081116759e-02
1.289999999999993818e+00 -2.652654531842591965e-02
1.299999999999993605e+00 -2.389256700973219766e-02
1.309999999999993392e+00 -2.119808616338091437e-02
1.319999999999993179e+00 -1.844750042239039212e-02
1.329999999999992966e+00 -1.564537199510167287e-02
1.339999999999992752e+00 -1.279641427343539833e-02
1.349999999999992539e+00 -9.905478007701204804e-03
1.359999999999992326e+00 -6.977537078511288418e-03
1.369999999999992113e+00 -4.017673907531582253e-03
1.379999999999991900e+00 -1.031064549863316276e-03
1.389999999999991687e+00 1.977036488218412470e-03
1.399999999999991473e+00 5.001311661636885508e-03
1.409999999999991260e+00 8.036395983789676456e-03
1.419999999999991047e+00 1.107689276297872671e-02
1.429999999999990834e+00 1.411738943183693702e-02
1.439999999999990621e+00 1.715247342332082772e-02
1.449999999999990408e+00 2.017674804670225100e-02
1.459999999999990195e+00 2.318484831699213142e-02
1.469999999999989981e+00 2.617145669136582142e-02
1.479999999999989768e+00 2.913131866643239171e-02
1.489999999999989555e+00 3.205925819059843307e-02
1.499999999999989342e+00 3.495019284631918632e-02
1.509999999999989129e+00 3.779914875770491040e-02
1.519999999999988916e+00 4.060127517975582745e-02
1.529999999999988702e+00 4.335185872643300409e-02
1.539999999999988489e+00 4.604633719583169083e-02
1.549999999999988276e+00 4.868031295190558549e-02
1.559999999999988063e+00 5.124956582349105005e-02
1.569999999999987850e+00 5.375006548279624707e-02
1.579999999999987637e+00 5.617798326704698253e-02
1.589999999999987423e+00 5.852970340861430448e-02
1.599999999999987210e+00 6.080183364068392216e-02
1.609999999999986997e+00 6.299121514735926686e-02
1.619999999999986784e+00 6.509493182901276986e-02
1.629999999999986571e+00 6.711031885570850619e-02
1.639999999999986358e+00 6.903497048360754396e-02
1.649999999999986144e+00 7.086674711142912364e-02
1.659999999999985931e+00 7.260378155626988350e-02
1.669999999999985718e+00 7.424448453037299500e-02
1.679999999999985505e+00 7.578754930278300272e-02
1.689999999999985292e+00 7.723195553221286203e-02
1.699999999999985079e+00 7.857697225988072298e-02
1.709999999999984865e+00 7.982216005353801047e-02
1.719999999999984652e+00 8.096737229639988653e-02
1.729999999999984439e+00 8.201275561719756357e-02
1.739999999999984226e+00 8.295874946009097750e-02
1.749999999999984013e+00 8.380608479570332559e-02
1.759999999999983800e+00 8.455578197705830579e-02
1.769999999999983586e+00 8.520914774670888814e-02
1.779999999999983373e+00 8.576777140383626263e-02
1.789999999999983160e+00 8.623352014256148446e-02
1.799999999999982947e+00 8.660853357514344819e-02
1.809999999999982734e+00 8.689521745612743819e-02
1.819999999999982521e+00 8.709623662585255777e-02
1.829999999999982307e+00 8.721450719401588336e-02
1.839999999999982094e+00 8.725318798622025418e-02
1.849999999999981881e+00 8.721567127859454482e-02
1.859999999999981668e+00 8.710557284766329289e-02
1.869999999999981455e+00 8.692672136465115496e-02
1.879999999999981242e+00 8.668314716533052910e-02
1.889999999999981029e+00 8.637907042835234195e-02
1.899999999999980815e+00 8.601888879673490196e-02
1.909999999999980602e+00 8.560716447881926150e-02
1.919999999999980389e+00 8.514861086652604494e-02
1.929999999999980176e+00 8.464807871016495622e-02
1.939999999999979963e+00 8.411054189034797290e-02
1.949999999999979750e+00 8.354108282874178615e-02
1.959999999999979536e+00 8.294487758044484516e-02
1.969999999999979323e+00 8.232718065174259026e-02
1.979999999999979110e+00 8.169330958767315187e-02
1.989999999999978897e+00 8.104862937497182840e-02
1.994999999999989448e+00 8.072392151411740546e-02
2.000000000000000000e+00 8.039853672695748688e-02
2.009999999999999787e+00 7.974766982218080280e-02
2.019999999999999574e+00 7.909758498379788894e-02
2.029999999999999361e+00 7.844909410380211667e-02
2.039999999999999147e+00 7.780303945617017547e-02
2.049999999999998934e+00 7.716029122632440951e-02
2.059999999999998721e+00 7.652174495872984816e-02
2.069999999999998508e+00 7.588831893010777874e-02
2.079999999999998295e+00 7.526095145597194724e-02
2.089999999999998082e+00 7.464059813838749835e-02
2.099999999999997868e+00 7.402822906302546080e-02
2.109999999999997655e+00 7.342482595373431287e-02
2.119999999999997442e+00 7.283137929297482660e-02
2.129999999999997229e+00 7.224888541656429575e-02
2.139999999999997016e+00 7.167834359125195565e-02
2.149999999999996803e+00 7.112075308369744664e-02
2.159999999999996589e+00 7.057711022944951340e-02
2.169999999999996376e+00 7.004840551052214648e-02
2.179999999999996163e+00 6.953562065014022575e-02
2.189999999999995950e+00 6.903972573317612715e-02
2.199999999999995737e+00 6.856167636072366123e-02
2.209999999999995524e+00 6.810241084715538962e-02
2.219999999999995310e+00 6.766284746788492344e-02
2.229999999999995097e+00 6.724388176590694044e-02
2.239999999999994884e+00 6.684638392501522641e-02
2.249999999999994671e+00 6.647119621740371631e-02
2.259999999999994458e+00 6.611913053313703270e-02
2.269999999999994245e+00 6.579096599873700268e-02
2.279999999999994031e+00 6.548744669187037126e-02
2.289999999999993818e+00 6.520927945884076593e-02
2.299999999999993605e+00 6.495713184128672213e-02
2.309999999999993392e+00 6.473163011816703005e-02
2.319999999999993179e+00 6.453335746877665591e-02
2.329999999999992966e+00 6.436285226218137201e-02
2.339999999999992752e+00 6.422060647808852663e-02
2.349999999999992539e+00 6.410706426378581790e-02
2.359999999999992326e+00 6.402262063138075554e-02
2.369999999999992113e+00 6.396762029916210068e-02
2.379999999999991900e+00 6.394235668048170451e-02
2.389999999999991687e+00 6.394707102312262303e-02
2.399999999999991473e+00 6.398195170167779444e-02
2.409999999999991260e+00 6.404713366501488259e-02
2.419999999999991047e+00 6.414269804044804568e-02
2.429999999999990834e+00 6.426867189577747941e-02
2.439999999999990621e+00 6.442502815989493981e-02
2.449999999999990408e+00 6.461168570218797647e-02
2.459999999999990195e+00 6.482850957050995122e-02
2.469999999999989981e+00 6.507531138701797002e-02
2.479999999999989768e+00 6.535184990071755962e-02
2.489999999999989555e+00 6.565783169509337158e-02
2.499999999999989342e+00 6.599291204875039341e-02
2.509999999999989129e+00 6.635669594654121373e-02
2.519999999999988916e+00 6.674873923821346422e-02
2.529999999999988702e+00 6.716854994117908706e-02
2.539999999999988489e+00 6.761558968358399868e-02
2.549999999999988276e+00 6.808927528344550784e-02
2.559999999999988063e+00 6.858898045922554032e-02
2.569999999999987850e+00 6.911403766682232275e-02
2.579999999999987637e+00 6.966374005759223831e-02
2.589999999999987423e+00 7.023734355165868470e-02
2.599999999999987210e+00 7.083406902042653497e-02
2.609999999999986997e+00 7.145310457190058584e-02
2.619999999999986784e+00 7.209360793210464746e-02
2.629999999999986571e+00 7.275470891561625075e-02
2.639999999999986358e+00 7.343551197797038022e-02
2.649999999999986144e+00 7.413509884244574855e-02
2.659999999999985931e+00 7.485253119352860973e-02
2.669999999999985718e+00 7.558685342915380523e-02
2.679999999999985505e+00 7.633709546365033405e-02
2.689999999999985292e+00 7.710227557316969016e-02
2.699999999999985079e+00 7.788140327525112927e-02
2.709999999999984865e+00 7.867348223407734376e-02
2.719999999999984652e+00 7.947751318289909828e-02
2.729999999999984439e+00 8.029249685505675249e-02
2.739999999999984226e+00 8.111743691500156173e-02
2.749999999999984013e+00 8.195134288071953543e-02
2.759999999999983800e+00 8.279323302898579373e-02
2.769999999999983586e+00 8.364213727492796069e-02
2.779999999999983373e+00 8.449710001745223964e-02
2.789999999999983160e+00 8.535718294218605506e-02
2.799999999999982947e+00 8.622146777371578197e-02
2.809999999999982734e+00 8.708905896904677035e-02
2.819999999999982521e+00 8.795908634438522056e-02
2.829999999999982307e+00 8.883070762753718375e-02
2.839999999999982094e+00 8.970311092843806511e-02
2.849999999999981881e+00 9.057551712056600979e-02
2.859999999999981668e+00 9.144718212625430054e-02
2.869999999999981455e+00 9.231739909919929599e-02
2.879999999999981242e+00 9.318550049776246069e-02
2.889999999999981029e+00 9.405086004298499058e-02
2.899999999999980815e+00 9.491289455557194721e-02
2.909999999999980602e+00 9.577106566645754437e-02
2.919999999999980389e+00 9.662488139593443381e-02
2.929999999999980176e+00 9.747389759671491738e-02
2.939999999999979963e+00 9.831771925669148537e-02
2.949999999999979750e+00 9.915600165757537665e-02
2.959999999999979536e+00 9.998845138601474003e-02
2.969999999999979323e+00 1.008148271942265195e-01
2.979999999999979110e+00 1.016349407076177630e-01
2.989999999999978897e+00 1.024486569773208205e-01
2.994999999999989448e+00 1.028530887658226783e-01
3.000000000000000000e+00 1.032558950407230919e-01
3.009999999999999787e+00 1.040566257239937814e-01
3.019999999999999574e+00 1.048508509841648978e-01
3.029999999999999361e+00 1.056385826751197327e-01
3.039999999999999147e+00 1.064198409235971449e-01
3.049999999999998934e+00 1.071946544207297292e-01
3.059999999999998721e+00 1.079630606884611349e-01
3.069999999999998508e+00 1.087251063200611045e-01
3.079999999999998295e+00 1.094808471940327405e-01
3.089999999999998082e+00 1.102303486607845856e-01
3.099999999999997868e+00 1.109736857015199557e-01
3.109999999999997655e+00 1.117109430588775348e-01
3.119999999999997442e+00 1.124422153389399298e-01
3.129999999999997229e+00 1.131676070843111309e-01
3.139999999999997016e+00 1.138872328180483839e-01
3.149999999999996803e+00 1.146012170583196460e-01
3.159999999999996589e+00 1.153096943037437566e-01
3.169999999999996376e+00 1.160128089894561509e-01
3.179999999999996163e+00 1.167107154140290676e-01
3.189999999999995950e+00 1.174035776374606072e-01
3.199999999999995737e+00 1.180915693505318470e-01
3.209999999999995524e+00 1.187748737159152329e-01
3.219999999999995310e+00 1.194536831815002365e-01
3.229999999999995097e+00 1.201281992664838816e-01
3.239999999999994884e+00 1.207986323208536106e-01
3.249999999999994671e+00 1.214652012589678420e-01
3.259999999999994458e+00 1.221281332680158177e-01
3.269999999999994245e+00 1.227876634922117904e-01
3.279999999999994031e+00 1.234440346936498817e-01
3.289999999999993818e+00 1.240974968908143822e-01
3.299999999999993605e+00 1.247483069758058144e-01
3.309999999999993392e+00 1.253967283114054976e-01
3.319999999999993179e+00 1.260430303091605031e-01
3.329999999999992966e+00 1.266874879897265105e-01
3.339999999999992752e+00 1.273303815267582129e-01
3.349999999999992539e+00 1.279719957756849935e-01
3.359999999999992326e+00 1.286126197887543510e-01
3.369999999999992113e+00 1.292525463177651157e-01
3.379999999999991900e+00 1.298920713059493470e-01
3.389999999999991687e+00 1.305314933704932734e-01
3.399999999999991473e+00 1.311711132772149235e-01
3.409999999999991260e+00 1.318112334089394933e-01
3.419999999999991047e+00 1.324521572291318672e-01
3.429999999999990834e+00 1.330941887423592318e-01
3.439999999999990621e+00 1.337376319531667634e-01
3.449999999999990408e+00 1.343827903249532052e-01
3.459999999999990195e+00 1.350299662404338130e-01
3.469999999999989981e+00 1.356794604652730996e-01
3.479999999999989768e+00 1.363315716164607005e-01
3.489999999999989555e+00 1.369865956369895887e-01
3.499999999999989342e+00 1.376448252783777082e-01
3.509999999999989129e+00 1.383065495925506483e-01
3.519999999999988916e+00 1.389720534345758873e-01
3.529999999999988702e+00 1.396416169777072169e-01
3.539999999999988489e+00 1.403155152421616259e-01
3.549999999999988276e+00 1.409940176390109268e-01
3.559999999999988063e+00 1.416773875305261388e-01
3.569999999999987850e+00 1.423658818082638167e-01
3.579999999999987637e+00 1.430597504901322814e-01
3.589999999999987423e+00 1.437592363376193061e-01
3.599999999999987210e+00 1.444645744943042764e-01
3.609999999999986997e+00 1.451759921467148384e-01
3.619999999999986784e+00 1.458937082085230708e-01
3.629999999999986571e+00 1.466179330290073302e-01
3.639999999999986358e+00 1.473488681266348910e-01
3.649999999999986144e+00 1.480867059485469484e-01
3.659999999999985931e+00 1.488316296566513375e-01
3.669999999999985718e+00 1.495838129409504669e-01
3.679999999999985505e+00 1.503434198606519445e-01
3.689999999999985292e+00 1.511106047135280239e-01
3.699999999999985079e+00 1.518855119339070359e-01
3.709999999999984865e+00 1.526682760195959276e-01
3.719999999999984652e+00 1.534590214879484049e-01
3.729999999999984439e+00 1.542578628612074343e-01
3.739999999999984226e+00 1.550649046811651000e-01
3.749999999999984013e+00 1.558802415530969321e-01
3.759999999999983800e+00 1.567039582188416158e-01
3.769999999999983586e+00 1.575361296588120019e-01
3.779999999999983373e+00 1.583768212226379091e-01
3.789999999999983160e+00 1.592260887880578568e-01
3.799999999999982947e+00 1.600839789475933250e-01
3.809999999999982734e+00 1.609505292224581996e-01
3.819999999999982521e+00 1.618257683030759897e-01
3.829999999999982307e+00 1.627097163154992143e-01
3.839999999999982094e+00 1.636023851129495832e-01
3.849999999999981881e+00 1.645037785916237394e-01
3.859999999999981668e+00 1.654138930298385268e-01
3.869999999999981455e+00 1.663327174495206062e-01
3.879999999999981242e+00 1.672602339989803788e-01
3.889999999999981029e+00 1.681964183558474490e-01
3.899999999999980815e+00 1.691412401489856832e-01
3.909999999999980602e+00 1.700946633981503531e-01
3.919999999999980389e+00 1.710566469700977310e-01
3.929999999999980176e+00 1.720271450498093158e-01
3.939999999999979963e+00 1.730061076254485741e-01
3.949999999999979750e+00 1.739934809856276132e-01
3.959999999999979536e+00 1.749892082275252836e-01
3.969999999999979323e+00 1.759932297743663221e-01
3.979999999999979110e+00 1.770054839007436653e-01
3.989999999999978897e+00 1.780259072642429996e-01
3.999999999999978684e+00 1.790544354434953911e-01
4.009999999999979359e+00 1.800910034710642149e-01
4.019999999999980034e+00 1.811355462715562026e-01
4.029999999999980709e+00 1.821879988432330844e-01
4.039999999999981384e+00 1.832482963440073276e-01
4.049999999999982059e+00 1.843163741756490837e-01
4.059999999999982734e+00 1.853921680707834307e-01
4.069999999999983409e+00 1.864756141824230051e-01
4.079999999999984084e+00 1.875666491757732590e-01
4.089999999999984759e+00 1.886652103220411436e-01
4.099999999999985434e+00 1.897712355939719098e-01
4.109999999999986109e+00 1.908846637628340837e-01
4.119999999999986784e+00 1.920054344965677617e-01
4.129999999999987459e+00 1.931334884588087331e-01
4.139999999999988134e+00 1.942687674084976890e-01
4.149999999999988809e+00 1.954112142997824486e-01
4.159999999999989484e+00 1.965607733819202396e-01
4.169999999999990159e+00 1.977173902988868248e-01
4.179999999999990834e+00 1.988810121884004856e-01
4.189999999999991509e+00 2.000515877800703723e-01
4.199999999999992184e+00 2.012290674923811751e-01
4.209999999999992859e+00 2.024134035282299238e-01
4.219999999999993534e+00 2.036045499687343385e-01
4.229999999999994209e+00 2.048024628650379486e-01
4.239999999999994884e+00 2.060071003278424462e-01
4.249999999999995559e+00 2.072184226144047070e-01
4.259999999999996234e+00 2.084363922127433766e-01
4.269999999999996909e+00 2.096609739228079416e-01
4.279999999999997584e+00 2.108921349343723106e-01
4.289999999999998259e+00 2.121298449014242526e-01
4.299999999999998934e+00 2.133740760128327030e-01
4.309999999999999609e+00 2.146248030590855449e-01
4.320000000000000284e+00 2.158820034949020528e-01
4.330000000000000959e+00 2.171456574975365039e-01
4.340000000000001634e+00 2.184157480206018465e-01
4.350000000000002309e+00 2.196922608432555213e-01
4.360000000000002984e+00 2.209751846146032483e-01
4.370000000000003659e+00 2.222645108931904367e-01
4.380000000000004334e+00 2.235602341814655336e-01
4.390000000000005009e+00 2.248623519551140870e-01
4.400000000000005684e+00 2.261708646871774531e-01
4.410000000000006359e+00 2.274857758668855645e-01
4.420000000000007034e+00 2.288070920131484998e-01
4.430000000000007709e+00 2.301348226826669952e-01
4.440000000000008384e+00 2.314689804726385025e-01
4.450000000000009059e+00 2.328095810180506320e-01
4.460000000000009734e+00 2.341566429835699736e-01
4.470000000000010409e+00 2.355101880500500844e-01
4.480000000000011084e+00 2.368702408956981365e-01
4.490000000000011759e+00 2.382368291719556830e-01
4.500000000000012434e+00 2.396099834741640400e-01
4.510000000000013110e+00 2.409897373071004656e-01
4.520000000000013785e+00 2.423761270454862227e-01
4.530000000000014460e+00 2.437691918895823207e-01
4.540000000000015135e+00 2.451689738160031384e-01
4.550000000000015810e+00 2.465755175238923680e-01
4.560000000000016485e+00 2.479888703766189306e-01
4.570000000000017160e+00 2.494090823391641454e-01
4.580000000000017835e+00 2.508362059113833920e-01
4.590000000000018510e+00 2.522702960573386388e-01
4.600000000000019185e+00 2.537114101309084768e-01
4.610000000000019860e+00 2.551596077978942056e-01
4.620000000000020535e+00 2.566149509548504293e-01
4.630000000000021210e+00 2.580775036448783588e-01
4.640000000000021885e+00 2.595473319706282367e-01
4.650000000000022560e+00 2.610245040047668996e-01
4.660000000000023235e+00 2.625090896981724375e-01
4.670000000000023910e+00 2.640011607861256770e-01
4.680000000000024585e+00 2.655007906927731032e-01
4.690000000000025260e+00 2.670080544341421613e-01
4.700000000000025935e+00 2.685230285199927680e-01
4.710000000000026610e+00 2.700457908547932440e-01
4.720000000000027285e+00 2.715764206381111046e-01
4.730000000000027960e+00 2.731149982647109176e-01
4.740000000000028635e+00 2.746616052246519391e-01
4.750000000000029310e+00 2.762163240036789591e-01
4.760000000000029985e+00 2.777792379841983461e-01
4.770000000000030660e+00 2.793504313471297795e-01
4.780000000000031335e+00 2.809299889749214407e-01
4.790000000000032010e+00 2.825179963560133234e-01
4.800000000000032685e+00 2.841145394910288280e-01
4.810000000000033360e+00 2.857197048009696427e-01
4.820000000000034035e+00 2.873335790376834176e-01
4.830000000000034710e+00 2.889562491968666880e-01
4.840000000000035385e+00 2.905878024338583998e-01
4.850000000000036060e+00 2.922283259824707269e-01
4.860000000000036735e+00 2.938779070770955459e-01
4.870000000000037410e+00 2.955366328783149421e-01
4.880000000000038085e+00 2.972045904022339591e-01
4.890000000000038760e+00 2.988818664537428171e-01
4.900000000000039435e+00 3.005685475639044979e-01
4.910000000000040110e+00 3.022647199316509936e-01
4.920000000000040785e+00 3.039704693699598059e-01
4.930000000000041460e+00 3.056858812566680128e-01
4.940000000000042135e+00 3.074110404900686211e-01
4.950000000000042810e+00 3.091460314494188788e-01
4.960000000000043485e+00 3.108909379604772316e-01
4.970000000000044160e+00 3.126458432661691766e-01
4.980000000000044835e+00 3.144108300024683889e-01
4.990000000000021529e+00 3.161859801795601221e-01
5.000000000000000000e+00 3.179713751683691525e-01
