-1.000010000000000066e+00 9.075933856347825346e-01
-1.000000000000000000e+00 9.075754196709570065e-01
-9.899999999999999911e-01 8.887827942640716961e-01
-9.799999999999999822e-01 8.683630199049565679e-01
-9.699999999999999734e-01 8.463534803218610847e-01
-9.599999999999999645e-01 8.227944697233394722e-01
-9.499999999999999556e-01 7.977291190291821987e-01
-9.399999999999999467e-01 7.712033169080080297e-01
-9.299999999999999378e-01 7.432656257660725796e-01
-9.200000000000000400e-01 7.139671928411068791e-01
-9.100000000000000311e-01 6.833616565639438756e-01
-9.000000000000000222e-01 6.515050483593672892e-01
-8.900000000000000133e-01 6.184556900659591294e-01
-8.800000000000000044e-01 5.842740871627480903e-01
-8.699999999999999956e-01 5.490228179981314627e-01
-8.599999999999999867e-01 5.127664192238721164e-01
-8.499999999999999778e-01 4.755712676439068920e-01
-8.399999999999999689e-01 4.375054586942768164e-01
-8.299999999999999600e-01 3.986386817766531809e-01
-8.200000000000000622e-01 3.590420926736939689e-01
-8.100000000000000533e-01 3.187881832798029058e-01
-8.000000000000000444e-01 2.779506488857941826e-01
-7.900000000000000355e-01 2.366042532604195892e-01
-7.800000000000000266e-01 1.948246917757706087e-01
-7.700000000000000178e-01 1.526884528271366948e-01
-7.600000000000000089e-01 1.102726778010285347e-01
-7.500000000000000000e-01 6.765501984772885613e-02
-7.399999999999999911e-01 2.491350171692709864e-02
-7.299999999999999822e-01 -1.787362708329432240e-02
-7.199999999999999734e-01 -6.062803354261442346e-02
-7.099999999999999645e-01 -1.032714445575005774e-01
-6.999999999999999556e-01 -1.457257902305602870e-01
-6.899999999999999467e-01 -1.879133467978713057e-01
-6.799999999999999378e-01 -2.297568789226240582e-01
-6.699999999999999289e-01 -2.711797810945703047e-01
-6.599999999999999201e-01 -3.121062178764104078e-01
-6.499999999999999112e-01 -3.524612627403608811e-01
-6.400000000000000133e-01 -3.921710352407246636e-01
-6.300000000000000044e-01 -4.311628362713383344e-01
-6.199999999999999956e-01 -4.693652811602637143e-01
-6.099999999999999867e-01 -5.067084303580686733e-01
-5.999999999999999778e-01 -5.431239174804330938e-01
-5.899999999999999689e-01 -5.785450744706630566e-01
-5.800000000000000711e-01 -6.129070536529763746e-01
-5.700000000000000622e-01 -6.461469464531033324e-01
-5.600000000000000533e-01 -6.782038985688551014e-01
-5.500000000000000444e-01 -7.090192213798132137e-01
-5.400000000000000355e-01 -7.385364993921728072e-01
-5.300000000000000266e-01 -7.667016935220301033e-01
-5.200000000000000178e-01 -7.934632400280380304e-01
-5.100000000000000089e-01 -8.187721449122947748e-01
-5.000000000000000000e-01 -8.425820736166492742e-01
-4.899999999999999911e-01 -8.648494358502069046e-01
-4.799999999999999822e-01 -8.855334653927381394e-01
-4.699999999999999734e-01 -9.045962947278876065e-01
-4.599999999999999645e-01 -9.220030243695501726e-01
-4.499999999999999556e-01 -9.377217867544910268e-01
-4.399999999999999467e-01 -9.517238045842402183e-01
-4.299999999999999378e-01 -9.639834435094526421e-01
-4.200000000000000400e-01 -9.744782590602747430e-01
-4.100000000000000311e-01 -9.831890377368082135e-01
-4.000000000000000222e-01 -9.900998321844366457e-01
-3.900000000000000133e-01 -9.951979903896235324e-01
-3.800000000000000044e-01 -9.984741788427247133e-01
-3.699999999999999956e-01 -9.999223996254142932e-01
-3.599999999999999867e-01 -9.995400013914426118e-01
-3.499999999999999778e-01 -9.973276842206149073e-01
-3.399999999999999689e-01 -9.932894983371136632e-01
-3.299999999999999600e-01 -9.874328366945059887e-01
-3.199999999999999512e-01 -9.797684214410122827e-01
-3.099999999999999423e-01 -9.703102842898121416e-01
-2.999999999999999334e-01 -9.590757408303347553e-01
-2.900000000000000355e-01 -9.460853588275455195e-01
-2.800000000000000266e-01 -9.313629205672867561e-01
-2.700000000000000178e-01 -9.149353793165934112e-01
-2.600000000000000089e-01 -8.968328099786997409e-01
-2.500000000000000000e-01 -8.770883540330769446e-01
-2.399999999999999911e-01 -8.557381588613035550e-01
-2.299999999999999822e-01 -8.328213115698440694e-01
-2.199999999999999734e-01 -8.083797674308976777e-01
-2.099999999999999645e-01 -7.824582730723159685e-01
-1.999999999999999556e-01 -7.551042845572203399e-01
-1.899999999999999467e-01 -7.263678805032887098e-01
-1.799999999999999378e-01 -6.963016704007677360e-01
-1.699999999999999289e-01 -6.649606982970691638e-01
-1.600000000000000311e-01 -6.324023420242681492e-01
-1.500000000000000222e-01 -5.986862081540004210e-01
-1.400000000000000133e-01 -5.638740228720728886e-01
-1.300000000000000044e-01 -5.280295189725628946e-01
-1.199999999999999956e-01 -4.912183191782995562e-01
-1.099999999999999867e-01 -4.535078160013363835e-01
-9.999999999999997780e-02 -4.149670483633633444e-01
-8.999999999999996891e-02 -3.756665752019352489e-01
-7.999999999999996003e-02 -3.356783462939146867e-01
-6.999999999999995115e-02 -2.950755705326209566e-01
-5.999999999999994227e-02 -2.539325818998368067e-01
-4.999999999999993339e-02 -2.123247033780472359e-01
-4.000000000000003553e-02 -1.703281090520552821e-01
-3.000000000000002665e-02 -1.280196846524296050e-01
-2.000000000000001776e-02 -8.547688679610414286e-02
-1.000000000000000888e-02 -4.277760118181605370e-02
0.000000000000000000e+00 0.000000000000000000e+00
9.999999999999999547e-07 9.075745213283942585e-07
1.000100000000000121e-02 8.984049851299299311e-03
2.000099999999999795e-02 1.777109786424491134e-02
3.000099999999999642e-02 2.634596540529313136e-02
4.000100000000000183e-02 3.469295373231968960e-02
5.000100000000000378e-02 4.279678155974428466e-02
6.000100000000000572e-02 5.064261269998857756e-02
7.000100000000000766e-02 5.821608331473394210e-02
8.000100000000001654e-02 6.550332818763111853e-02
9.000100000000002542e-02 7.249100611464200095e-02
1.000010000000000343e-01 7.916632432687034648e-02
1.100010000000000432e-01 8.551706191152781689e-02
1.200010000000000521e-01 9.153159218538162167e-02
1.300010000000000610e-01 9.719890398046686364e-02
1.400010000000000698e-01 1.025086218028955082e-01
1.500010000000000787e-01 1.074510248279091779e-01
1.600010000000000876e-01 1.120170646963861844e-01
1.700010000000000965e-01 1.161983820802254680e-01
1.800010000000001054e-01 1.199873219862791496e-01
1.900010000000001142e-01 1.233769477708160645e-01
2.000010000000001231e-01 1.263610538388591775e-01
2.100010000000001320e-01 1.289341770051473657e-01
2.200010000000001409e-01 1.310916064959224137e-01
2.300010000000001498e-01 1.328293925732302316e-01
2.400010000000001587e-01 1.341443537659474938e-01
2.500010000000001398e-01 1.350340826942950379e-01
2.600010000000001487e-01 1.354969504771751931e-01
2.700010000000001575e-01 1.355321097142638265e-01
2.800010000000001664e-01 1.351394960373979159e-01
2.900010000000001753e-01 1.343198282284182865e-01
3.000010000000001842e-01 1.330746069032517354e-01
3.100010000000001931e-01 1.314061117646418697e-01
3.200010000000002020e-01 1.293173974285579952e-01
3.300010000000002108e-01 1.268122878319230262e-01
3.400010000000002197e-01 1.238953692318986860e-01
3.500010000000002286e-01 1.205719818095442736e-01
3.600010000000002375e-01 1.168482098932210334e-01
3.700010000000002464e-01 1.127308708196405884e-01
3.800010000000002552e-01 1.082275024529501667e-01
3.900010000000002641e-01 1.033463493847042447e-01
4.000010000000002730e-01 9.809634783998721907e-02
4.100010000000002819e-01 9.248710931732022356e-02
4.200010000000002908e-01 8.652890299230373006e-02
4.300010000000002997e-01 8.023263691721042867e-02
4.400010000000003085e-01 7.360983805094768739e-02
4.500010000000003174e-01 6.667263115594972145e-02
4.600010000000003263e-01 5.943371660063437312e-02
4.700010000000003352e-01 5.190634710806286967e-02
4.800010000000003441e-01 4.410430349337016859e-02
4.900010000000003529e-01 3.604186943438489332e-02
5.000010000000003618e-01 2.773380532162783921e-02
5.100010000000002597e-01 1.919532123556340342e-02
5.200010000000001575e-01 1.044204910057618986e-02
5.300010000000000554e-01 1.490014066652160796e-03
5.400009999999999533e-01 -7.644394828842323436e-03
5.500009999999998511e-01 -1.694445466557232410e-02
5.600009999999997490e-01 -2.639313925590609788e-02
5.700009999999996468e-01 -3.597315031579681466e-02
5.800009999999995447e-01 -4.566694913380783816e-02
5.900009999999994426e-01 -5.545678868030307768e-02
6.000009999999993404e-01 -6.532474609801822152e-02
6.100009999999992383e-01 -7.525275551453031175e-02
6.200009999999991361e-01 -8.522264111655397656e-02
6.300009999999990340e-01 -9.521615042551304087e-02
6.400009999999989319e-01 -1.052149877134679890e-01
6.500009999999988297e-01 -1.152008474982227082e-01
6.600009999999987276e-01 -1.251554480562889204e-01
6.700009999999986254e-01 -1.350605648923541013e-01
6.800009999999985233e-01 -1.448980641039782635e-01
6.900009999999984212e-01 -1.546499355804369091e-01
7.000009999999983190e-01 -1.642983259749307701e-01
7.100009999999982169e-01 -1.738255713897984278e-01
7.200009999999981147e-01 -1.832142297148927346e-01
7.300009999999980126e-01 -1.924471125599173382e-01
7.400009999999979105e-01 -2.015073167222626582e-01
7.500009999999978083e-01 -2.103782551327314787e-01
7.600009999999977062e-01 -2.190436872224997555e-01
7.700009999999976040e-01 -2.274877486557179695e-01
7.800009999999975019e-01 -2.356949803733198179e-01
7.900009999999973997e-01 -2.436503568948659992e-01
8.000009999999972976e-01 -2.513393138266090676e-01
8.100009999999971955e-01 -2.587477745254186945e-01
8.200009999999970933e-01 -2.658621758697521376e-01
8.300009999999969912e-01 -2.726694930904893788e-01
8.400009999999968890e-01 -2.791572636161734344e-01
8.500009999999967869e-01 -2.853136098890012851e-01
8.600009999999966848e-01 -2.911272611097945329e-01
8.700009999999965826e-01 -2.965875738721398536e-01
8.800009999999964805e-01 -3.016845516479232381e-01
8.900009999999963783e-01 -3.064088630885846709e-01
9.000009999999962762e-01 -3.107518591085880466e-01
9.100009999999961741e-01 -3.147055887198298429e-01
9.200009999999960719e-01 -3.182628135880008480e-01
9.300009999999959698e-01 -3.214170212842389907e-01
9.400009999999958676e-01 -3.241624372078604210e-01
9.500009999999957655e-01 -3.264940351581624989e-01
9.600009999999956634e-01 -3.284075465366113056e-01
9.700009999999955612e-01 -3.298994681600778134e-01
9.800009999999954591e-01 -3.309670686801058914e-01
9.900004999999978406e-01 -3.316083721751460489e-01
1.000000000000000000e+00 -3.318222687457961229e-01
1.009999999999999787e+00 -3.317771957644037317e-01
1.019999999999999574e+00 -3.316432580886910508e-01
1.029999999999999361e+00 -3.314224973884810077e-01
1.039999999999999147e+00 -3.311171142833759795e-01
1.049999999999998934e+00 -3.307294643170365367e-01
1.059999999999998721e+00 -3.302620536439164201e-01
1.069999999999998508e+00 -3.297175344413144082e-01
1.079999999999998295e+00 -3.290987000538116991e-01
1.089999999999998082e+00 -3.284084798793412974e-01
1.099999999999997868e+00 -3.276499340061562182e-01
1.109999999999997655e+00 -3.268262476105397996e-01
1.119999999999997442e+00 -3.259407251255089788e-01
1.129999999999997229e+00 -3.249967841911867161e-01
1.139999999999997016e+00 -3.239979493979195380e-01
1.149999999999996803e+00 -3.229478458335947599e-01
1.159999999999996589e+00 -3.218501924469705511e-01
1.169999999999996376e+00 -3.207087952391693420e-01
1.179999999999996163e+00 -3.195275402957990507e-01
1.189999999999995950e+00 -3.183103866724587561e-01
1.199999999999995737e+00 -3.170613591466538428e-01
1.209999999999995524e+00 -3.157845408493899497e-01
1.219999999999995310e+00 -3.144840657899355962e-01
1.229999999999995097e+00 -3.131641112874388733e-01
1.239999999999994884e+00 -3.118288903232541709e-01
1.249999999999994671e+00 -3.104826438279797984e-01
1.259999999999994458e+00 -3.091296329173273683e-01
1.269999999999994245e+00 -3.077741310910369066e-01
1.279999999999994031e+00 -3.064204164091198224e-01
1.289999999999993818e+00 -3.050727636597531656e-01
1.299999999999993605e+00 -3.037354365331638162e-01
1.309999999999993392e+00 -3.024126798158303098e-01
1.319999999999993179e+00 -3.011087116192928681e-01
1.329999999999992966e+00 -2.998277156577990321e-01
1.339999999999992752e+00 -2.985738335889224215e-01
1.349999999999992539e+00 -2.973511574311771821e-01
1.359999999999992326e+00 -2.961637220725097386e-01
1.369999999999992113e+00 -2.950154978833830488e-01
1.379999999999991900e+00 -2.939103834479767641e-01
1.389999999999991687e+00 -2.928521984268110390e-01
1.399999999999991473e+00 -2.918446765638607610e-01
1.409999999999991260e+00 -2.908914588509623478e-01
1.419999999999991047e+00 -2.899960868620275467e-01
1.429999999999990834e+00 -2.891619962692677515e-01
1.439999999999990621e+00 -2.883925105532991195e-01
1.449999999999990408e+00 -2.876908349186434455e-01
1.459999999999990195e+00 -2.870600504257646013e-01
1.469999999999989981e+00 -2.865031083503827847e-01
1.479999999999989768e+00 -2.860228247803938695e-01
1.489999999999989555e+00 -2.856218754602853349e-01
1.499999999999989342e+00 -2.853027908924872791e-01
1.509999999999989129e+00 -2.850679517046270650e-01
1.519999999999988916e+00 -2.849195842911689258e-01
1.529999999999988702e+00 -2.848597567374176465e-01
1.539999999999988489e+00 -2.848903750333484086e-01
1.549999999999988276e+00 -2.850131795841945870e-01
1.559999999999988063e+00 -2.852297420241815540e-01
1.569999999999987850e+00 -2.855414623392398266e-01
1.579999999999987637e+00 -2.859495663039653968e-01
1.589999999999987423e+00 -2.864551032375192707e-01
1.599999999999987210e+00 -2.870589440825748184e-01
1.609999999999986997e+00 -2.877617798108297320e-01
1.619999999999986784e+00 -2.885641201580019799e-01
1.629999999999986571e+00 -2.894662926906255707e-01
1.639999999999986358e+00 -2.904684422063543714e-01
1.649999999999986144e+00 -2.915705304688722688e-01
1.659999999999985931e+00 -2.927723362778946736e-01
1.669999999999985718e+00 -2.940734558741334159e-01
1.679999999999985505e+00 -2.954733036784835676e-01
1.689999999999985292e+00 -2.969711133640788314e-01
1.699999999999985079e+00 -2.985659392592530104e-01
1.709999999999984865e+00 -3.002566580788388340e-01
1.719999999999984652e+00 -3.020419709806347330e-01
1.729999999999984439e+00 -3.039204059432746297e-01
1.739999999999984226e+00 -3.058903204611473914e-01
1.749999999999984013e+00 -3.079499045514320632e-01
1.759999999999983800e+00 -3.100971840677441138e-01
1.769999999999983586e+00 -3.123300243143257715e-01
1.779999999999983373e+00 -3.146461339541639091e-01
1.789999999999983160e+00 -3.170430692038807008e-01
1.799999999999982947e+00 -3.195182383077171950e-01
1.809999999999982734e+00 -3.220689062824186877e-01
1.819999999999982521e+00 -3.246921999243359558e-01
1.829999999999982307e+00 -3.273851130695743517e-01
1.839999999999982094e+00 -3.301445120975619596e-01
1.849999999999981881e+00 -3.329671416679599871e-01
1.859999999999981668e+00 -3.358496306804132914e-01
1.869999999999981455e+00 -3.387884984462296023e-01
1.879999999999981242e+00 -3.417801610606891471e-01
1.889999999999981029e+00 -3.448209379643176198e-01
1.899999999999980815e+00 -3.479070586811116028e-01
1.909999999999980602e+00 -3.510346697213789779e-01
1.919999999999980389e+00 -3.541998416365580993e-01
1.929999999999980176e+00 -3.573985762130991728e-01
1.939999999999979963e+00 -3.606268137922382100e-01
1.949999999999979750e+00 -3.638804407022619425e-01
1.959999999999979536e+00 -3.671552967896591357e-01
1.969999999999979323e+00 -3.704471830353628370e-01
1.979999999999979110e+00 -3.737518692421699651e-01
1.989999999999978897e+00 -3.770651017791561421e-01
1.994999999999989448e+00 -3.787235891619695760e-01
2.000000000000000000e+00 -3.803826113583996804e-01
2.009999999999999787e+00 -3.837006834751362505e-01
2.019999999999999574e+00 -3.870178588988374968e-01
2.029999999999999361e+00 -3.903332590569873473e-01
2.039999999999999147e+00 -3.936460265917560153e-01
2.049999999999998934e+00 -3.969553269296186571e-01
2.059999999999998721e+00 -4.002603498092596190e-01
2.069999999999998508e+00 -4.035603107649675114e-01
2.079999999999998295e+00 -4.068544525628045028e-01
2.089999999999998082e+00 -4.101420465869207166e-01
2.099999999999997868e+00 -4.134223941734757601e-01
2.109999999999997655e+00 -4.166948278897252833e-01
2.119999999999997442e+00 -4.199587127559309407e-01
2.129999999999997229e+00 -4.232134474078564912e-01
2.139999999999997016e+00 -4.264584651977221252e-01
2.149999999999996803e+00 -4.296932352316011894e-01
2.159999999999996589e+00 -4.329172633413599924e-01
2.169999999999996376e+00 -4.361300929893616729e-01
2.179999999999996163e+00 -4.393313061042776191e-01
2.189999999999995950e+00 -4.425205238464759994e-01
2.199999999999995737e+00 -4.456974073015868565e-01
2.209999999999995524e+00 -4.488616581009731155e-01
2.219999999999995310e+00 -4.520130189679723576e-01
2.229999999999995097e+00 -4.551512741889090496e-01
2.239999999999994884e+00 -4.582762500080145296e-01
2.249999999999994671e+00 -4.613878149455324928e-01
2.259999999999994458e+00 -4.644858800384268904e-01
2.269999999999994245e+00 -4.675703990032520352e-01
2.279999999999994031e+00 -4.706413683208865439e-01
2.289999999999993818e+00 -4.736988272429759617e-01
2.299999999999993605e+00 -4.767428577200724660e-01
2.309999999999993392e+00 -4.797735842516029359e-01
2.319999999999993179e+00 -4.827911736579402202e-01
2.329999999999992966e+00 -4.857958347749948835e-01
2.339999999999992752e+00 -4.887878180718865928e-01
2.349999999999992539e+00 -4.917674151923949744e-01
2.359999999999992326e+00 -4.947349584210296025e-01
2.369999999999992113e+00 -4.976908200746963384e-01
2.379999999999991900e+00 -5.006354118210740722e-01
2.389999999999991687e+00 -5.035691839249496482e-01
2.399999999999991473e+00 -5.064926244238904252e-01
2.409999999999991260e+00 -5.094062582347642643e-01
2.419999999999991047e+00 -5.123106461927420252e-01
2.429999999999990834e+00 -5.152063840245424409e-01
2.439999999999990621e+00 -5.180941012577987559e-01
2.449999999999990408e+00 -5.209744600685443094e-01
2.459999999999990195e+00 -5.238481540689259308e-01
2.469999999999989981e+00 -5.267159070373661489e-01
2.479999999999989768e+00 -5.295784715934979126e-01
2.489999999999989555e+00 -5.324366278202974367e-01
2.499999999999989342e+00 -5.352911818359390450e-01
2.509999999999989129e+00 -5.381429643179853617e-01
2.519999999999988916e+00 -5.409928289826148040e-01
2.529999999999988702e+00 -5.438416510216715904e-01
2.539999999999988489e+00 -5.466903255003985329e-01
2.549999999999988276e+00 -5.495397657187861551e-01
2.559999999999988063e+00 -5.523909015395388478e-01
2.569999999999987850e+00 -5.552446776857183908e-01
2.579999999999987637e+00 -5.581020520111816818e-01
2.589999999999987423e+00 -5.609639937469791393e-01
2.599999999999987210e+00 -5.638314817269244328e-01
2.609999999999986997e+00 -5.667055025955832770e-01
2.619999999999986784e+00 -5.695870490019632193e-01
2.629999999999986571e+00 -5.724771177822104429e-01
2.639999999999986358e+00 -5.753767081346407020e-01
2.649999999999986144e+00 -5.782868197904463825e-01
2.659999999999985931e+00 -5.812084511834270106e-01
2.669999999999985718e+00 -5.841425976220959715e-01
2.679999999999985505e+00 -5.870902494675082073e-01
2.689999999999985292e+00 -5.900523903201455589e-01
2.699999999999985079e+00 -5.930299952191796509e-01
2.709999999999984865e+00 -5.960240288574077949e-01
2.719999999999984652e+00 -5.990354438151311856e-01
2.729999999999984439e+00 -6.020651788162079132e-01
2.739999999999984226e+00 -6.051141570094737965e-01
2.749999999999984013e+00 -6.081832842786772941e-01
2.759999999999983800e+00 -6.112734475840231330e-01
2.769999999999983586e+00 -6.143855133383596678e-01
2.779999999999983373e+00 -6.175203258209843726e-01
2.789999999999983160e+00 -6.206787056319699181e-01
2.799999999999982947e+00 -6.238614481898413500e-01
2.809999999999982734e+00 -6.270693222753551677e-01
2.819999999999982521e+00 -6.303030686240451708e-01
2.829999999999982307e+00 -6.335633985701129012e-01
2.839999999999982094e+00 -6.368509927441442509e-01
2.849999999999981881e+00 -6.401664998270378826e-01
2.859999999999981668e+00 -6.435105353624254176e-01
2.869999999999981455e+00 -6.468836806297578734e-01
2.879999999999981242e+00 -6.502864815801221443e-01
2.889999999999981029e+00 -6.537194478367348571e-01
2.899999999999980815e+00 -6.571830517619440259e-01
2.909999999999980602e+00 -6.606777275924464732e-01
2.919999999999980389e+00 -6.642038706443041951e-01
2.929999999999980176e+00 -6.677618365892149521e-01
2.939999999999979963e+00 -6.713519408033625790e-01
2.949999999999979750e+00 -6.749744577900385067e-01
2.959999999999979536e+00 -6.786296206770917605e-01
2.969999999999979323e+00 -6.823176207901273660e-01
2.979999999999979110e+00 -6.860386073022353148e-01
2.989999999999978897e+00 -6.897926869608900224e-01
2.994999999999989448e+00 -6.916821583632971615e-01
3.000000000000000000e+00 -6.935799237624563629e-01
3.009999999999999787e+00 -6.974003406433965102e-01
3.019999999999999574e+00 -7.012539345018946602e-01
3.029999999999999361e+00 -7.051406919610883062e-01
3.039999999999999147e+00 -7.090605909631397807e-01
3.049999999999998934e+00 -7.130136009892650284e-01
3.059999999999998721e+00 -7.169996832952524324e-01
3.069999999999998508e+00 -7.210187911620399293e-01
3.079999999999998295e+00 -7.250708701608925555e-01
3.089999999999998082e+00 -7.291558584326944814e-01
3.099999999999997868e+00 -7.332736869808441638e-01
3.109999999999997655e+00 -7.374242799772168233e-01
3.119999999999997442e+00 -7.416075550806335848e-01
3.129999999999997229e+00 -7.458234237672541900e-01
3.139999999999997016e+00 -7.500717916722895451e-01
3.149999999999996803e+00 -7.543525589424066036e-01
3.159999999999996589e+00 -7.586656205981823220e-01
3.169999999999996376e+00 -7.630108669059416648e-01
3.179999999999996163e+00 -7.673881837582998688e-01
3.189999999999995950e+00 -7.717974530627118579e-01
3.199999999999995737e+00 -7.762385531373173775e-01
3.209999999999995524e+00 -7.807113591133574282e-01
3.219999999999995310e+00 -7.852157433434250322e-01
3.229999999999995097e+00 -7.897515758148034859e-01
3.239999999999994884e+00 -7.943187245671340380e-01
3.249999999999994671e+00 -7.989170561136503812e-01
3.259999999999994458e+00 -8.035464358652065764e-01
3.269999999999994245e+00 -8.082067285563238057e-01
3.279999999999994031e+00 -8.128977986724752469e-01
3.289999999999993818e+00 -8.176195108778265830e-01
3.299999999999993605e+00 -8.223717304426495511e-01
3.309999999999993392e+00 -8.271543236696262680e-01
3.319999999999993179e+00 -8.319671583182627339e-01
3.329999999999992966e+00 -8.368101040266356927e-01
3.339999999999992752e+00 -8.416830327297001313e-01
3.349999999999992539e+00 -8.465858190733918098e-01
3.359999999999992326e+00 -8.515183408237665397e-01
3.369999999999992113e+00 -8.564804792704275860e-01
3.379999999999991900e+00 -8.614721196235015643e-01
3.389999999999991687e+00 -8.664931514034378557e-01
3.399999999999991473e+00 -8.715434688229158899e-01
3.409999999999991260e+00 -8.766229711601625230e-01
3.419999999999991047e+00 -8.817315631229954986e-01
3.429999999999990834e+00 -8.868691552029269731e-01
3.439999999999990621e+00 -8.920356640186776209e-01
3.449999999999990408e+00 -8.972310126484743797e-01
3.459999999999990195e+00 -9.024551309505215446e-01
3.469999999999989981e+00 -9.077079558710596796e-01
3.479999999999989768e+00 -9.129894317394481318e-01
3.489999999999989555e+00 -9.182995105497304689e-01
3.499999999999989342e+00 -9.236381522281680301e-01
3.509999999999989129e+00 -9.290053248862513158e-01
3.519999999999988916e+00 -9.344010050587263638e-01
3.529999999999988702e+00 -9.398251779261999062e-01
3.539999999999988489e+00 -9.452778375219160756e-01
3.549999999999988276e+00 -9.507589869223262991e-01
3.559999999999988063e+00 -9.562686384211028789e-01
3.569999999999987850e+00 -9.618068136862784057e-01
3.579999999999987637e+00 -9.673735439002224545e-01
3.589999999999987423e+00 -9.729688698822005488e-01
3.599999999999987210e+00 -9.785928421932894583e-01
3.609999999999986997e+00 -9.842455212234580975e-01
3.619999999999986784e+00 -9.899269772606540396e-01
3.629999999999986571e+00 -9.956372905417687491e-01
3.639999999999986358e+00 -1.001376551285389604e+00
3.649999999999986144e+00 -1.007144859706276430e+00
3.659999999999985931e+00 -1.012942326011538663e+00
3.669999999999985718e+00 -1.018769070378518826e+00
3.679999999999985505e+00 -1.024625222914421707e+00
3.689999999999985292e+00 -1.030510923597765638e+00
3.699999999999985079e+00 -1.036426322201761341e+00
3.709999999999984865e+00 -1.042371578199758897e+00
3.719999999999984652e+00 -1.048346860652936030e+00
3.729999999999984439e+00 -1.054352348080433321e+00
3.739999999999984226e+00 -1.060388228312174608e+00
3.749999999999984013e+00 -1.066454698324641237e+00
3.759999999999983800e+00 -1.072551964059901275e+00
3.769999999999983586e+00 -1.078680240228224729e+00
3.779999999999983373e+00 -1.084839750094645838e+00
3.789999999999983160e+00 -1.091030725249864775e+00
3.799999999999982947e+00 -1.097253405365906431e+00
3.809999999999982734e+00 -1.103508037936983710e+00
3.819999999999982521e+00 -1.109794878006041152e+00
3.829999999999982307e+00 -1.116114187877477848e+00
3.839999999999982094e+00 -1.122466236816577423e+00
3.849999999999981881e+00 -1.128851300736192664e+00
3.859999999999981668e+00 -1.135269661871262326e+00
3.869999999999981455e+00 -1.141721608441750968e+00
3.879999999999981242e+00 -1.148207434304634011e+00
3.889999999999981029e+00 -1.154727438595561484e+00
3.899999999999980815e+00 -1.161281925360858169e+00
3.909999999999980602e+00 -1.167871203180533390e+00
3.919999999999980389e+00 -1.174495584782990765e+00
3.929999999999980176e+00 -1.181155386652143369e+00
3.939999999999979963e+00 -1.187850928627653069e+00
3.949999999999979750e+00 -1.194582533499026766e+00
3.959999999999979536e+00 -1.201350526594311630e+00
3.969999999999979323e+00 -1.208155235364143154e+00
3.979999999999979110e+00 -1.214996988961907665e+00
3.989999999999978897e+00 -1.221876117820786867e+00
3.999999999999978684e+00 -1.228792953227128670e+00
4.009999999999979359e+00 -1.235747826898726309e+00
4.019999999999980034e+00 -1.242741070631801836e+00
4.029999999999980709e+00 -1.249773016136560999e+00
4.039999999999981384e+00 -1.256843994945858300e+00
4.049999999999982059e+00 -1.263954338329475124e+00
4.059999999999982734e+00 -1.271104377210674707e+00
4.069999999999983409e+00 -1.278294442085188054e+00
4.079999999999984084e+00 -1.285524862942780233e+00
4.089999999999984759e+00 -1.292795969191537830e+00
4.099999999999985434e+00 -1.300108089585019000e+00
4.109999999999986109e+00 -1.307461552152397566e+00
4.119999999999986784e+00 -1.314856684131729736e+00
4.129999999999987459e+00 -1.322293811906466221e+00
4.139999999999988134e+00 -1.329773260945324775e+00
4.149999999999988809e+00 -1.337295355745634629e+00
4.159999999999989484e+00 -1.344860419780254501e+00
4.169999999999990159e+00 -1.352468775448163907e+00
4.179999999999990834e+00 -1.360120744028816109e+00
4.189999999999991509e+00 -1.367816645640337780e+00
4.199999999999992184e+00 -1.375556799201650415e+00
4.209999999999992859e+00 -1.383341522398584100e+00
4.219999999999993534e+00 -1.391171131654046045e+00
4.229999999999994209e+00 -1.399045942102296047e+00
4.239999999999994884e+00 -1.406966267567378637e+00
4.249999999999995559e+00 -1.414932420545750524e+00
4.259999999999996234e+00 -1.422944712193134231e+00
4.269999999999996909e+00 -1.431003452315623869e+00
4.279999999999997584e+00 -1.439108949365056622e+00
4.289999999999998259e+00 -1.447261510438661913e+00
4.299999999999998934e+00 -1.455461441282985380e+00
4.309999999999999609e+00 -1.463709046302082761e+00
4.320000000000000284e+00 -1.472004628569968387e+00
4.330000000000000959e+00 -1.480348489847294502e+00
4.340000000000001634e+00 -1.488740930602231671e+00
4.350000000000002309e+00 -1.497182250035511641e+00
4.360000000000002984e+00 -1.505672746109588234e+00
4.370000000000003659e+00 -1.514212715581859658e+00
4.380000000000004334e+00 -1.522802454041895404e+00
4.390000000000005009e+00 -1.531442255952596421e+00
4.400000000000005684e+00 -1.540132414695214891e+00
4.410000000000006359e+00 -1.548873222618150303e+00
4.420000000000007034e+00 -1.557664971089433470e+00
4.430000000000007709e+00 -1.566507950552801676e+00
4.440000000000008384e+00 -1.575402450587261693e+00
4.450000000000009059e+00 -1.584348759970033882e+00
4.460000000000009734e+00 -1.593347166742758780e+00
4.470000000000010409e+00 -1.602397958280848300e+00
4.480000000000011084e+00 -1.611501421365852726e+00
4.490000000000011759e+00 -1.620657842260710746e+00
4.500000000000012434e+00 -1.629867506787746168e+00
4.510000000000013110e+00 -1.639130700409267449e+00
4.520000000000013785e+00 -1.648447708310622817e+00
4.530000000000014460e+00 -1.657818815485558650e+00
4.540000000000015135e+00 -1.667244306823725930e+00
4.550000000000015810e+00 -1.676724467200172208e+00
4.560000000000016485e+00 -1.686259581566658783e+00
4.570000000000017160e+00 -1.695849935044631662e+00
4.580000000000017835e+00 -1.705495813019680451e+00
4.590000000000018510e+00 -1.715197501237308852e+00
4.600000000000019185e+00 -1.724955285899842261e+00
4.610000000000019860e+00 -1.734769453764297475e+00
4.620000000000020535e+00 -1.744640292241031121e+00
4.630000000000021210e+00 -1.754568089492989813e+00
4.640000000000021885e+00 -1.764553134535378653e+00
4.650000000000022560e+00 -1.774595717335565537e+00
4.660000000000023235e+00 -1.784696128913039193e+00
4.670000000000023910e+00 -1.794854661439237331e+00
4.680000000000024585e+00 -1.805071608337062150e+00
4.690000000000025260e+00 -1.815347264379901349e+00
4.700000000000025935e+00 -1.825681925789973459e+00
4.710000000000026610e+00 -1.836075890335816752e+00
4.720000000000027285e+00 -1.846529457428743193e+00
4.730000000000027960e+00 -1.857042928218082922e+00
4.740000000000028635e+00 -1.867616605685041620e+00
4.750000000000029310e+00 -1.878250794735001339e+00
4.760000000000029985e+00 -1.888945802288095166e+00
4.770000000000030660e+00 -1.899701937367889615e+00
4.780000000000031335e+00 -1.910519511188013109e+00
4.790000000000032010e+00 -1.921398837236570012e+00
4.800000000000032685e+00 -1.932340231358188998e+00
4.810000000000033360e+00 -1.943344011833552543e+00
4.820000000000034035e+00 -1.954410499456262773e+00
4.830000000000034710e+00 -1.965540017606904222e+00
4.840000000000035385e+00 -1.976732892324166047e+00
4.850000000000036060e+00 -1.987989452372894927e+00
4.860000000000036735e+00 -1.999310029308952741e+00
4.870000000000037410e+00 -2.010694957540761774e+00
4.880000000000038085e+00 -2.022144574387424232e+00
4.890000000000038760e+00 -2.033659220133308576e+00
4.900000000000039435e+00 -2.045239238079003208e+00
4.910000000000040110e+00 -2.056884974588546466e+00
4.920000000000040785e+00 -2.068596779132843899e+00
4.930000000000041460e+00 -2.080375004329192645e+00
4.940000000000042135e+00 -2.092220005976843655e+00
4.950000000000042810e+00 -2.104132143088535134e+00
4.960000000000043485e+00 -2.116111777917937697e+00
4.970000000000044160e+00 -2.128159275982963727e+00
4.980000000000044835e+00 -2.140275006084897402e+00
4.990000000000021529e+00 -2.152459340323281456e+00
5.000000000000000000e+00 -2.164712654106668577e+00
