-1.000010000000000066e+00 -7.586206896551725976e-01
-1.000000000000000000e+00 -7.586206896551723755e-01
-9.899999999999999911e-01 -7.586206896551723755e-01
-9.799999999999999822e-01 -7.586206896551723755e-01
-9.699999999999999734e-01 -7.586206896551723755e-01
-9.599999999999999645e-01 -7.586206896551724865e-01
-9.499999999999999556e-01 -7.586206896551723755e-01
-9.399999999999999467e-01 -7.586206896551723755e-01
-9.299999999999999378e-01 -7.586206896551724865e-01
-9.200000000000000400e-01 -7.586206896551724865e-01
-9.100000000000000311e-01 -7.586206896551724865e-01
-9.000000000000000222e-01 -7.586206896551723755e-01
-8.900000000000000133e-01 -7.586206896551723755e-01
-8.800000000000000044e-01 -7.586206896551723755e-01
-8.699999999999999956e-01 -7.586206896551723755e-01
-8.599999999999999867e-01 -7.586206896551722645e-01
-8.499999999999999778e-01 -7.586206896551725976e-01
-8.399999999999999689e-01 -7.586206896551723755e-01
-8.299999999999999600e-01 -7.586206896551723755e-01
-8.200000000000000622e-01 -7.586206896551727086e-01
-8.100000000000000533e-01 -7.586206896551723755e-01
-8.000000000000000444e-01 -7.586206896551723755e-01
-7.900000000000000355e-01 -7.586206896551723755e-01
-7.800000000000000266e-01 -7.586206896551723755e-01
-7.700000000000000178e-01 -7.586206896551723755e-01
-7.600000000000000089e-01 -7.586206896551723755e-01
-7.500000000000000000e-01 -7.586206896551723755e-01
-7.399999999999999911e-01 -7.586206896551723755e-01
-7.299999999999999822e-01 -7.586206896551723755e-01
-7.199999999999999734e-01 -7.586206896551723755e-01
-7.099999999999999645e-01 -7.586206896551723755e-01
-6.999999999999999556e-01 -7.586206896551723755e-01
-6.899999999999999467e-01 -7.586206896551723755e-01
-6.799999999999999378e-01 -7.586206896551723755e-01
-6.699999999999999289e-01 -7.586206896551724865e-01
-6.599999999999999201e-01 -7.586206896551723755e-01
-6.499999999999999112e-01 -7.586206896551723755e-01
-6.400000000000000133e-01 -7.586206896551727086e-01
-6.300000000000000044e-01 -7.586206896551723755e-01
-6.199999999999999956e-01 -7.586206896551723755e-01
-6.099999999999999867e-01 -7.586206896551724865e-01
-5.999999999999999778e-01 -7.586206896551723755e-01
-5.899999999999999689e-01 -7.586206896551723755e-01
-5.800000000000000711e-01 -7.586206896551727086e-01
-5.700000000000000622e-01 -7.586206896551723755e-01
-5.600000000000000533e-01 -7.586206896551723755e-01
-5.500000000000000444e-01 -7.586206896551723755e-01
-5.400000000000000355e-01 -7.586206896551723755e-01
-5.300000000000000266e-01 -7.586206896551723755e-01
-5.200000000000000178e-01 -7.586206896551723755e-01
-5.100000000000000089e-01 -7.586206896551723755e-01
-5.000000000000000000e-01 -7.586206896551723755e-01
-4.899999999999999911e-01 -7.586206896551723755e-01
-4.799999999999999822e-01 -7.586206896551723755e-01
-4.699999999999999734e-01 -7.586206896551723755e-01
-4.599999999999999645e-01 -7.586206896551723755e-01
-4.499999999999999556e-01 -7.586206896551724865e-01
-4.399999999999999467e-01 -7.586206896551723755e-01
-4.299999999999999378e-01 -7.586206896551723755e-01
-4.200000000000000400e-01 -7.586206896551727086e-01
-4.100000000000000311e-01 -7.586206896551723755e-01
-4.000000000000000222e-01 -7.586206896551723755e-01
-3.900000000000000133e-01 -7.586206896551723755e-01
-3.800000000000000044e-01 -7.586206896551723755e-01
-3.699999999999999956e-01 -7.586206896551723755e-01
-3.599999999999999867e-01 -7.586206896551723755e-01
-3.499999999999999778e-01 -7.586206896551723755e-01
-3.399999999999999689e-01 -7.586206896551723755e-01
-3.299999999999999600e-01 -7.586206896551723755e-01
-3.199999999999999512e-01 -7.586206896551724865e-01
-3.099999999999999423e-01 -7.586206896551723755e-01
-2.999999999999999334e-01 -7.586206896551723755e-01
-2.900000000000000355e-01 -7.586206896551727086e-01
-2.800000000000000266e-01 -7.586206896551723755e-01
-2.700000000000000178e-01 -7.586206896551723755e-01
-2.600000000000000089e-01 -7.586206896551723755e-01
-2.500000000000000000e-01 -7.586206896551723755e-01
-2.399999999999999911e-01 -7.586206896551723755e-01
-2.299999999999999822e-01 -7.586206896551723755e-01
-2.199999999999999734e-01 -7.586206896551723755e-01
-2.099999999999999645e-01 -7.586206896551723755e-01
-1.999999999999999556e-01 -7.586206896551723755e-01
-1.899999999999999467e-01 -7.586206896551724865e-01
-1.799999999999999378e-01 -7.586206896551723755e-01
-1.699999999999999289e-01 -7.586206896551723755e-01
-1.600000000000000311e-01 -7.586206896551727086e-01
-1.500000000000000222e-01 -7.586206896551723755e-01
-1.400000000000000133e-01 -7.586206896551723755e-01
-1.300000000000000044e-01 -7.586206896551723755e-01
-1.199999999999999956e-01 -7.586206896551723755e-01
-1.099999999999999867e-01 -7.586206896551723755e-01
-9.999999999999997780e-02 -7.586206896551723755e-01
-8.999999999999996891e-02 -7.586206896551723755e-01
-7.999999999999996003e-02 -7.586206896551724865e-01
-6.999999999999995115e-02 -7.586206896551725976e-01
-5.999999999999994227e-02 -7.586206896551723755e-01
-4.999999999999993339e-02 -7.586206896551723755e-01
-4.000000000000003553e-02 -7.586206896551724865e-01
-3.000000000000002665e-02 -7.586206896551723755e-01
-2.000000000000001776e-02 -7.586206896551723755e-01
-1.000000000000000888e-02 -7.586206896551724865e-01
0.000000000000000000e+00 -7.586206896551723755e-01
9.999999999999999547e-07 -7.586214482758619759e-01
1.000100000000000121e-02 -7.662076551724137374e-01
2.000099999999999795e-02 -7.737938620689654989e-01
3.000099999999999642e-02 -7.813800689655172604e-01
4.000100000000000183e-02 -7.889662758620690219e-01
5.000100000000000378e-02 -7.965524827586207834e-01
6.000100000000000572e-02 -8.041386896551725449e-01
7.000100000000000766e-02 -8.117248965517243064e-01
8.000100000000001654e-02 -8.193111034482760680e-01
9.000100000000002542e-02 -8.268973103448278295e-01
1.000010000000000343e-01 -8.344835172413795910e-01
1.100010000000000432e-01 -8.420697241379313525e-01
1.200010000000000521e-01 -8.496559310344831140e-01
1.300010000000000610e-01 -8.572421379310348755e-01
1.400010000000000698e-01 -8.648283448275866370e-01
1.500010000000000787e-01 -8.724145517241383985e-01
1.600010000000000876e-01 -8.800007586206901600e-01
1.700010000000000965e-01 -8.875869655172419215e-01
1.800010000000001054e-01 -8.951731724137936830e-01
1.900010000000001142e-01 -9.027593793103454445e-01
2.000010000000001231e-01 -9.103455862068972060e-01
2.100010000000001320e-01 -9.179317931034489675e-01
2.200010000000001409e-01 -9.255180000000007290e-01
2.300010000000001498e-01 -9.331042068965524905e-01
2.400010000000001587e-01 -9.406904137931042520e-01
2.500010000000001398e-01 -9.482766206896560135e-01
2.600010000000001487e-01 -9.558628275862077750e-01
2.700010000000001575e-01 -9.634490344827595365e-01
2.800010000000001664e-01 -9.710352413793112980e-01
2.900010000000001753e-01 -9.786214482758630595e-01
3.000010000000001842e-01 -9.862076551724148210e-01
3.100010000000001931e-01 -9.937938620689665825e-01
3.200010000000002020e-01 -1.001380068965518344e+00
3.300010000000002108e-01 -1.008966275862070106e+00
3.400010000000002197e-01 -1.016552482758621867e+00
3.500010000000002286e-01 -1.024138689655173629e+00
3.600010000000002375e-01 -1.031724896551725390e+00
3.700010000000002464e-01 -1.039311103448277152e+00
3.800010000000002552e-01 -1.046897310344828913e+00
3.900010000000002641e-01 -1.054483517241380675e+00
4.000010000000002730e-01 -1.062069724137932436e+00
4.100010000000002819e-01 -1.069655931034484198e+00
4.200010000000002908e-01 -1.077242137931035959e+00
4.300010000000002997e-01 -1.084828344827587721e+00
4.400010000000003085e-01 -1.092414551724139482e+00
4.500010000000003174e-01 -1.100000758620691244e+00
4.600010000000003263e-01 -1.107586965517243005e+00
4.700010000000003352e-01 -1.115173172413794767e+00
4.800010000000003441e-01 -1.122759379310346528e+00
4.900010000000003529e-01 -1.130345586206898290e+00
5.000010000000003618e-01 -1.137931793103450051e+00
5.100010000000002597e-01 -1.145518000000001813e+00
5.200010000000001575e-01 -1.153104206896553574e+00
5.300010000000000554e-01 -1.160690413793105336e+00
5.400009999999999533e-01 -1.168276620689657097e+00
5.500009999999998511e-01 -1.175862827586208859e+00
5.600009999999997490e-01 -1.183449034482760620e+00
5.700009999999996468e-01 -1.191035241379312382e+00
5.800009999999995447e-01 -1.198621448275864143e+00
5.900009999999994426e-01 -1.206207655172415905e+00
6.000009999999993404e-01 -1.213793862068967666e+00
6.100009999999992383e-01 -1.221380068965519428e+00
6.200009999999991361e-01 -1.228966275862071189e+00
6.300009999999990340e-01 -1.236552482758622951e+00
6.400009999999989319e-01 -1.244138689655174712e+00
6.500009999999988297e-01 -1.251724896551726474e+00
6.600009999999987276e-01 -1.259311103448278235e+00
6.700009999999986254e-01 -1.266897310344829997e+00
6.800009999999985233e-01 -1.274483517241381758e+00
6.900009999999984212e-01 -1.282069724137933520e+00
7.000009999999983190e-01 -1.289655931034485281e+00
7.100009999999982169e-01 -1.297242137931037043e+00
7.200009999999981147e-01 -1.304828344827588804e+00
7.300009999999980126e-01 -1.312414551724140566e+00
7.400009999999979105e-01 -1.320000758620692327e+00
7.500009999999978083e-01 -1.327586965517244089e+00
7.600009999999977062e-01 -1.335173172413795850e+00
7.700009999999976040e-01 -1.342759379310347612e+00
7.800009999999975019e-01 -1.350345586206899373e+00
7.900009999999973997e-01 -1.357931793103451135e+00
8.000009999999972976e-01 -1.365518000000002896e+00
8.100009999999971955e-01 -1.373104206896554658e+00
8.200009999999970933e-01 -1.380690413793106419e+00
8.300009999999969912e-01 -1.388276620689658181e+00
8.400009999999968890e-01 -1.395862827586209942e+00
8.500009999999967869e-01 -1.403449034482761704e+00
8.600009999999966848e-01 -1.411035241379313465e+00
8.700009999999965826e-01 -1.418621448275865227e+00
8.800009999999964805e-01 -1.426207655172416988e+00
8.900009999999963783e-01 -1.433793862068968750e+00
9.000009999999962762e-01 -1.441380068965520511e+00
9.100009999999961741e-01 -1.448966275862072273e+00
9.200009999999960719e-01 -1.456552482758624034e+00
9.300009999999959698e-01 -1.464138689655175796e+00
9.400009999999958676e-01 -1.471724896551727557e+00
9.500009999999957655e-01 -1.479311103448279319e+00
9.600009999999956634e-01 -1.486897310344831080e+00
9.700009999999955612e-01 -1.494483517241382842e+00
9.800009999999954591e-01 -1.502069724137934603e+00
9.900004999999978406e-01 -1.509655551724143230e+00
1.000000000000000000e+00 -1.517241379310351856e+00
1.009999999999999787e+00 -1.524865517241386303e+00
1.019999999999999574e+00 -1.532565517241386344e+00
1.029999999999999361e+00 -1.540341379310351755e+00
1.039999999999999147e+00 -1.548193103448282759e+00
1.049999999999998934e+00 -1.556120689655179357e+00
1.059999999999998721e+00 -1.564124137931041325e+00
1.069999999999998508e+00 -1.572203448275868887e+00
1.079999999999998295e+00 -1.580358620689662041e+00
1.089999999999998082e+00 -1.588589655172420567e+00
1.099999999999997868e+00 -1.596896551724144686e+00
1.109999999999997655e+00 -1.605279310344834398e+00
1.119999999999997442e+00 -1.613737931034489481e+00
1.129999999999997229e+00 -1.622272413793110157e+00
1.139999999999997016e+00 -1.630882758620696427e+00
1.149999999999996803e+00 -1.639568965517248067e+00
1.159999999999996589e+00 -1.648331034482765300e+00
1.169999999999996376e+00 -1.657168965517248127e+00
1.179999999999996163e+00 -1.666082758620696325e+00
1.189999999999995950e+00 -1.675072413793110115e+00
1.199999999999995737e+00 -1.684137931034489499e+00
1.209999999999995524e+00 -1.693279310344834254e+00
1.219999999999995310e+00 -1.702496551724144602e+00
1.229999999999995097e+00 -1.711789655172420543e+00
1.239999999999994884e+00 -1.721158620689661856e+00
1.249999999999994671e+00 -1.730603448275868761e+00
1.259999999999994458e+00 -1.740124137931041037e+00
1.269999999999994245e+00 -1.749720689655178907e+00
1.279999999999994031e+00 -1.759393103448282369e+00
1.289999999999993818e+00 -1.769141379310351203e+00
1.299999999999993605e+00 -1.778965517241385630e+00
1.309999999999993392e+00 -1.788865517241385650e+00
1.319999999999993179e+00 -1.798841379310351041e+00
1.329999999999992966e+00 -1.808893103448282025e+00
1.339999999999992752e+00 -1.819020689655178602e+00
1.349999999999992539e+00 -1.829224137931040550e+00
1.359999999999992326e+00 -1.839503448275868092e+00
1.369999999999992113e+00 -1.849858620689661226e+00
1.379999999999991900e+00 -1.860289655172419732e+00
1.389999999999991687e+00 -1.870796551724143830e+00
1.399999999999991473e+00 -1.881379310344833522e+00
1.409999999999991260e+00 -1.892037931034488585e+00
1.419999999999991047e+00 -1.902772413793109241e+00
1.429999999999990834e+00 -1.913582758620695490e+00
1.439999999999990621e+00 -1.924468965517247110e+00
1.449999999999990408e+00 -1.935431034482764323e+00
1.459999999999990195e+00 -1.946468965517247129e+00
1.469999999999989981e+00 -1.957582758620695307e+00
1.479999999999989768e+00 -1.968772413793109077e+00
1.489999999999989555e+00 -1.980037931034488219e+00
1.499999999999989342e+00 -1.991379310344832954e+00
1.509999999999989129e+00 -2.002796551724143281e+00
1.519999999999988916e+00 -2.014289655172419202e+00
1.529999999999988702e+00 -2.025858620689660494e+00
1.539999999999988489e+00 -2.037503448275867157e+00
1.549999999999988276e+00 -2.049224137931039635e+00
1.559999999999988063e+00 -2.061020689655177485e+00
1.569999999999987850e+00 -2.072893103448280705e+00
1.579999999999987637e+00 -2.084841379310349740e+00
1.589999999999987423e+00 -2.096865517241384147e+00
1.599999999999987210e+00 -2.108965517241383925e+00
1.609999999999986997e+00 -2.121141379310349517e+00
1.619999999999986784e+00 -2.133393103448280481e+00
1.629999999999986571e+00 -2.145720689655176816e+00
1.639999999999986358e+00 -2.158124137931038966e+00
1.649999999999986144e+00 -2.170603448275866487e+00
1.659999999999985931e+00 -2.183158620689659379e+00
1.669999999999985718e+00 -2.195789655172418087e+00
1.679999999999985505e+00 -2.208496551724142165e+00
1.689999999999985292e+00 -2.221279310344831615e+00
1.699999999999985079e+00 -2.234137931034486879e+00
1.709999999999984865e+00 -2.247072413793107515e+00
1.719999999999984652e+00 -2.260082758620693522e+00
1.729999999999984439e+00 -2.273168965517245343e+00
1.739999999999984226e+00 -2.286331034482762536e+00
1.749999999999984013e+00 -2.299568965517245100e+00
1.759999999999983800e+00 -2.312882758620693480e+00
1.769999999999983586e+00 -2.326272413793107230e+00
1.779999999999983373e+00 -2.339737931034486351e+00
1.789999999999983160e+00 -2.353279310344831288e+00
1.799999999999982947e+00 -2.366896551724141595e+00
1.809999999999982734e+00 -2.380589655172417274e+00
1.819999999999982521e+00 -2.394358620689658768e+00
1.829999999999982307e+00 -2.408203448275865632e+00
1.839999999999982094e+00 -2.422124137931037868e+00
1.849999999999981881e+00 -2.436120689655175919e+00
1.859999999999981668e+00 -2.450193103448279341e+00
1.869999999999981455e+00 -2.464341379310348135e+00
1.879999999999981242e+00 -2.478565517241382743e+00
1.889999999999981029e+00 -2.492865517241382722e+00
1.899999999999980815e+00 -2.507241379310348073e+00
1.909999999999980602e+00 -2.521693103448279238e+00
1.919999999999980389e+00 -2.536220689655175775e+00
1.929999999999980176e+00 -2.550824137931037683e+00
1.939999999999979963e+00 -2.565503448275864962e+00
1.949999999999979750e+00 -2.580258620689658056e+00
1.959999999999979536e+00 -2.595089655172416521e+00
1.969999999999979323e+00 -2.609996551724140357e+00
1.979999999999979110e+00 -2.624979310344830008e+00
1.989999999999978897e+00 -2.640037931034485030e+00
1.994999999999989448e+00 -2.647595689655190654e+00
2.000000000000000000e+00 -2.655172413793137842e+00
2.009999999999999787e+00 -2.670382885057505540e+00
2.019999999999999574e+00 -2.685669977011528431e+00
2.029999999999999361e+00 -2.701034448275896338e+00
2.039999999999999147e+00 -2.716477057471298640e+00
2.049999999999998934e+00 -2.731998563218425158e+00
2.059999999999998721e+00 -2.747599724137965271e+00
2.069999999999998508e+00 -2.763281298850608803e+00
2.079999999999998295e+00 -2.779044045977045574e+00
2.089999999999998082e+00 -2.794888724137964964e+00
2.099999999999997868e+00 -2.810816091954056795e+00
2.109999999999997655e+00 -2.826826908046010889e+00
2.119999999999997442e+00 -2.842921931034516625e+00
2.129999999999997229e+00 -2.859101919540263825e+00
2.139999999999997016e+00 -2.875367632183941868e+00
2.149999999999996803e+00 -2.891719827586240577e+00
2.159999999999996589e+00 -2.908159264367849772e+00
2.169999999999996376e+00 -2.924686701149458834e+00
2.179999999999996163e+00 -2.941302896551757584e+00
2.189999999999995950e+00 -2.958008609195435845e+00
2.199999999999995737e+00 -2.974804597701182995e+00
2.209999999999995524e+00 -2.991691620689688857e+00
2.219999999999995310e+00 -3.008670436781642810e+00
2.229999999999995097e+00 -3.025741804597734674e+00
2.239999999999994884e+00 -3.042906482758654274e+00
2.249999999999994671e+00 -3.060165229885090987e+00
2.259999999999994458e+00 -3.077518804597734636e+00
2.269999999999994245e+00 -3.094967965517275044e+00
2.279999999999994031e+00 -3.112513471264401588e+00
2.289999999999993818e+00 -3.130156080459804091e+00
2.299999999999993605e+00 -3.147896551724171932e+00
2.309999999999993392e+00 -3.165735643678194933e+00
2.319999999999993179e+00 -3.183674114942562916e+00
2.329999999999992966e+00 -3.201712724137965260e+00
2.339999999999992752e+00 -3.219852229885091788e+00
2.349999999999992539e+00 -3.238093390804631877e+00
2.359999999999992326e+00 -3.256436965517275794e+00
2.369999999999992113e+00 -3.274883712643712474e+00
2.379999999999991900e+00 -3.293434390804632184e+00
2.389999999999991687e+00 -3.312089758620724300e+00
2.399999999999991473e+00 -3.330850574712678203e+00
2.409999999999991260e+00 -3.349717597701184157e+00
2.419999999999991047e+00 -3.368691586206931543e+00
2.429999999999990834e+00 -3.387773298850609738e+00
2.439999999999990621e+00 -3.406963494252908564e+00
2.449999999999990408e+00 -3.426262931034517845e+00
2.459999999999990195e+00 -3.445672367816126958e+00
2.469999999999989981e+00 -3.465192563218425725e+00
2.479999999999989768e+00 -3.484824275862103971e+00
2.489999999999989555e+00 -3.504568264367851071e+00
2.499999999999989342e+00 -3.524425287356356851e+00
2.509999999999989129e+00 -3.544396103448311131e+00
2.519999999999988916e+00 -3.564481471264403289e+00
2.529999999999988702e+00 -3.584682149425322706e+00
2.539999999999988489e+00 -3.604998896551759646e+00
2.549999999999988276e+00 -3.625432471264403489e+00
2.559999999999988063e+00 -3.645983632183943612e+00
2.569999999999987850e+00 -3.666653137931070283e+00
2.579999999999987637e+00 -3.687441747126472436e+00
2.589999999999987423e+00 -3.708350218390840336e+00
2.599999999999987210e+00 -3.729379310344863363e+00
2.609999999999986997e+00 -3.750529781609231339e+00
2.619999999999986784e+00 -3.771802390804633642e+00
2.629999999999986571e+00 -3.793197896551760095e+00
2.639999999999986358e+00 -3.814717057471300521e+00
2.649999999999986144e+00 -3.836360632183944297e+00
2.659999999999985931e+00 -3.858129379310381246e+00
2.669999999999985718e+00 -3.880024057471300747e+00
2.679999999999985505e+00 -3.902045425287392622e+00
2.689999999999985292e+00 -3.924194241379346693e+00
2.699999999999985079e+00 -3.946471264367852338e+00
2.709999999999984865e+00 -3.968877252873599382e+00
2.719999999999984652e+00 -3.991412965517277645e+00
2.729999999999984439e+00 -4.014079160919576950e+00
2.739999999999984226e+00 -4.036876597701185787e+00
2.749999999999984013e+00 -4.059806034482795312e+00
2.759999999999983800e+00 -4.082868229885094458e+00
2.769999999999983586e+00 -4.106063942528773048e+00
2.779999999999983373e+00 -4.129393931034520016e+00
2.789999999999983160e+00 -4.152858954023026072e+00
2.799999999999982947e+00 -4.176459770114980152e+00
2.809999999999982734e+00 -4.200197137931072078e+00
2.819999999999982521e+00 -4.224071816091991671e+00
2.829999999999982307e+00 -4.248084563218428755e+00
2.839999999999982094e+00 -4.272236137931072264e+00
2.849999999999981881e+00 -4.296527298850612908e+00
2.859999999999981668e+00 -4.320958804597739622e+00
2.869999999999981455e+00 -4.345531413793142228e+00
2.879999999999981242e+00 -4.370245885057509660e+00
2.889999999999981029e+00 -4.395102977011532630e+00
2.899999999999980815e+00 -4.420103448275900071e+00
2.909999999999980602e+00 -4.445248057471302694e+00
2.919999999999980389e+00 -4.470537563218429433e+00
2.929999999999980176e+00 -4.495972724137970111e+00
2.939999999999979963e+00 -4.521554298850613662e+00
2.949999999999979750e+00 -4.547283045977050797e+00
2.959999999999979536e+00 -4.573159724137970450e+00
2.969999999999979323e+00 -4.599185091954062443e+00
2.979999999999979110e+00 -4.625359908046016599e+00
2.989999999999978897e+00 -4.651684931034522741e+00
2.994999999999989448e+00 -4.664904007183976020e+00
3.000000000000000000e+00 -4.678160919540325757e+00
3.009999999999999787e+00 -4.704788632473754895e+00
3.019999999999999574e+00 -4.731568832591092288e+00
3.029999999999999361e+00 -4.758502289892337700e+00
3.039999999999999147e+00 -4.785589781963698108e+00
3.049999999999998934e+00 -4.812832093977587711e+00
3.059999999999998721e+00 -4.840230018692626146e+00
3.069999999999998508e+00 -4.867784356453642047e+00
3.079999999999998295e+00 -4.895495915191669489e+00
3.089999999999998082e+00 -4.923365510423949765e+00
3.099999999999997868e+00 -4.951393965253931384e+00
3.109999999999997655e+00 -4.979582110371269188e+00
3.119999999999997442e+00 -5.007930784051825235e+00
3.129999999999997229e+00 -5.036440832157668801e+00
3.139999999999997016e+00 -5.065113108137075493e+00
3.149999999999996803e+00 -5.093948473024528134e+00
3.159999999999996589e+00 -5.122947795440715879e+00
3.169999999999996376e+00 -5.152111951592535988e+00
3.179999999999996163e+00 -5.181441825273092050e+00
3.189999999999995950e+00 -5.210938307861693986e+00
3.199999999999995737e+00 -5.240602298323858932e+00
3.209999999999995524e+00 -5.270434703211311245e+00
3.219999999999995310e+00 -5.300436436661982498e+00
3.229999999999995097e+00 -5.330608420400009706e+00
3.239999999999994884e+00 -5.360951583735737991e+00
3.249999999999994671e+00 -5.391466863565718803e+00
3.259999999999994458e+00 -5.422155204372711701e+00
3.269999999999994245e+00 -5.453017558225681682e+00
3.279999999999994031e+00 -5.484054884779800965e+00
3.289999999999993818e+00 -5.515268151276448982e+00
3.299999999999993605e+00 -5.546658332543211500e+00
3.309999999999993392e+00 -5.578226410993882389e+00
3.319999999999993179e+00 -5.609973376628460962e+00
3.329999999999992966e+00 -5.641900227033154636e+00
3.339999999999992752e+00 -5.674007967380377160e+00
3.349999999999992539e+00 -5.706297610428749500e+00
3.359999999999992326e+00 -5.738770176523098066e+00
3.369999999999992113e+00 -5.771426693594458257e+00
3.379999999999991900e+00 -5.804268197160071807e+00
3.389999999999991687e+00 -5.837295730323386778e+00
3.399999999999991473e+00 -5.870510343774057560e+00
3.409999999999991260e+00 -5.903913095787946652e+00
3.419999999999991047e+00 -5.937505052227122881e+00
3.429999999999990834e+00 -5.971287286539862293e+00
3.439999999999990621e+00 -6.005260879760648152e+00
3.449999999999990408e+00 -6.039426920510169161e+00
3.459999999999990195e+00 -6.073786504995323021e+00
3.469999999999989981e+00 -6.108340737009211985e+00
3.479999999999989768e+00 -6.143090727931147299e+00
3.489999999999989555e+00 -6.178037596726645653e+00
3.499999999999989342e+00 -6.213182469947431841e+00
3.509999999999989129e+00 -6.248526481731436100e+00
3.519999999999988916e+00 -6.284070773802796772e+00
3.529999999999988702e+00 -6.319816495471858531e+00
3.539999999999988489e+00 -6.355764803635173266e+00
3.549999999999988276e+00 -6.391916862775499197e+00
3.559999999999988063e+00 -6.428273844961802652e+00
3.569999999999987850e+00 -6.464836929849255398e+00
3.579999999999987637e+00 -6.501607304679236421e+00
3.589999999999987423e+00 -6.538586164279332813e+00
3.599999999999987210e+00 -6.575774711063337108e+00
3.609999999999986997e+00 -6.613174155031249057e+00
3.619999999999986784e+00 -6.650785713769276519e+00
3.629999999999986571e+00 -6.688610612449832793e+00
3.639999999999986358e+00 -6.726650083831538396e+00
3.649999999999986144e+00 -6.764905368259221063e+00
3.659999999999985931e+00 -6.803377713663914861e+00
3.669999999999985718e+00 -6.842068375562861959e+00
3.679999999999985505e+00 -6.880978617059509972e+00
3.689999999999985292e+00 -6.920109708843513729e+00
3.699999999999985079e+00 -6.959462929190736169e+00
3.709999999999984865e+00 -6.999039563963245669e+00
3.719999999999984652e+00 -7.038840906609318715e+00
3.729999999999984439e+00 -7.078868258163438121e+00
3.739999999999984226e+00 -7.119122927246293031e+00
3.749999999999984013e+00 -7.159606230064779808e+00
3.759999999999983800e+00 -7.200319490412002033e+00
3.769999999999983586e+00 -7.241264039667270502e+00
3.779999999999983373e+00 -7.282441216796102346e+00
3.789999999999983160e+00 -7.323852368350221909e+00
3.799999999999982947e+00 -7.365498848467559867e+00
3.809999999999982734e+00 -7.407382018872254115e+00
3.819999999999982521e+00 -7.449503248874648875e+00
3.829999999999982307e+00 -7.491863915371296478e+00
3.839999999999982094e+00 -7.534465402844955584e+00
3.849999999999981881e+00 -7.577309103364592069e+00
3.859999999999981668e+00 -7.620396416585378141e+00
3.869999999999981455e+00 -7.663728749748692337e+00
3.879999999999981242e+00 -7.707307517682122189e+00
3.889999999999981029e+00 -7.751134142799459781e+00
3.899999999999980815e+00 -7.795210055100705304e+00
3.909999999999980602e+00 -7.839536692172066168e+00
3.919999999999980389e+00 -7.884115499185955223e+00
3.929999999999980176e+00 -7.928947928900994313e+00
3.939999999999979963e+00 -7.974035441662009838e+00
3.949999999999979750e+00 -8.019379505400037189e+00
3.959999999999979536e+00 -8.064981595632318090e+00
3.969999999999979323e+00 -8.110843195462299704e+00
3.979999999999979110e+00 -8.156965795579637302e+00
3.989999999999978897e+00 -8.203350894260193371e+00
3.999999999999978684e+00 -8.249999997366035842e+00
4.009999999999979359e+00 -8.296914618345695658e+00
4.019999999999980034e+00 -8.344096278251839749e+00
4.029999999999980709e+00 -8.391546505799984956e+00
4.039999999999981384e+00 -8.439266837443581082e+00
4.049999999999982059e+00 -8.487258817449868431e+00
4.059999999999982734e+00 -8.535523997975744237e+00
4.069999999999983409e+00 -8.584063939143621980e+00
4.079999999999984084e+00 -8.632880209117294257e+00
4.089999999999984759e+00 -8.681974384177795656e+00
4.099999999999985434e+00 -8.731348048799265626e+00
4.109999999999986109e+00 -8.781002795724806020e+00
4.119999999999986784e+00 -8.830940226042349295e+00
4.129999999999987459e+00 -8.881161949260514277e+00
4.139999999999988134e+00 -8.931669583384474365e+00
4.149999999999988809e+00 -8.982464754991815070e+00
4.159999999999989484e+00 -9.033549099308400443e+00
4.169999999999990159e+00 -9.084924260284228836e+00
4.179999999999990834e+00 -9.136591890669299332e+00
4.189999999999991509e+00 -9.188553652089476387e+00
4.199999999999992184e+00 -9.240811215122343825e+00
4.209999999999992859e+00 -9.293366259373076588e+00
4.219999999999993534e+00 -9.346220473550292951e+00
4.229999999999994209e+00 -9.399375555541926275e+00
4.239999999999994884e+00 -9.452833212491078996e+00
4.249999999999995559e+00 -9.506595160871887273e+00
4.259999999999996234e+00 -9.560663126565387415e+00
4.269999999999996909e+00 -9.615038844935373419e+00
4.279999999999997584e+00 -9.669724060904258067e+00
4.289999999999998259e+00 -9.724720529028937577e+00
4.299999999999998934e+00 -9.780030013576652692e+00
4.309999999999999609e+00 -9.835654288600853334e+00
4.320000000000000284e+00 -9.891595138017056144e+00
4.330000000000000959e+00 -9.947854355678709126e+00
4.340000000000001634e+00 -1.000443374545305275e+01
4.350000000000002309e+00 -1.006133512129698460e+01
4.360000000000002984e+00 -1.011856030733291867e+01
4.370000000000003659e+00 -1.017611113792464828e+01
4.380000000000004334e+00 -1.023398945775320712e+01
4.390000000000005009e+00 -1.029219712189273395e+01
4.400000000000005684e+00 -1.035073599588633009e+01
4.410000000000006359e+00 -1.040960795582192944e+01
4.420000000000007034e+00 -1.046881488840815067e+01
4.430000000000007709e+00 -1.052835869105016720e+01
4.440000000000008384e+00 -1.058824127192556475e+01
4.450000000000009059e+00 -1.064846455006020598e+01
4.460000000000009734e+00 -1.070903045540408982e+01
4.470000000000010409e+00 -1.076994092890721788e+01
4.480000000000011084e+00 -1.083119792259545022e+01
4.490000000000011759e+00 -1.089280339964637534e+01
4.500000000000012434e+00 -1.095475933446516414e+01
4.510000000000013110e+00 -1.101706771276043817e+01
4.520000000000013785e+00 -1.107973053162012711e+01
4.530000000000014460e+00 -1.114274979958733525e+01
4.540000000000015135e+00 -1.120612753673620077e+01
4.550000000000015810e+00 -1.126986577474775864e+01
4.560000000000016485e+00 -1.133396655698579991e+01
4.570000000000017160e+00 -1.139843193857273995e+01
4.580000000000017835e+00 -1.146326398646547595e+01
4.590000000000018510e+00 -1.152846477953124804e+01
4.600000000000019185e+00 -1.159403640862350393e+01
4.610000000000019860e+00 -1.165998097665776179e+01
4.620000000000020535e+00 -1.172630059868747132e+01
4.630000000000021210e+00 -1.179299740197987134e+01
4.640000000000021885e+00 -1.186007352609185972e+01
4.650000000000022560e+00 -1.192753112294585094e+01
4.660000000000023235e+00 -1.199537235690563719e+01
4.670000000000023910e+00 -1.206359940485225302e+01
4.680000000000024585e+00 -1.213221445625983641e+01
4.690000000000025260e+00 -1.220121971327148991e+01
4.700000000000025935e+00 -1.227061739077514524e+01
4.710000000000026610e+00 -1.234040971647942264e+01
4.720000000000027285e+00 -1.241059893098949551e+01
4.730000000000027960e+00 -1.248118728788294973e+01
4.740000000000028635e+00 -1.255217705378564830e+01
4.750000000000029310e+00 -1.262357050844758888e+01
4.760000000000029985e+00 -1.269536994481877379e+01
4.770000000000030660e+00 -1.276757766912506398e+01
4.780000000000031335e+00 -1.284019600094404545e+01
4.790000000000032010e+00 -1.291322727328089037e+01
4.800000000000032685e+00 -1.298667383264422170e+01
4.810000000000033360e+00 -1.306053803912196720e+01
4.820000000000034035e+00 -1.313482226645723294e+01
4.830000000000034710e+00 -1.320952890212415554e+01
4.840000000000035385e+00 -1.328466034740377033e+01
4.850000000000036060e+00 -1.336021901745986895e+01
4.860000000000036735e+00 -1.343620734141486572e+01
4.870000000000037410e+00 -1.351262776242565877e+01
4.880000000000038085e+00 -1.358948273775948756e+01
4.890000000000038760e+00 -1.366677473886980110e+01
4.900000000000039435e+00 -1.374450625147211724e+01
4.910000000000040110e+00 -1.382267977561988381e+01
4.920000000000040785e+00 -1.390129782578034146e+01
4.930000000000041460e+00 -1.398036293091038651e+01
4.940000000000042135e+00 -1.405987763453243389e+01
4.950000000000042810e+00 -1.413984449481027639e+01
4.960000000000043485e+00 -1.422026608462494934e+01
4.970000000000044160e+00 -1.430114499165058994e+01
4.980000000000044835e+00 -1.438248381843030010e+01
4.990000000000021529e+00 -1.446428518245182815e+01
5.000000000000000000e+00 -1.454655171622398413e+01
