-1.000010000000000066e+00 -9.476772033464960776e-01
-1.000000000000000000e+00 -9.476531711828024562e-01
-9.899999999999999911e-01 -9.209510492965325978e-01
-9.799999999999999822e-01 -8.890309193718046732e-01
-9.699999999999999734e-01 -8.520736373777429984e-01
-9.599999999999999645e-01 -8.102885992368251689e-01
-9.499999999999999556e-01 -7.639125544104621301e-01
-9.399999999999999467e-01 -7.132082645024115930e-01
-9.299999999999999378e-01 -6.584630144802366969e-01
-9.200000000000000400e-01 -5.999869849500647501e-01
-9.100000000000000311e-01 -5.381114947071532484e-01
-9.000000000000000222e-01 -4.731871235197949721e-01
-8.900000000000000133e-01 -4.055817257826467293e-01
-8.800000000000000044e-01 -3.356783462939148532e-01
-8.699999999999999956e-01 -2.638730499653728634e-01
-8.599999999999999867e-01 -1.905726777618390877e-01
-8.499999999999999778e-01 -1.161925415847138987e-01
-8.399999999999999689e-01 -4.115407116011595562e-02
-8.299999999999999600e-01 3.411757373590781905e-02
-8.200000000000000622e-01 1.091959121862269566e-01
-8.100000000000000533e-01 1.836555585269187552e-01
-8.000000000000000444e-01 2.570746325359608564e-01
-7.900000000000000355e-01 3.290371497604910878e-01
-7.800000000000000266e-01 3.991353784392697723e-01
-7.700000000000000178e-01 4.669721496662980753e-01
-7.600000000000000089e-01 5.321631077064521431e-01
-7.500000000000000000e-01 5.943388877130897363e-01
-7.399999999999999911e-01 6.531472085089216062e-01
-7.299999999999999822e-01 7.082548685726776094e-01
-7.199999999999999734e-01 7.593496339225267455e-01
-7.099999999999999645e-01 8.061420071997091874e-01
-6.999999999999999556e-01 8.483668679289452230e-01
-6.899999999999999467e-01 8.857849746620857223e-01
-6.799999999999999378e-01 9.181843204940230985e-01
-6.699999999999999289e-01 9.453813342706537393e-01
-6.599999999999999201e-01 9.672219206829850702e-01
-6.499999999999999112e-01 9.835823333543222136e-01
-6.400000000000000133e-01 9.943698759737186199e-01
-6.300000000000000044e-01 9.995234275031500415e-01
-6.199999999999999956e-01 9.990137884826358894e-01
-6.099999999999999867e-01 9.928438464711931699e-01
-5.999999999999999778e-01 9.810485596862392743e-01
-5.899999999999999689e-01 9.636947589341529063e-01
-5.800000000000000711e-01 9.408807689542260100e-01
-5.700000000000000622e-01 9.127358513214297586e-01
-5.600000000000000533e-01 8.794194720644554764e-01
-5.500000000000000444e-01 8.411203981486132797e-01
-5.400000000000000355e-01 7.980556279428300259e-01
-5.300000000000000266e-01 7.504691617305947471e-01
-5.200000000000000178e-01 6.986306192310082208e-01
-5.100000000000000089e-01 6.428337119629096152e-01
-5.000000000000000000e-01 5.833945791074939269e-01
-4.899999999999999911e-01 5.206499962982499286e-01
-4.799999999999999822e-01 4.549554674870091020e-01
-4.699999999999999734e-01 3.866832106973912553e-01
-4.599999999999999645e-01 3.162200490781438278e-01
-4.499999999999999556e-01 2.439652192054414526e-01
-4.399999999999999467e-01 1.703281090520546714e-01
-4.299999999999999378e-01 9.572593843982192541e-02
-4.200000000000000400e-01 2.058139511771640492e-02
-4.100000000000000311e-01 -5.467976014076698227e-02
-4.000000000000000222e-01 -1.296311058516387282e-01
-3.900000000000000133e-01 -2.038479758779612183e-01
-3.800000000000000044e-01 -2.769098655417910892e-01
-3.699999999999999956e-01 -3.484028141577454885e-01
-3.599999999999999867e-01 -4.179217504890241908e-01
-3.499999999999999778e-01 -4.850727878367860901e-01
-3.399999999999999689e-01 -5.494754557591563504e-01
-3.299999999999999600e-01 -6.107648557751845786e-01
-3.199999999999999512e-01 -6.685937288397785228e-01
-3.099999999999999423e-01 -7.226344228755163801e-01
-2.999999999999999334e-01 -7.725807492135237098e-01
-2.900000000000000355e-01 -8.181497174250231819e-01
-2.800000000000000266e-01 -8.590831387141906195e-01
-2.700000000000000178e-01 -8.951490887876641933e-01
-2.600000000000000089e-01 -9.261432219122565090e-01
-2.500000000000000000e-01 -9.518899287155555555e-01
-2.399999999999999911e-01 -9.722433311694449465e-01
-2.299999999999999822e-01 -9.870881091190740753e-01
-2.199999999999999734e-01 -9.963401536742588771e-01
-2.099999999999999645e-01 -9.999470437612649754e-01
-1.999999999999999556e-01 -9.978883431348841704e-01
-1.899999999999999467e-01 -9.901757161679689556e-01
-1.799999999999999378e-01 -9.768528617623670751e-01
-1.699999999999999289e-01 -9.579952657557221363e-01
-1.600000000000000311e-01 -9.337097732269592498e-01
-1.500000000000000222e-01 -9.041339831237416025e-01
-1.400000000000000133e-01 -8.694354686418656053e-01
-1.300000000000000044e-01 -8.298108277738384109e-01
-1.199999999999999956e-01 -7.854845694061290962e-01
-1.099999999999999867e-01 -7.367078412763445883e-01
-9.999999999999997780e-02 -6.837570069975840159e-01
-8.999999999999996891e-02 -6.269320802123974357e-01
-7.999999999999996003e-02 -5.665550247482608048e-01
-6.999999999999995115e-02 -5.029679304057026457e-01
-5.999999999999994227e-02 -4.365310747148641868e-01
-4.999999999999993339e-02 -3.676208816423717218e-01
-4.000000000000003553e-02 -2.966277888142633268e-01
-3.000000000000002665e-02 -2.239540353390491734e-01
-2.000000000000001776e-02 -1.500113827648689446e-01
-1.000000000000000888e-02 -7.521878208353889594e-02
0.000000000000000000e+00 0.000000000000000000e+00
9.999999999999999547e-07 -9.476519694308088858e-07
7.696315075843248796e-03 -7.218180231254973760e-03
1.769631507584324900e-02 -1.634452848361845484e-02
2.769631507584324748e-02 -2.513798220877444534e-02
3.769631507584324942e-02 -3.354871734982220466e-02
4.769631507584325136e-02 -4.152907995092922078e-02
5.769631507584325331e-02 -4.903385405542993319e-02
6.769631507584325525e-02 -5.602051845826423043e-02
7.769631507584326413e-02 -6.244948747541917422e-02
8.769631507584327301e-02 -6.828433527256687341e-02
9.769631507584328189e-02 -7.349200223901680706e-02
1.076963150758432908e-01 -7.804298230276464354e-02
1.176963150758432997e-01 -8.191149010789415541e-02
1.276963150758433085e-01 -8.507560711179569524e-02
1.376963150758433174e-01 -8.751740577317822234e-02
1.476963150758433263e-01 -8.922305112757483725e-02
1.576963150758433352e-01 -9.018287917473606641e-02
1.676963150758433441e-01 -9.039145163380060688e-02
1.776963150758433529e-01 -8.984758675600032496e-02
1.876963150758433618e-01 -8.855436602031976911e-02
1.976963150758433707e-01 -8.651911667417282181e-02
2.076963150758433796e-01 -8.375337021801934623e-02
2.176963150758433885e-01 -8.027279706914326740e-02
2.276963150758433974e-01 -7.609711777478012085e-02
2.376963150758434062e-01 -7.124999127765074824e-02
2.476963150758434151e-01 -6.575888086697639912e-02
2.576963150758433962e-01 -5.965489857448215416e-02
2.676963150758434051e-01 -5.297262889702391425e-02
2.776963150758434140e-01 -4.574993284460732168e-02
2.876963150758434229e-01 -3.802773342404107415e-02
2.976963150758434318e-01 -2.984978377365089808e-02
3.076963150758434407e-01 -2.126241926277746414e-02
3.176963150758434495e-01 -1.231429496063550337e-02
3.276963150758434584e-01 -3.056109962006827926e-03
3.376963150758434673e-01 6.459679868292213592e-03
3.476963150758434762e-01 1.617915910461038831e-02
3.576963150758434851e-01 2.604725823937346571e-02
3.676963150758434939e-01 3.600806570089821329e-02
3.776963150758435028e-01 4.600514464224964711e-02
3.876963150758435117e-01 5.598185270625045951e-02
3.976963150758435206e-01 6.588166295488905033e-02
4.076963150758435295e-01 7.564848414477517990e-02
4.176963150758435384e-01 8.522697853399743839e-02
4.276963150758435472e-01 9.456287541972371868e-02
4.376963150758435561e-01 1.036032786300748187e-01
4.476963150758435650e-01 1.122969662280557807e-01
4.576963150758435739e-01 1.205946807294552975e-01
4.676963150758435828e-01 1.284494081903702623e-01
4.776963150758435916e-01 1.358166445830760460e-01
4.876963150758436005e-01 1.426546479509857579e-01
4.976963150758436094e-01 1.489246749140163972e-01
5.076963150758434518e-01 1.545912001843479100e-01
5.176963150758433496e-01 1.596221178488231307e-01
5.276963150758432475e-01 1.639889232775444128e-01
5.376963150758431453e-01 1.676668746279927069e-01
5.476963150758430432e-01 1.706351330296043967e-01
5.576963150758429411e-01 1.728768806545355197e-01
5.676963150758428389e-01 1.743794160056369724e-01
5.776963150758427368e-01 1.751342258817498998e-01
5.876963150758426346e-01 1.751370336125734617e-01
5.976963150758425325e-01 1.743878232898115332e-01
6.076963150758424304e-01 1.728908398573073824e-01
6.176963150758423282e-01 1.706545650596555941e-01
6.276963150758422261e-01 1.676916693855637353e-01
6.376963150758421239e-01 1.640189402782475381e-01
6.476963150758420218e-01 1.596571870196115128e-01
6.576963150758419197e-01 1.546311228271308735e-01
6.676963150758418175e-01 1.489692248314611889e-01
6.776963150758417154e-01 1.427035727281268651e-01
6.876963150758416132e-01 1.358696670174708576e-01
6.976963150758415111e-01 1.285062278626978027e-01
7.076963150758414089e-01 1.206549757056592509e-01
7.176963150758413068e-01 1.123603948833877542e-01
7.276963150758412047e-01 1.036694815847028078e-01
7.376963150758411025e-01 9.463147757493896306e-02
7.476963150758410004e-01 8.529759119748274443e-02
7.576963150758408982e-01 7.572070723289314742e-02
7.676963150758407961e-01 6.595508725951222673e-02
7.776963150758406940e-01 5.605606221328987560e-02
7.876963150758405918e-01 4.607971888874523581e-02
7.976963150758404897e-01 3.608258215731599550e-02
8.076963150758403875e-01 2.612129470361172073e-02
8.176963150758402854e-01 1.625229609415065196e-02
8.276963150758401833e-01 6.531502996941400754e-03
8.376963150758400811e-01 -2.986007636249531083e-03
8.476963150758399790e-01 -1.224631062988970794e-02
8.576963150758398768e-01 -2.119693811883442344e-02
8.676963150758397747e-01 -2.978717682551887749e-02
8.776963150758396726e-01 -3.796835539584894614e-02
8.876963150758395704e-01 -4.569412016577597407e-02
8.976963150758394683e-01 -5.292069779609550467e-02
9.076963150758393661e-01 -5.960714328739780826e-02
9.176963150758392640e-01 -6.571557196998954742e-02
9.276963150758391619e-01 -7.121137415418948846e-02
9.376963150758390597e-01 -7.606341122543802680e-02
9.476963150758389576e-01 -8.024419207083527406e-02
9.576963150758388554e-01 -8.373002884619626385e-02
9.676963150758387533e-01 -8.650117116858804800e-02
9.776963150758386512e-01 -8.854191809523030698e-02
9.876963150758385490e-01 -8.984070680196837300e-02
9.938481575379192190e-01 -9.026772660951924709e-02
1.000000000000000000e+00 -9.041016728984344053e-02
1.009999999999999787e+00 -9.045712886853811419e-02
1.019999999999999574e+00 -9.059614194581963598e-02
1.029999999999999361e+00 -9.082401597990290287e-02
1.039999999999999147e+00 -9.113705697381871418e-02
1.049999999999998934e+00 -9.153108837772065687e-02
1.059999999999998721e+00 -9.200147476060463458e-02
1.069999999999998508e+00 -9.254314807205264726e-02
1.079999999999998295e+00 -9.315063635781603568e-02
1.089999999999998082e+00 -9.381809476315954022e-02
1.099999999999997868e+00 -9.453933864921018615e-02
1.109999999999997655e+00 -9.530787863443469787e-02
1.119999999999997442e+00 -9.611695736276920643e-02
1.129999999999997229e+00 -9.695958779005976746e-02
1.139999999999997016e+00 -9.782859277189147329e-02
1.149999999999996803e+00 -9.871664572850458175e-02
1.159999999999996589e+00 -9.961631215639510373e-02
1.169999999999996376e+00 -1.005200917513994485e-01
1.179999999999996163e+00 -1.014204609045985250e-01
1.189999999999995950e+00 -1.023099153302639147e-01
1.199999999999995737e+00 -1.031810125843210663e-01
1.209999999999995524e+00 -1.040264142324243829e-01
1.219999999999995310e+00 -1.048389274287245543e-01
1.229999999999995097e+00 -1.056115456697473559e-01
1.239999999999994884e+00 -1.063374884924769836e-01
1.249999999999994671e+00 -1.070102398917187198e-01
1.259999999999994458e+00 -1.076235852390725750e-01
1.269999999999994245e+00 -1.081716464943389133e-01
1.279999999999994031e+00 -1.086489155098520759e-01
1.289999999999993818e+00 -1.090502852390433236e-01
1.299999999999993605e+00 -1.093710786724088196e-01
1.309999999999993392e+00 -1.096070753369345063e-01
1.319999999999993179e+00 -1.097545352088351994e-01
1.329999999999992966e+00 -1.098102199041207511e-01
1.339999999999992752e+00 -1.097714110269259746e-01
1.349999999999992539e+00 -1.096359255716446574e-01
1.359999999999992326e+00 -1.094021282916008558e-01
1.369999999999992113e+00 -1.090689409641779073e-01
1.379999999999991900e+00 -1.086358484999099955e-01
1.389999999999991687e+00 -1.081029018609228204e-01
1.399999999999991473e+00 -1.074707177721876961e-01
1.409999999999991260e+00 -1.067404752272253093e-01
1.419999999999991047e+00 -1.059139088080571778e-01
1.429999999999990834e+00 -1.049932988572534337e-01
1.439999999999990621e+00 -1.039814585577609057e-01
1.449999999999990408e+00 -1.028817179937158988e-01
1.459999999999990195e+00 -1.016979052825512098e-01
1.469999999999989981e+00 -1.004343248853010045e-01
1.479999999999989768e+00 -9.909573321799478030e-02
1.489999999999989555e+00 -9.768731170232376748e-02
1.499999999999989342e+00 -9.621463740827167210e-02
1.509999999999989129e+00 -9.468365145504537006e-02
1.519999999999988916e+00 -9.310062534934250567e-02
1.529999999999988702e+00 -9.147212545167968112e-02
1.539999999999988489e+00 -8.980497577211107862e-02
1.549999999999988276e+00 -8.810621930613295183e-02
1.559999999999988063e+00 -8.638307812984057088e-02
1.569999999999987850e+00 -8.464291248043399885e-02
1.579999999999987637e+00 -8.289317905391815899e-02
1.589999999999987423e+00 -8.114138875627786851e-02
1.599999999999987210e+00 -7.939506414750506502e-02
1.609999999999986997e+00 -7.766169681959561588e-02
1.619999999999986784e+00 -7.594870495000752286e-02
1.629999999999986571e+00 -7.426339127107778326e-02
1.639999999999986358e+00 -7.261290169353876167e-02
1.649999999999986144e+00 -7.100418481856861364e-02
1.659999999999985931e+00 -6.944395256777609327e-02
1.669999999999985718e+00 -6.793864215418592145e-02
1.679999999999985505e+00 -6.649437960969303840e-02
1.689999999999985292e+00 -6.511694507563507706e-02
1.699999999999985079e+00 -6.381174005314300957e-02
1.709999999999984865e+00 -6.258375679882578757e-02
1.719999999999984652e+00 -6.143755003918976998e-02
1.729999999999984439e+00 -6.037721116405591476e-02
1.739999999999984226e+00 -5.940634504519200221e-02
1.749999999999984013e+00 -5.852804961150298579e-02
1.759999999999983800e+00 -5.774489829650427536e-02
1.769999999999983586e+00 -5.705892545752853928e-02
1.779999999999983373e+00 -5.647161484927930297e-02
1.789999999999983160e+00 -5.598389121703889471e-02
1.799999999999982947e+00 -5.559611505716269275e-02
1.809999999999982734e+00 -5.530808057454615623e-02
1.819999999999982521e+00 -5.511901684863740325e-02
1.829999999999982307e+00 -5.502759220138883633e-02
1.839999999999982094e+00 -5.503192174239950746e-02
1.849999999999981881e+00 -5.512957804849819704e-02
1.859999999999981668e+00 -5.531760491725792872e-02
1.869999999999981455e+00 -5.559253411651599031e-02
1.879999999999981242e+00 -5.595040503499847107e-02
1.889999999999981029e+00 -5.638678712271108506e-02
1.899999999999980815e+00 -5.689680499395143726e-02
1.909999999999980602e+00 -5.747516605071179008e-02
1.919999999999980389e+00 -5.811619046996131105e-02
1.929999999999980176e+00 -5.881384338490246166e-02
1.939999999999979963e+00 -5.956176907786859404e-02
1.949999999999979750e+00 -6.035332699111998350e-02
1.959999999999979536e+00 -6.118162935154087406e-02
1.969999999999979323e+00 -6.203958019592609174e-02
1.979999999999979110e+00 -6.291991557624479481e-02
1.989999999999978897e+00 -6.381524471521431152e-02
1.994999999999989448e+00 -6.426619793356233568e-02
2.000000000000000000e+00 -6.471809192847123582e-02
2.009999999999999787e+00 -6.562235060745187643e-02
2.019999999999999574e+00 -6.652754162162319296e-02
2.029999999999999361e+00 -6.743456996005699200e-02
2.039999999999999147e+00 -6.834430617285558451e-02
2.049999999999998934e+00 -6.925758143867058458e-02
2.059999999999998721e+00 -7.017518285534272982e-02
2.069999999999998508e+00 -7.109784898028952138e-02
2.079999999999998295e+00 -7.202626564592012892e-02
2.089999999999998082e+00 -7.296106207378372233e-02
2.099999999999997868e+00 -7.390280730946897914e-02
2.109999999999997655e+00 -7.485200699845390160e-02
2.119999999999997442e+00 -7.580910052117378894e-02
2.129999999999997229e+00 -7.677445850353968593e-02
2.139999999999997016e+00 -7.774838071701246911e-02
2.149999999999996803e+00 -7.873109438013049799e-02
2.159999999999996589e+00 -7.972275287111418862e-02
2.169999999999996376e+00 -8.072343485884177217e-02
2.179999999999996163e+00 -8.173314385712003582e-02
2.189999999999995950e+00 -8.275180820477545662e-02
2.199999999999995737e+00 -8.377928147167860995e-02
2.209999999999995524e+00 -8.481534328840127646e-02
2.219999999999995310e+00 -8.585970059480552141e-02
2.229999999999995097e+00 -8.691198930049046090e-02
2.239999999999994884e+00 -8.797177634768868493e-02
2.249999999999994671e+00 -8.903856216492425646e-02
2.259999999999994458e+00 -9.011178349753011518e-02
2.269999999999994245e+00 -9.119081659898749248e-02
2.279999999999994031e+00 -9.227498076500556534e-02
2.289999999999993818e+00 -9.336354219031757495e-02
2.299999999999993605e+00 -9.445571812634132036e-02
2.309999999999993392e+00 -9.555068131614713467e-02
2.319999999999993179e+00 -9.664756468160524971e-02
2.329999999999992966e+00 -9.774546623615576468e-02
2.339999999999992752e+00 -9.884345419536597066e-02
2.349999999999992539e+00 -9.994057225631913788e-02
2.359999999999992326e+00 -1.010358450159223875e-01
2.369999999999992113e+00 -1.021282834974340664e-01
2.379999999999991900e+00 -1.032168907538978941e-01
2.389999999999991687e+00 -1.043006675167355568e-01
2.399999999999991473e+00 -1.053786178574932647e-01
2.409999999999991260e+00 -1.064497548306636010e-01
2.419999999999991047e+00 -1.075131060656109305e-01
2.429999999999990834e+00 -1.085677192759172266e-01
2.439999999999990621e+00 -1.096126676549328688e-01
2.449999999999990408e+00 -1.106470551269618519e-01
2.459999999999990195e+00 -1.116700214243288303e-01
2.469999999999989981e+00 -1.126807469615617452e-01
2.479999999999989768e+00 -1.136784574790736385e-01
2.489999999999989555e+00 -1.146624284300328117e-01
2.499999999999989342e+00 -1.156319890855661003e-01
2.509999999999989129e+00 -1.165865263350353287e-01
2.519999999999988916e+00 -1.175254881598552514e-01
2.529999999999988702e+00 -1.184483867611705460e-01
2.539999999999988489e+00 -1.193548013236708227e-01
2.549999999999988276e+00 -1.202443803998842348e-01
2.559999999999988063e+00 -1.211168439014404241e-01
2.569999999999987850e+00 -1.219719846860206486e-01
2.579999999999987637e+00 -1.228096697310035318e-01
2.589999999999987423e+00 -1.236298408871567001e-01
2.599999999999987210e+00 -1.244325152081039859e-01
2.609999999999986997e+00 -1.252177848537014415e-01
2.619999999999986784e+00 -1.259858165678696962e-01
2.629999999999986571e+00 -1.267368507338411110e-01
2.639999999999986358e+00 -1.274712000121745736e-01
2.649999999999986144e+00 -1.281892475692550104e-01
2.659999999999985931e+00 -1.288914449063145173e-01
2.669999999999985718e+00 -1.295783093012756182e-01
2.679999999999985505e+00 -1.302504208779111383e-01
2.689999999999985292e+00 -1.309084193189262169e-01
2.699999999999985079e+00 -1.315530002415860600e-01
2.709999999999984865e+00 -1.321849112564244533e-01
2.719999999999984652e+00 -1.328049477313641702e-01
2.729999999999984439e+00 -1.334139482852491898e-01
2.739999999999984226e+00 -1.340127900363219104e-01
2.749999999999984013e+00 -1.346023836325671019e-01
2.759999999999983800e+00 -1.351836680920798506e-01
2.769999999999983586e+00 -1.357576054826915568e-01
2.779999999999983373e+00 -1.363251754709987884e-01
2.789999999999983160e+00 -1.368873697716793403e-01
2.799999999999982947e+00 -1.374451865285451768e-01
2.809999999999982734e+00 -1.379996246591686793e-01
2.819999999999982521e+00 -1.385516781951247611e-01
2.829999999999982307e+00 -1.391023306499165613e-01
2.839999999999982094e+00 -1.396525494464954387e-01
2.849999999999981881e+00 -1.402032804359481244e-01
2.859999999999981668e+00 -1.407554425384078545e-01
2.869999999999981455e+00 -1.413099225365532230e-01
2.879999999999981242e+00 -1.418675700511944637e-01
2.889999999999981029e+00 -1.424291927274147218e-01
2.899999999999980815e+00 -1.429955516585412478e-01
2.909999999999980602e+00 -1.435673570738737193e-01
2.919999999999980389e+00 -1.441452643146026447e-01
2.929999999999980176e+00 -1.447298701207178073e-01
2.939999999999979963e+00 -1.453217092499445862e-01
2.949999999999979750e+00 -1.459212514478651634e-01
2.959999999999979536e+00 -1.465288987863913595e-01
2.969999999999979323e+00 -1.471449833856690315e-01
2.979999999999979110e+00 -1.477697655323219617e-01
2.989999999999978897e+00 -1.484034322046377530e-01
2.994999999999989448e+00 -1.487236352397207084e-01
3.000000000000000000e+00 -1.490460957846695966e-01
3.009999999999999787e+00 -1.496977975735853117e-01
3.019999999999999574e+00 -1.503585458448967460e-01
3.029999999999999361e+00 -1.510283544736668593e-01
3.039999999999999147e+00 -1.517072462168431446e-01
3.049999999999998934e+00 -1.523952523440303408e-01
3.059999999999998721e+00 -1.530924122200309490e-01
3.069999999999998508e+00 -1.537987728415193545e-01
3.079999999999998295e+00 -1.545143883304744836e-01
3.089999999999998082e+00 -1.552393193872413923e-01
3.099999999999997868e+00 -1.559736327063205308e-01
3.109999999999997655e+00 -1.567174003581946751e-01
3.119999999999997442e+00 -1.574706991406962242e-01
3.129999999999997229e+00 -1.582336099035898114e-01
3.139999999999997016e+00 -1.590062168501971684e-01
3.149999999999996803e+00 -1.597886068200209952e-01
3.159999999999996589e+00 -1.605808685564326377e-01
3.169999999999996376e+00 -1.613830919635725336e-01
3.179999999999996163e+00 -1.621953673566739751e-01
3.189999999999995950e+00 -1.630177847100575950e-01
3.199999999999995737e+00 -1.638504329070574750e-01
3.209999999999995524e+00 -1.646933989961285594e-01
3.219999999999995310e+00 -1.655467674573505021e-01
3.229999999999995097e+00 -1.664106194834833741e-01
3.239999999999994884e+00 -1.672850322796492484e-01
3.249999999999994671e+00 -1.681700783856070469e-01
3.259999999999994458e+00 -1.690658250244609917e-01
3.269999999999994245e+00 -1.699723334814926268e-01
3.279999999999994031e+00 -1.708896585166357895e-01
3.289999999999993818e+00 -1.718178478139236465e-01
3.299999999999993605e+00 -1.727569414710268536e-01
3.309999999999993392e+00 -1.737069715317753338e-01
3.319999999999993179e+00 -1.746679615643121353e-01
3.329999999999992966e+00 -1.756399262872697098e-01
3.339999999999992752e+00 -1.766228712460865269e-01
3.349999999999992539e+00 -1.776167925412978910e-01
3.359999999999992326e+00 -1.786216766103407294e-01
3.369999999999992113e+00 -1.796375000641082520e-01
3.379999999999991900e+00 -1.806642295791809349e-01
3.389999999999991687e+00 -1.817018218463440360e-01
3.399999999999991473e+00 -1.827502235756836568e-01
3.409999999999991260e+00 -1.838093715582323762e-01
3.419999999999991047e+00 -1.848791927838150662e-01
3.429999999999990834e+00 -1.859596046144272874e-01
3.439999999999990621e+00 -1.870505150121640203e-01
3.449999999999990408e+00 -1.881518228204070442e-01
3.459999999999990195e+00 -1.892634180966781543e-01
3.469999999999989981e+00 -1.903851824952719207e-01
3.479999999999989768e+00 -1.915169896975002506e-01
3.489999999999989555e+00 -1.926587058871110647e-01
3.499999999999989342e+00 -1.938101902681873268e-01
3.509999999999989129e+00 -1.949712956225920779e-01
3.519999999999988916e+00 -1.961418689038010865e-01
3.529999999999988702e+00 -1.973217518637584156e-01
3.539999999999988489e+00 -1.985107817092034432e-01
3.549999999999988276e+00 -1.997087917837504500e-01
3.559999999999988063e+00 -2.009156122718561976e-01
3.569999999999987850e+00 -2.021310709206870504e-01
3.579999999999987637e+00 -2.033549937757954396e-01
3.589999999999987423e+00 -2.045872059264375042e-01
3.599999999999987210e+00 -2.058275322563090648e-01
3.609999999999986997e+00 -2.070757981954461369e-01
3.619999999999986784e+00 -2.083318304690301159e-01
3.629999999999986571e+00 -2.095954578388546929e-01
3.639999999999986358e+00 -2.108665118332535560e-01
3.649999999999986144e+00 -2.121448274613532137e-01
3.659999999999985931e+00 -2.134302439076040392e-01
3.669999999999985718e+00 -2.147226052026543208e-01
3.679999999999985505e+00 -2.160217608667663880e-01
3.689999999999985292e+00 -2.173275665221290343e-01
3.699999999999985079e+00 -2.186398844705972067e-01
3.709999999999984865e+00 -2.199585842335854413e-01
3.719999999999984652e+00 -2.212835430510560197e-01
3.729999999999984439e+00 -2.226146463367746631e-01
3.739999999999984226e+00 -2.239517880872543554e-01
3.749999999999984013e+00 -2.252948712420703159e-01
3.759999999999983800e+00 -2.266438079935045036e-01
3.769999999999983586e+00 -2.279985200437652793e-01
3.779999999999983373e+00 -2.293589388083249470e-01
3.789999999999983160e+00 -2.307250055642229292e-01
3.799999999999982947e+00 -2.320966715424943316e-01
3.809999999999982734e+00 -2.334738979642004553e-01
3.819999999999982521e+00 -2.348566560198566688e-01
3.829999999999982307e+00 -2.362449267923745766e-01
3.839999999999982094e+00 -2.376387011239549929e-01
3.849999999999981881e+00 -2.390379794276857039e-01
3.859999999999981668e+00 -2.404427714449117459e-01
3.869999999999981455e+00 -2.418530959497527943e-01
3.879999999999981242e+00 -2.432689804024417424e-01
3.889999999999981029e+00 -2.446904605534488131e-01
3.899999999999980815e+00 -2.461175800006340508e-01
3.909999999999980602e+00 -2.475503897019373512e-01
3.919999999999980389e+00 -2.489889474463671259e-01
3.929999999999980176e+00 -2.504333172862847623e-01
3.939999999999979963e+00 -2.518835689342018291e-01
3.949999999999979750e+00 -2.533397771275072707e-01
3.959999999999979536e+00 -2.548020209647242074e-01
3.969999999999979323e+00 -2.562703832170573071e-01
3.979999999999979110e+00 -2.577449496191306921e-01
3.989999999999978897e+00 -2.592258081429354988e-01
3.999999999999978684e+00 -2.607130482567601715e-01
4.009999999999979359e+00 -2.622067601878858567e-01
4.019999999999980034e+00 -2.637070343612240575e-01
4.029999999999980709e+00 -2.652139613034435461e-01
4.039999999999981384e+00 -2.667276317246620176e-01
4.049999999999982059e+00 -2.682481366054596528e-01
4.059999999999982734e+00 -2.697755672799575510e-01
4.069999999999983409e+00 -2.713100155144901882e-01
4.079999999999984084e+00 -2.728515735814261989e-01
4.089999999999984759e+00 -2.744003343277187645e-01
4.099999999999985434e+00 -2.759563912377980266e-01
4.109999999999986109e+00 -2.775198384904483118e-01
4.119999999999986784e+00 -2.790907710093487593e-01
4.129999999999987459e+00 -2.806692845069902464e-01
4.139999999999988134e+00 -2.822554755217200895e-01
4.149999999999988809e+00 -2.838494414477049643e-01
4.159999999999989484e+00 -2.854512805576415180e-01
4.169999999999990159e+00 -2.870610920180868275e-01
4.179999999999990834e+00 -2.886789758973212217e-01
4.189999999999991509e+00 -2.903050331656991112e-01
4.199999999999992184e+00 -2.919393656884860522e-01
4.209999999999992859e+00 -2.935820762112223425e-01
4.219999999999993534e+00 -2.952332683376962530e-01
4.229999999999994209e+00 -2.968930465006514585e-01
4.239999999999994884e+00 -2.985615159253950379e-01
4.249999999999995559e+00 -3.002387825865117654e-01
4.259999999999996234e+00 -3.019249531579303869e-01
4.269999999999996909e+00 -3.036201349566245433e-01
4.279999999999997584e+00 -3.053244358802672531e-01
4.289999999999998259e+00 -3.070379643391925595e-01
4.299999999999998934e+00 -3.087608291830493124e-01
4.309999999999999609e+00 -3.104931396225631968e-01
4.320000000000000284e+00 -3.122350051468499865e-01
4.330000000000000959e+00 -3.139865354367484263e-01
4.340000000000001634e+00 -3.157478402746641821e-01
4.350000000000002309e+00 -3.175190294514351752e-01
4.360000000000002984e+00 -3.193002126707464861e-01
4.370000000000003659e+00 -3.210914994516360643e-01
4.380000000000004334e+00 -3.228929990296436348e-01
4.390000000000005009e+00 -3.247048202571631847e-01
4.400000000000005684e+00 -3.265270715035631932e-01
4.410000000000006359e+00 -3.283598605556409811e-01
4.420000000000007034e+00 -3.302032945189747326e-01
4.430000000000007709e+00 -3.320574797207325179e-01
4.440000000000008384e+00 -3.339225216144885988e-01
4.450000000000009059e+00 -3.357985246875868635e-01
4.460000000000009734e+00 -3.376855923715754715e-01
4.470000000000010409e+00 -3.395838269562210243e-01
4.480000000000011084e+00 -3.414933295075889275e-01
4.490000000000011759e+00 -3.434141997906541288e-01
4.500000000000012434e+00 -3.453465361968808267e-01
4.510000000000013110e+00 -3.472904356771815415e-01
4.520000000000013785e+00 -3.492459936806353027e-01
4.530000000000014460e+00 -3.512133040993120070e-01
4.540000000000015135e+00 -3.531924592195159196e-01
4.550000000000015810e+00 -3.551835496797242087e-01
4.560000000000016485e+00 -3.571866644354591558e-01
4.570000000000017160e+00 -3.592018907312928278e-01
4.580000000000017835e+00 -3.612293140801428049e-01
4.590000000000018510e+00 -3.632690182499767051e-01
4.600000000000019185e+00 -3.653210852580000556e-01
4.610000000000019860e+00 -3.673855953723613177e-01
4.620000000000020535e+00 -3.694626271213637958e-01
4.630000000000021210e+00 -3.715522573101324166e-01
4.640000000000021885e+00 -3.736545610446409538e-01
4.650000000000022560e+00 -3.757696117629636401e-01
4.660000000000023235e+00 -3.778974812735739208e-01
4.670000000000023910e+00 -3.800382398004736317e-01
4.680000000000024585e+00 -3.821919560348964739e-01
4.690000000000025260e+00 -3.843586971932932972e-01
4.700000000000025935e+00 -3.865385290812703989e-01
4.710000000000026610e+00 -3.887315161631185179e-01
4.720000000000027285e+00 -3.909377216365388930e-01
4.730000000000027960e+00 -3.931572075121425036e-01
4.740000000000028635e+00 -3.953900346972726298e-01
4.750000000000029310e+00 -3.976362630836753898e-01
4.760000000000029985e+00 -3.998959516385214852e-01
4.770000000000030660e+00 -4.021691584982639567e-01
4.780000000000031335e+00 -4.044559410647994846e-01
4.790000000000032010e+00 -4.067563561033888386e-01
4.800000000000032685e+00 -4.090704598417815308e-01
4.810000000000033360e+00 -4.113983080699830652e-01
4.820000000000034035e+00 -4.137399562400995157e-01
4.830000000000034710e+00 -4.160954595656937149e-01
4.840000000000035385e+00 -4.184648731200900640e-01
4.850000000000036060e+00 -4.208482519330710714e-01
4.860000000000036735e+00 -4.232456510854176179e-01
4.870000000000037410e+00 -4.256571258007574854e-01
4.880000000000038085e+00 -4.280827315342016215e-01
4.890000000000038760e+00 -4.305225240572659873e-01
4.900000000000039435e+00 -4.329765595385975940e-01
4.910000000000040110e+00 -4.354448946200477621e-01
4.920000000000040785e+00 -4.379275864876613356e-01
4.930000000000041460e+00 -4.404246929371795072e-01
4.940000000000042135e+00 -4.429362724336855517e-01
4.950000000000042810e+00 -4.454623841650549587e-01
4.960000000000043485e+00 -4.480030880889075973e-01
4.970000000000044160e+00 -4.505584449727955687e-01
4.980000000000044835e+00 -4.531285164273993193e-01
4.990000000000021529e+00 -4.557133649325379454e-01
5.000000000000000000e+00 -4.583130538558651823e-01
