-1.000010000000000066e+00 -2.068965517241379282e-01
-1.000000000000000000e+00 -2.068965517241379004e-01
-9.899999999999999911e-01 -2.068965517241379282e-01
-9.799999999999999822e-01 -2.068965517241378727e-01
-9.699999999999999734e-01 -2.068965517241379004e-01
-9.599999999999999645e-01 -2.068965517241379004e-01
-9.499999999999999556e-01 -2.068965517241379004e-01
-9.399999999999999467e-01 -2.068965517241379004e-01
-9.299999999999999378e-01 -2.068965517241378727e-01
-9.200000000000000400e-01 -2.068965517241379559e-01
-9.100000000000000311e-01 -2.068965517241379004e-01
-9.000000000000000222e-01 -2.068965517241379282e-01
-8.900000000000000133e-01 -2.068965517241379282e-01
-8.800000000000000044e-01 -2.068965517241379282e-01
-8.699999999999999956e-01 -2.068965517241378727e-01
-8.599999999999999867e-01 -2.068965517241378727e-01
-8.499999999999999778e-01 -2.068965517241379004e-01
-8.399999999999999689e-01 -2.068965517241379282e-01
-8.299999999999999600e-01 -2.068965517241378727e-01
-8.200000000000000622e-01 -2.068965517241379559e-01
-8.100000000000000533e-01 -2.068965517241379559e-01
-8.000000000000000444e-01 -2.068965517241378727e-01
-7.900000000000000355e-01 -2.068965517241379282e-01
-7.800000000000000266e-01 -2.068965517241379004e-01
-7.700000000000000178e-01 -2.068965517241378449e-01
-7.600000000000000089e-01 -2.068965517241379282e-01
-7.500000000000000000e-01 -2.068965517241379004e-01
-7.399999999999999911e-01 -2.068965517241378449e-01
-7.299999999999999822e-01 -2.068965517241379282e-01
-7.199999999999999734e-01 -2.068965517241379004e-01
-7.099999999999999645e-01 -2.068965517241378449e-01
-6.999999999999999556e-01 -2.068965517241379282e-01
-6.899999999999999467e-01 -2.068965517241379004e-01
-6.799999999999999378e-01 -2.068965517241378449e-01
-6.699999999999999289e-01 -2.068965517241379282e-01
-6.599999999999999201e-01 -2.068965517241378727e-01
-6.499999999999999112e-01 -2.068965517241379004e-01
-6.400000000000000133e-01 -2.068965517241379004e-01
-6.300000000000000044e-01 -2.068965517241379559e-01
-6.199999999999999956e-01 -2.068965517241378727e-01
-6.099999999999999867e-01 -2.068965517241379282e-01
-5.999999999999999778e-01 -2.068965517241378727e-01
-5.899999999999999689e-01 -2.068965517241379282e-01
-5.800000000000000711e-01 -2.068965517241379282e-01
-5.700000000000000622e-01 -2.068965517241379004e-01
-5.600000000000000533e-01 -2.068965517241378727e-01
-5.500000000000000444e-01 -2.068965517241378449e-01
-5.400000000000000355e-01 -2.068965517241379282e-01
-5.300000000000000266e-01 -2.068965517241379004e-01
-5.200000000000000178e-01 -2.068965517241378449e-01
-5.100000000000000089e-01 -2.068965517241379282e-01
-5.000000000000000000e-01 -2.068965517241379004e-01
-4.899999999999999911e-01 -2.068965517241378449e-01
-4.799999999999999822e-01 -2.068965517241379282e-01
-4.699999999999999734e-01 -2.068965517241379004e-01
-4.599999999999999645e-01 -2.068965517241378449e-01
-4.499999999999999556e-01 -2.068965517241379282e-01
-4.399999999999999467e-01 -2.068965517241378727e-01
-4.299999999999999378e-01 -2.068965517241379282e-01
-4.200000000000000400e-01 -2.068965517241379282e-01
-4.100000000000000311e-01 -2.068965517241379004e-01
-4.000000000000000222e-01 -2.068965517241378727e-01
-3.900000000000000133e-01 -2.068965517241378449e-01
-3.800000000000000044e-01 -2.068965517241379282e-01
-3.699999999999999956e-01 -2.068965517241379004e-01
-3.599999999999999867e-01 -2.068965517241378449e-01
-3.499999999999999778e-01 -2.068965517241379282e-01
-3.399999999999999689e-01 -2.068965517241379004e-01
-3.299999999999999600e-01 -2.068965517241378449e-01
-3.199999999999999512e-01 -2.068965517241379282e-01
-3.099999999999999423e-01 -2.068965517241378727e-01
-2.999999999999999334e-01 -2.068965517241379282e-01
-2.900000000000000355e-01 -2.068965517241379282e-01
-2.800000000000000266e-01 -2.068965517241379004e-01
-2.700000000000000178e-01 -2.068965517241378727e-01
-2.600000000000000089e-01 -2.068965517241378449e-01
-2.500000000000000000e-01 -2.068965517241379282e-01
-2.399999999999999911e-01 -2.068965517241379004e-01
-2.299999999999999822e-01 -2.068965517241378449e-01
-2.199999999999999734e-01 -2.068965517241379282e-01
-2.099999999999999645e-01 -2.068965517241379004e-01
-1.999999999999999556e-01 -2.068965517241378449e-01
-1.899999999999999467e-01 -2.068965517241379282e-01
-1.799999999999999378e-01 -2.068965517241378727e-01
-1.699999999999999289e-01 -2.068965517241379004e-01
-1.600000000000000311e-01 -2.068965517241379004e-01
-1.500000000000000222e-01 -2.068965517241379559e-01
-1.400000000000000133e-01 -2.068965517241378727e-01
-1.300000000000000044e-01 -2.068965517241379282e-01
-1.199999999999999956e-01 -2.068965517241379004e-01
-1.099999999999999867e-01 -2.068965517241378449e-01
-9.999999999999997780e-02 -2.068965517241379282e-01
-8.999999999999996891e-02 -2.068965517241379004e-01
-7.999999999999996003e-02 -2.068965517241378449e-01
-6.999999999999995115e-02 -2.068965517241379282e-01
-5.999999999999994227e-02 -2.068965517241378727e-01
-4.999999999999993339e-02 -2.068965517241379282e-01
-4.000000000000003553e-02 -2.068965517241379282e-01
-3.000000000000002665e-02 -2.068965517241379004e-01
-2.000000000000001776e-02 -2.068965517241379004e-01
-1.000000000000000888e-02 -2.068965517241379004e-01
0.000000000000000000e+00 -2.068965517241379004e-01
9.999999999999999547e-07 -2.068967586206896248e-01
1.000100000000000121e-02 -2.089657241379309915e-01
2.000099999999999795e-02 -2.110346896551723583e-01
3.000099999999999642e-02 -2.131036551724137251e-01
4.000100000000000183e-02 -2.151726206896550919e-01
5.000100000000000378e-02 -2.172415862068964587e-01
6.000100000000000572e-02 -2.193105517241378255e-01
7.000100000000000766e-02 -2.213795172413791923e-01
8.000100000000001654e-02 -2.234484827586205591e-01
9.000100000000002542e-02 -2.255174482758619259e-01
1.000010000000000343e-01 -2.275864137931032927e-01
1.100010000000000432e-01 -2.296553793103446595e-01
1.200010000000000521e-01 -2.317243448275860263e-01
1.300010000000000610e-01 -2.337933103448273930e-01
1.400010000000000698e-01 -2.358622758620687598e-01
1.500010000000000787e-01 -2.379312413793101266e-01
1.600010000000000876e-01 -2.400002068965514934e-01
1.700010000000000965e-01 -2.420691724137928602e-01
1.800010000000001054e-01 -2.441381379310342270e-01
1.900010000000001142e-01 -2.462071034482755938e-01
2.000010000000001231e-01 -2.482760689655169606e-01
2.100010000000001320e-01 -2.503450344827583551e-01
2.200010000000001409e-01 -2.524139999999997497e-01
2.300010000000001498e-01 -2.544829655172411442e-01
2.400010000000001587e-01 -2.565519310344825388e-01
2.500010000000001398e-01 -2.586208965517239333e-01
2.600010000000001487e-01 -2.606898620689653279e-01
2.700010000000001575e-01 -2.627588275862067224e-01
2.800010000000001664e-01 -2.648277931034481170e-01
2.900010000000001753e-01 -2.668967586206895115e-01
3.000010000000001842e-01 -2.689657241379309061e-01
3.100010000000001931e-01 -2.710346896551723006e-01
3.200010000000002020e-01 -2.731036551724136952e-01
3.300010000000002108e-01 -2.751726206896550897e-01
3.400010000000002197e-01 -2.772415862068964842e-01
3.500010000000002286e-01 -2.793105517241378788e-01
3.600010000000002375e-01 -2.813795172413792733e-01
3.700010000000002464e-01 -2.834484827586206679e-01
3.800010000000002552e-01 -2.855174482758620624e-01
3.900010000000002641e-01 -2.875864137931034570e-01
4.000010000000002730e-01 -2.896553793103448515e-01
4.100010000000002819e-01 -2.917243448275862461e-01
4.200010000000002908e-01 -2.937933103448276406e-01
4.300010000000002997e-01 -2.958622758620690352e-01
4.400010000000003085e-01 -2.979312413793104297e-01
4.500010000000003174e-01 -3.000002068965518243e-01
4.600010000000003263e-01 -3.020691724137932188e-01
4.700010000000003352e-01 -3.041381379310346134e-01
4.800010000000003441e-01 -3.062071034482760079e-01
4.900010000000003529e-01 -3.082760689655174025e-01
5.000010000000003618e-01 -3.103450344827587970e-01
5.100010000000002597e-01 -3.124140000000001915e-01
5.200010000000001575e-01 -3.144829655172415861e-01
5.300010000000000554e-01 -3.165519310344829806e-01
5.400009999999999533e-01 -3.186208965517243752e-01
5.500009999999998511e-01 -3.206898620689657697e-01
5.600009999999997490e-01 -3.227588275862071643e-01
5.700009999999996468e-01 -3.248277931034485588e-01
5.800009999999995447e-01 -3.268967586206899534e-01
5.900009999999994426e-01 -3.289657241379313479e-01
6.000009999999993404e-01 -3.310346896551727425e-01
6.100009999999992383e-01 -3.331036551724141370e-01
6.200009999999991361e-01 -3.351726206896555316e-01
6.300009999999990340e-01 -3.372415862068969261e-01
6.400009999999989319e-01 -3.393105517241383207e-01
6.500009999999988297e-01 -3.413795172413797152e-01
6.600009999999987276e-01 -3.434484827586211098e-01
6.700009999999986254e-01 -3.455174482758625043e-01
6.800009999999985233e-01 -3.475864137931038989e-01
6.900009999999984212e-01 -3.496553793103452934e-01
7.000009999999983190e-01 -3.517243448275866879e-01
7.100009999999982169e-01 -3.537933103448280825e-01
7.200009999999981147e-01 -3.558622758620694770e-01
7.300009999999980126e-01 -3.579312413793108716e-01
7.400009999999979105e-01 -3.600002068965522661e-01
7.500009999999978083e-01 -3.620691724137936607e-01
7.600009999999977062e-01 -3.641381379310350552e-01
7.700009999999976040e-01 -3.662071034482764498e-01
7.800009999999975019e-01 -3.682760689655178443e-01
7.900009999999973997e-01 -3.703450344827592389e-01
8.000009999999972976e-01 -3.724140000000006334e-01
8.100009999999971955e-01 -3.744829655172420280e-01
8.200009999999970933e-01 -3.765519310344834225e-01
8.300009999999969912e-01 -3.786208965517248171e-01
8.400009999999968890e-01 -3.806898620689662116e-01
8.500009999999967869e-01 -3.827588275862076062e-01
8.600009999999966848e-01 -3.848277931034490007e-01
8.700009999999965826e-01 -3.868967586206903952e-01
8.800009999999964805e-01 -3.889657241379317898e-01
8.900009999999963783e-01 -3.910346896551731843e-01
9.000009999999962762e-01 -3.931036551724145789e-01
9.100009999999961741e-01 -3.951726206896559734e-01
9.200009999999960719e-01 -3.972415862068973680e-01
9.300009999999959698e-01 -3.993105517241387625e-01
9.400009999999958676e-01 -4.013795172413801571e-01
9.500009999999957655e-01 -4.034484827586215516e-01
9.600009999999956634e-01 -4.055174482758629462e-01
9.700009999999955612e-01 -4.075864137931043407e-01
9.800009999999954591e-01 -4.096553793103457353e-01
9.900004999999978406e-01 -4.117242413793117395e-01
1.000000000000000000e+00 -4.137931034482776882e-01
1.009999999999999787e+00 -4.158724137931053000e-01
1.019999999999999574e+00 -4.179724137931052907e-01
1.029999999999999361e+00 -4.200931034482777160e-01
1.039999999999999147e+00 -4.222344827586225202e-01
1.049999999999998934e+00 -4.243965517241397589e-01
1.059999999999998721e+00 -4.265793103448294321e-01
1.069999999999998508e+00 -4.287827586206914843e-01
1.079999999999998295e+00 -4.310068965517259709e-01
1.089999999999998082e+00 -4.332517241379328365e-01
1.099999999999997868e+00 -4.355172413793121367e-01
1.109999999999997655e+00 -4.378034482758638712e-01
1.119999999999997442e+00 -4.401103448275879848e-01
1.129999999999997229e+00 -4.424379310344845329e-01
1.139999999999997016e+00 -4.447862068965535154e-01
1.149999999999996803e+00 -4.471551724137948769e-01
1.159999999999996589e+00 -4.495448275862086729e-01
1.169999999999996376e+00 -4.519551724137948479e-01
1.179999999999996163e+00 -4.543862068965534573e-01
1.189999999999995950e+00 -4.568379310344845012e-01
1.199999999999995737e+00 -4.593103448275879241e-01
1.209999999999995524e+00 -4.618034482758637815e-01
1.219999999999995310e+00 -4.643172413793120734e-01
1.229999999999995097e+00 -4.668517241379327443e-01
1.239999999999994884e+00 -4.694068965517258496e-01
1.249999999999994671e+00 -4.719827586206913339e-01
1.259999999999994458e+00 -4.745793103448292527e-01
1.269999999999994245e+00 -4.771965517241396060e-01
1.279999999999994031e+00 -4.798344827586223382e-01
1.289999999999993818e+00 -4.824931034482775050e-01
1.299999999999993605e+00 -4.851724137931050507e-01
1.309999999999993392e+00 -4.878724137931050309e-01
1.319999999999993179e+00 -4.905931034482774455e-01
1.329999999999992966e+00 -4.933344827586222392e-01
1.339999999999992752e+00 -4.960965517241394673e-01
1.349999999999992539e+00 -4.988793103448291300e-01
1.359999999999992326e+00 -5.016827586206912271e-01
1.369999999999992113e+00 -5.045068965517256476e-01
1.379999999999991900e+00 -5.073517241379325027e-01
1.389999999999991687e+00 -5.102172413793117922e-01
1.399999999999991473e+00 -5.131034482758635162e-01
1.409999999999991260e+00 -5.160103448275876747e-01
1.419999999999991047e+00 -5.189379310344841567e-01
1.429999999999990834e+00 -5.218862068965530732e-01
1.439999999999990621e+00 -5.248551724137944241e-01
1.449999999999990408e+00 -5.278448275862082095e-01
1.459999999999990195e+00 -5.308551724137944294e-01
1.469999999999989981e+00 -5.338862068965530838e-01
1.479999999999989768e+00 -5.369379310344840617e-01
1.489999999999989555e+00 -5.400103448275874740e-01
1.499999999999989342e+00 -5.431034482758633208e-01
1.509999999999989129e+00 -5.462172413793116021e-01
1.519999999999988916e+00 -5.493517241379323179e-01
1.529999999999988702e+00 -5.525068965517253572e-01
1.539999999999988489e+00 -5.556827586206908309e-01
1.549999999999988276e+00 -5.588793103448287392e-01
1.559999999999988063e+00 -5.620965517241390819e-01
1.569999999999987850e+00 -5.653344827586218591e-01
1.579999999999987637e+00 -5.685931034482769597e-01
1.589999999999987423e+00 -5.718724137931044949e-01
1.599999999999987210e+00 -5.751724137931044645e-01
1.609999999999986997e+00 -5.784931034482768686e-01
1.619999999999986784e+00 -5.818344827586217072e-01
1.629999999999986571e+00 -5.851965517241389803e-01
1.639999999999986358e+00 -5.885793103448285768e-01
1.649999999999986144e+00 -5.919827586206906078e-01
1.659999999999985931e+00 -5.954068965517250733e-01
1.669999999999985718e+00 -5.988517241379319733e-01
1.679999999999985505e+00 -6.023172413793113078e-01
1.689999999999985292e+00 -6.058034482758629657e-01
1.699999999999985079e+00 -6.093103448275870582e-01
1.709999999999984865e+00 -6.128379310344835851e-01
1.719999999999984652e+00 -6.163862068965525465e-01
1.729999999999984439e+00 -6.199551724137939424e-01
1.739999999999984226e+00 -6.235448275862076617e-01
1.749999999999984013e+00 -6.271551724137938155e-01
1.759999999999983800e+00 -6.307862068965524038e-01
1.769999999999983586e+00 -6.344379310344834266e-01
1.779999999999983373e+00 -6.381103448275868839e-01
1.789999999999983160e+00 -6.418034482758627757e-01
1.799999999999982947e+00 -6.455172413793109909e-01
1.809999999999982734e+00 -6.492517241379316406e-01
1.819999999999982521e+00 -6.530068965517247248e-01
1.829999999999982307e+00 -6.567827586206902435e-01
1.839999999999982094e+00 -6.605793103448281967e-01
1.849999999999981881e+00 -6.643965517241384733e-01
1.859999999999981668e+00 -6.682344827586211844e-01
1.869999999999981455e+00 -6.720931034482763300e-01
1.879999999999981242e+00 -6.759724137931039101e-01
1.889999999999981029e+00 -6.798724137931039246e-01
1.899999999999980815e+00 -6.837931034482762627e-01
1.909999999999980602e+00 -6.877344827586210352e-01
1.919999999999980389e+00 -6.916965517241382422e-01
1.929999999999980176e+00 -6.956793103448278837e-01
1.939999999999979963e+00 -6.996827586206899596e-01
1.949999999999979750e+00 -7.037068965517244701e-01
1.959999999999979536e+00 -7.077517241379313040e-01
1.969999999999979323e+00 -7.118172413793105724e-01
1.979999999999979110e+00 -7.159034482758622753e-01
1.989999999999978897e+00 -7.200103448275864126e-01
1.994999999999989448e+00 -7.220715517241425019e-01
2.000000000000000000e+00 -7.241379310344916442e-01
2.009999999999999787e+00 -7.282862413793192990e-01
2.019999999999999574e+00 -7.324554482758710572e-01
2.029999999999999361e+00 -7.366457586206986985e-01
2.039999999999999147e+00 -7.408573793103538918e-01
2.049999999999998934e+00 -7.450905172413884170e-01
2.059999999999998721e+00 -7.493453793103539429e-01
2.069999999999998508e+00 -7.536221724138022493e-01
2.079999999999998295e+00 -7.579211034482850051e-01
2.089999999999998082e+00 -7.622423793103539902e-01
2.099999999999997868e+00 -7.665862068965608733e-01
2.109999999999997655e+00 -7.709527931034574344e-01
2.119999999999997442e+00 -7.753423448275953422e-01
2.129999999999997229e+00 -7.797550689655263767e-01
2.139999999999997016e+00 -7.841911724138022066e-01
2.149999999999996803e+00 -7.886508620689746119e-01
2.159999999999996589e+00 -7.931343448275953723e-01
2.169999999999996376e+00 -7.976418275862160456e-01
2.179999999999996163e+00 -8.021735172413885229e-01
2.189999999999995950e+00 -8.067296206896643618e-01
2.199999999999995737e+00 -8.113103448275954532e-01
2.209999999999995524e+00 -8.159158965517333550e-01
2.219999999999995310e+00 -8.205464827586299581e-01
2.229999999999995097e+00 -8.252023103448368202e-01
2.239999999999994884e+00 -8.298835862069058322e-01
2.249999999999994671e+00 -8.345905172413886630e-01
2.259999999999994458e+00 -8.393233103448369814e-01
2.269999999999994245e+00 -8.440821724138025672e-01
2.279999999999994031e+00 -8.488673103448370894e-01
2.289999999999993818e+00 -8.536789310344923276e-01
2.299999999999993605e+00 -8.585172413793199508e-01
2.309999999999993392e+00 -8.633824482758717389e-01
2.319999999999993179e+00 -8.682747586206993606e-01
2.329999999999992966e+00 -8.731943793103545959e-01
2.339999999999992752e+00 -8.781415172413891135e-01
2.349999999999992539e+00 -8.831163793103546933e-01
2.359999999999992326e+00 -8.881191724138030041e-01
2.369999999999992113e+00 -8.931501034482858259e-01
2.379999999999991900e+00 -8.982093793103548274e-01
2.389999999999991687e+00 -9.032972068965617884e-01
2.399999999999991473e+00 -9.084137931034583779e-01
2.409999999999991260e+00 -9.135593448275963757e-01
2.419999999999991047e+00 -9.187340689655274506e-01
2.429999999999990834e+00 -9.239381724138033825e-01
2.439999999999990621e+00 -9.291718620689758401e-01
2.449999999999990408e+00 -9.344353448275964924e-01
2.459999999999990195e+00 -9.397288275862172302e-01
2.469999999999989981e+00 -9.450525172413896113e-01
2.479999999999989768e+00 -9.504066206896655267e-01
2.489999999999989555e+00 -9.557913448275965340e-01
2.499999999999989342e+00 -9.612068965517345243e-01
2.509999999999989129e+00 -9.666534827586310552e-01
2.519999999999988916e+00 -9.721313103448380177e-01
2.529999999999988702e+00 -9.776405862069069697e-01
2.539999999999988489e+00 -9.831815172413896908e-01
2.549999999999988276e+00 -9.887543103448379611e-01
2.559999999999988063e+00 -9.943591724138034493e-01
2.569999999999987850e+00 -9.999963103448379353e-01
2.579999999999987637e+00 -1.005665931034493088e+00
2.589999999999987423e+00 -1.011368241379320576e+00
2.599999999999987210e+00 -1.017103448275872291e+00
2.609999999999986997e+00 -1.022871758620699900e+00
2.619999999999986784e+00 -1.028673379310355074e+00
2.629999999999986571e+00 -1.034508517241389480e+00
2.639999999999986358e+00 -1.040377379310355010e+00
2.649999999999986144e+00 -1.046280172413803333e+00
2.659999999999985931e+00 -1.052217103448286117e+00
2.669999999999985718e+00 -1.058188379310355032e+00
2.679999999999985505e+00 -1.064194206896561967e+00
2.689999999999985292e+00 -1.070234793103458593e+00
2.699999999999985079e+00 -1.076310344827596577e+00
2.709999999999984865e+00 -1.082421068965527589e+00
2.719999999999984652e+00 -1.088567172413803519e+00
2.729999999999984439e+00 -1.094748862068976036e+00
2.739999999999984226e+00 -1.100966344827596810e+00
2.749999999999984013e+00 -1.107219827586217509e+00
2.759999999999983800e+00 -1.113509517241390023e+00
2.769999999999983586e+00 -1.119835620689665800e+00
2.779999999999983373e+00 -1.126198344827596953e+00
2.789999999999983160e+00 -1.132597896551734928e+00
2.799999999999982947e+00 -1.139034482758631395e+00
2.809999999999982734e+00 -1.145508310344838243e+00
2.819999999999982521e+00 -1.152019586206907142e+00
2.829999999999982307e+00 -1.158568517241389983e+00
2.839999999999982094e+00 -1.165155310344838213e+00
2.849999999999981881e+00 -1.171780172413803722e+00
2.859999999999981668e+00 -1.178443310344838180e+00
2.869999999999981455e+00 -1.185144931034493254e+00
2.879999999999981242e+00 -1.191885241379320837e+00
2.889999999999981029e+00 -1.198664448275872596e+00
2.899999999999980815e+00 -1.205482758620700201e+00
2.909999999999980602e+00 -1.212340379310355321e+00
2.919999999999980389e+00 -1.219237517241389845e+00
2.929999999999980176e+00 -1.226174379310355445e+00
2.939999999999979963e+00 -1.233151172413803787e+00
2.949999999999979750e+00 -1.240168103448286541e+00
2.959999999999979536e+00 -1.247225379310355597e+00
2.969999999999979323e+00 -1.254323206896562404e+00
2.979999999999979110e+00 -1.261461793103458850e+00
2.989999999999978897e+00 -1.268641344827596829e+00
2.994999999999989448e+00 -1.272246547413811379e+00
3.000000000000000000e+00 -1.275862068965543106e+00
3.009999999999999787e+00 -1.283124172492841941e+00
3.019999999999999574e+00 -1.290427863433933897e+00
3.029999999999999361e+00 -1.297773351788819030e+00
3.039999999999999147e+00 -1.305160849626462838e+00
3.049999999999998934e+00 -1.312590571084796265e+00
3.059999999999998721e+00 -1.320062732370715919e+00
3.069999999999998508e+00 -1.327577551760083852e+00
3.079999999999998295e+00 -1.335135249597727558e+00
3.089999999999998082e+00 -1.342736048297440199e+00
3.099999999999997868e+00 -1.350380172341980600e+00
3.109999999999997655e+00 -1.358067848283072587e+00
3.119999999999997442e+00 -1.365799304741406095e+00
3.129999999999997229e+00 -1.373574772406636058e+00
3.139999999999997016e+00 -1.381394484037383297e+00
3.149999999999996803e+00 -1.389258674461233856e+00
3.159999999999996589e+00 -1.397167580574739665e+00
3.169999999999996376e+00 -1.405121441343417876e+00
3.179999999999996163e+00 -1.413120497801751307e+00
3.189999999999995950e+00 -1.421164993053188219e+00
3.199999999999995737e+00 -1.429255172270142316e+00
3.209999999999995524e+00 -1.437391282693992967e+00
3.219999999999995310e+00 -1.445573573635084985e+00
3.229999999999995097e+00 -1.453802296472728850e+00
3.239999999999994884e+00 -1.462077704655200261e+00
3.249999999999994671e+00 -1.470400053699740583e+00
3.259999999999994458e+00 -1.478769601192556848e+00
3.269999999999994245e+00 -1.487186606788821308e+00
3.279999999999994031e+00 -1.495651332212671880e+00
3.289999999999993818e+00 -1.504164041257212148e+00
3.299999999999993605e+00 -1.512724999784511137e+00
3.309999999999993392e+00 -1.521334475725603097e+00
3.319999999999993179e+00 -1.529992739080488162e+00
3.329999999999992966e+00 -1.538700061918131912e+00
3.339999999999992752e+00 -1.547456718376465368e+00
3.349999999999992539e+00 -1.556262984662384996e+00
3.359999999999992326e+00 -1.565119139051752928e+00
3.369999999999992113e+00 -1.574025461889396738e+00
3.379999999999991900e+00 -1.582982235589109443e+00
3.389999999999991687e+00 -1.591989744633649728e+00
3.399999999999991473e+00 -1.601048275574741719e+00
3.409999999999991260e+00 -1.610158117033075209e+00
3.419999999999991047e+00 -1.619319559698305211e+00
3.429999999999990834e+00 -1.628532896329052404e+00
3.439999999999990621e+00 -1.637798421752903133e+00
3.449999999999990408e+00 -1.647116432866408964e+00
3.459999999999990195e+00 -1.656487228635087128e+00
3.469999999999989981e+00 -1.665911110093420522e+00
3.479999999999989768e+00 -1.675388380344857486e+00
3.489999999999989555e+00 -1.684919344561811583e+00
3.499999999999989342e+00 -1.694504309985662260e+00
3.509999999999989129e+00 -1.704143585926754412e+00
3.519999999999988916e+00 -1.713837483764398151e+00
3.529999999999988702e+00 -1.723586316946869479e+00
3.539999999999988489e+00 -1.733390400991409841e+00
3.549999999999988276e+00 -1.743250053484226125e+00
3.559999999999988063e+00 -1.753165594080490663e+00
3.569999999999987850e+00 -1.763137344504341231e+00
3.579999999999987637e+00 -1.773165628548881489e+00
3.589999999999987423e+00 -1.783250772076180546e+00
3.599999999999987210e+00 -1.793393103017272505e+00
3.609999999999986997e+00 -1.803592951372157582e+00
3.619999999999986784e+00 -1.813850649209801436e+00
3.629999999999986571e+00 -1.824166530668134945e+00
3.639999999999986358e+00 -1.834540931954054654e+00
3.649999999999986144e+00 -1.844974191343422554e+00
3.659999999999985931e+00 -1.855466649181066296e+00
3.669999999999985718e+00 -1.866018647880778980e+00
3.679999999999985505e+00 -1.876630531925319367e+00
3.689999999999985292e+00 -1.887302647866411442e+00
3.699999999999985079e+00 -1.898035344324744855e+00
3.709999999999984865e+00 -1.908828971989974921e+00
3.719999999999984652e+00 -1.919683883620722176e+00
3.729999999999984439e+00 -1.930600434044572822e+00
3.739999999999984226e+00 -1.941578980158078727e+00
3.749999999999984013e+00 -1.952619880926756979e+00
3.759999999999983800e+00 -1.963723497385090333e+00
3.769999999999983586e+00 -1.974890192636527209e+00
3.779999999999983373e+00 -1.986120331853481247e+00
3.789999999999983160e+00 -1.997414282277331976e+00
3.799999999999982947e+00 -2.008772413218423925e+00
3.809999999999982734e+00 -2.020195096056067730e+00
3.819999999999982521e+00 -2.031682704238539028e+00
3.829999999999982307e+00 -2.043235613283079566e+00
3.839999999999982094e+00 -2.054854200775895645e+00
3.849999999999981881e+00 -2.066538846372159899e+00
3.859999999999981668e+00 -2.078289931796010404e+00
3.869999999999981455e+00 -2.090107840840550679e+00
3.879999999999981242e+00 -2.101992959367849689e+00
3.889999999999981029e+00 -2.113945675308941841e+00
3.899999999999980815e+00 -2.125966378663826983e+00
3.909999999999980602e+00 -2.138055461501470855e+00
3.919999999999980389e+00 -2.150213317959804193e+00
3.929999999999980176e+00 -2.162440344245723622e+00
3.939999999999979963e+00 -2.174736938635091654e+00
3.949999999999979750e+00 -2.187103501472735356e+00
3.959999999999979536e+00 -2.199540435172448127e+00
3.969999999999979323e+00 -2.212048144216988366e+00
3.979999999999979110e+00 -2.224627035158080357e+00
3.989999999999978897e+00 -2.237277516616413831e+00
3.999999999999978684e+00 -2.249999999281643959e+00
4.009999999999979359e+00 -2.262794895912460191e+00
4.019999999999980034e+00 -2.275662621341408620e+00
4.029999999999980709e+00 -2.288603592490902727e+00
4.039999999999981384e+00 -2.301618228393701671e+00
4.049999999999982059e+00 -2.314706950213598180e+00
4.059999999999982734e+00 -2.327870181266109562e+00
4.069999999999983409e+00 -2.341108347039166926e+00
4.079999999999984084e+00 -2.354421875213804860e+00
4.089999999999984759e+00 -2.367811195684850656e+00
4.099999999999985434e+00 -2.381276740581614870e+00
4.109999999999986109e+00 -2.394818944288580553e+00
4.119999999999986784e+00 -2.408438243466092032e+00
4.129999999999987459e+00 -2.422135077071045917e+00
4.139999999999988134e+00 -2.435909886377580325e+00
4.149999999999988809e+00 -2.449763114997764113e+00
4.159999999999989484e+00 -2.463695208902286993e+00
4.169999999999990159e+00 -2.477706616441149201e+00
4.179999999999990834e+00 -2.491797788364350286e+00
4.189999999999991509e+00 -2.505969177842580109e+00
4.199999999999992184e+00 -2.520221240487907632e+00
4.209999999999992859e+00 -2.534554434374471032e+00
4.219999999999993534e+00 -2.548969220059166485e+00
4.229999999999994209e+00 -2.563466060602339169e+00
4.239999999999994884e+00 -2.578045421588471608e+00
4.249999999999995559e+00 -2.592707771146874229e+00
4.259999999999996234e+00 -2.607453579972374591e+00
4.269999999999996909e+00 -2.622283321346007057e+00
4.279999999999997584e+00 -2.637197471155702466e+00
4.289999999999998259e+00 -2.652196507916978696e+00
4.299999999999998934e+00 -2.667280912793628112e+00
4.309999999999999609e+00 -2.682451169618409903e+00
4.320000000000000284e+00 -2.697707764913737538e+00
4.330000000000000959e+00 -2.713051187912369766e+00
4.340000000000001634e+00 -2.728481930578099846e+00
4.350000000000002309e+00 -2.744000487626444773e+00
4.360000000000002984e+00 -2.759607356545335843e+00
4.370000000000003659e+00 -2.775303037615807433e+00
4.380000000000004334e+00 -2.791088033932687118e+00
4.390000000000005009e+00 -2.806962851425284899e+00
4.400000000000005684e+00 -2.822927998878084210e+00
4.410000000000006359e+00 -2.838983987951429366e+00
4.420000000000007034e+00 -2.855131333202217014e+00
4.430000000000007709e+00 -2.871370552104585361e+00
4.440000000000008384e+00 -2.887702165070602955e+00
4.450000000000009059e+00 -2.904126695470959696e+00
4.460000000000009734e+00 -2.920644669655655612e+00
4.470000000000010409e+00 -2.937256616974690537e+00
4.480000000000011084e+00 -2.953963069798754226e+00
4.490000000000011759e+00 -2.970764563539915581e+00
4.500000000000012434e+00 -2.987661636672312326e+00
4.510000000000013110e+00 -3.004654830752841566e+00
4.520000000000013785e+00 -3.021744690441847681e+00
4.530000000000014460e+00 -3.038931763523813778e+00
4.540000000000015135e+00 -3.056216600928050031e+00
4.550000000000015810e+00 -3.073599756749383793e+00
4.560000000000016485e+00 -3.091081788268849717e+00
4.570000000000017160e+00 -3.108663255974378981e+00
4.580000000000017835e+00 -3.126344723581488516e+00
4.590000000000018510e+00 -3.144126758053971571e+00
4.600000000000019185e+00 -3.162009929624586935e+00
4.610000000000019860e+00 -3.179994811815748168e+00
4.620000000000020535e+00 -3.198081981460214163e+00
4.630000000000021210e+00 -3.216272018721777926e+00
4.640000000000021885e+00 -3.234565507115956695e+00
4.650000000000022560e+00 -3.252963033530681614e+00
4.660000000000023235e+00 -3.271465188246986955e+00
4.670000000000023910e+00 -3.290072564959700241e+00
4.680000000000024585e+00 -3.308785760798131914e+00
4.690000000000025260e+00 -3.327605376346764565e+00
4.700000000000025935e+00 -3.346532015665943494e+00
4.710000000000026610e+00 -3.365566286312565047e+00
4.720000000000027285e+00 -3.384708799360766740e+00
4.730000000000027960e+00 -3.403960169422617810e+00
4.740000000000028635e+00 -3.423321014668808004e+00
4.750000000000029310e+00 -3.442791956849337254e+00
4.760000000000029985e+00 -3.462373621314205785e+00
4.770000000000030660e+00 -3.482066637034102907e+00
4.780000000000031335e+00 -3.501871636621098016e+00
4.790000000000032010e+00 -3.521789256349328490e+00
4.800000000000032685e+00 -3.541820136175691136e+00
4.810000000000033360e+00 -3.561964919760530979e+00
4.820000000000034035e+00 -3.582224254488330484e+00
4.830000000000034710e+00 -3.602598791488400121e+00
4.840000000000035385e+00 -3.623089185655567590e+00
4.850000000000036060e+00 -3.643696095670867496e+00
4.860000000000036735e+00 -3.664420184022230575e+00
4.870000000000037410e+00 -3.685262117025173811e+00
4.880000000000038085e+00 -3.706222564843490996e+00
4.890000000000038760e+00 -3.727302201509940183e+00
4.900000000000039435e+00 -3.748501704946935131e+00
4.910000000000040110e+00 -3.769821756987234984e+00
4.920000000000040785e+00 -3.791263043394632604e+00
4.930000000000041460e+00 -3.812826253884645133e+00
4.940000000000042135e+00 -3.834512082145203671e+00
4.950000000000042810e+00 -3.856321225857342494e+00
4.960000000000043485e+00 -3.878254386715889623e+00
4.970000000000044160e+00 -3.900312270450155161e+00
4.980000000000044835e+00 -3.922495586844621851e+00
4.990000000000021529e+00 -3.944805049759584126e+00
5.000000000000000000e+00 -3.967241377151990545e+00
