-1.000010000000000066e+00 8.568300863550866175e-01
-1.000000000000000000e+00 8.568571761675890519e-01
-9.899999999999999911e-01 8.827497325399810135e-01
-9.799999999999999822e-01 9.062060217393332895e-01
-9.699999999999999734e-01 9.271613076515801133e-01
-9.599999999999999645e-01 9.455577565858259703e-01
-9.499999999999999556e-01 9.613445968873349790e-01
-9.399999999999999467e-01 9.744782590602742989e-01
-9.299999999999999378e-01 9.849224960135001261e-01
-9.200000000000000400e-01 9.926484830975113027e-01
-9.100000000000000311e-01 9.976348976564999305e-01
-9.000000000000000222e-01 9.998679778759294035e-01
-8.900000000000000133e-01 9.993415607632405440e-01
-8.800000000000000044e-01 9.960570991568578059e-01
-8.699999999999999956e-01 9.900236577165576479e-01
-8.599999999999999867e-01 9.812578879062592296e-01
-8.499999999999999778e-01 9.697839820382895271e-01
-8.399999999999999689e-01 9.556336065059429785e-01
-8.299999999999999600e-01 9.388458143886216911e-01
-8.200000000000000622e-01 9.194669376707318431e-01
-8.100000000000000533e-01 8.975504593718172108e-01
-8.000000000000000444e-01 8.731568659408234234e-01
-7.900000000000000355e-01 8.463534803218615288e-01
-7.800000000000000266e-01 8.172142761521963283e-01
-7.700000000000000178e-01 7.858196736052350806e-01
-7.600000000000000089e-01 7.522563174419757415e-01
-7.500000000000000000e-01 7.166168378834448793e-01
-7.399999999999999911e-01 6.789995949641042250e-01
-7.299999999999999822e-01 6.395084070717547142e-01
-7.199999999999999734e-01 5.982522644231474951e-01
-7.099999999999999645e-01 5.553450282660590265e-01
-6.999999999999999556e-01 5.109051166379937614e-01
-6.899999999999999467e-01 4.650551775487800077e-01
-6.799999999999999378e-01 4.179217504890244128e-01
-6.699999999999999289e-01 3.696349171986191839e-01
-6.599999999999999201e-01 3.203279426591323920e-01
-6.499999999999999112e-01 2.701369073008876853e-01
-6.400000000000000133e-01 2.192003314397996394e-01
-6.300000000000000044e-01 1.676587929804558008e-01
-6.199999999999999956e-01 1.156545394405480293e-01
-6.099999999999999867e-01 6.333109536739492396e-02
-5.999999999999999778e-01 1.083286623003996800e-02
-5.899999999999999689e-01 -4.169526011986948721e-02
-5.800000000000000711e-01 -9.410831331851349235e-02
-5.700000000000000622e-01 -1.462616405880573511e-01
-5.600000000000000533e-01 -1.980113059583054058e-01
-5.500000000000000444e-01 -2.492144875100777424e-01
-5.400000000000000355e-01 -2.997298715439515315e-01
-5.300000000000000266e-01 -3.494180425865274220e-01
-5.200000000000000178e-01 -3.981418681578542951e-01
-5.100000000000000089e-01 -4.457668772381078170e-01
-5.000000000000000000e-01 -4.921616313890071481e-01
-4.899999999999999911e-01 -5.371980875057258409e-01
-4.799999999999999822e-01 -5.807519511981523719e-01
-4.699999999999999734e-01 -6.227030198262162308e-01
-4.599999999999999645e-01 -6.629355142425498171e-01
-4.499999999999999556e-01 -7.013383983269222410e-01
-4.399999999999999467e-01 -7.378056854305745649e-01
-4.299999999999999378e-01 -7.722367308847116751e-01
-4.200000000000000400e-01 -8.045365097658687681e-01
-4.100000000000000311e-01 -8.346158791515569941e-01
-4.000000000000000222e-01 -8.623918241424016751e-01
-3.900000000000000133e-01 -8.877876869717824526e-01
-3.800000000000000044e-01 -9.107333785706668294e-01
-3.699999999999999956e-01 -9.311655720037474993e-01
-3.599999999999999867e-01 -9.490278772430255083e-01
-3.499999999999999778e-01 -9.642709967964877560e-01
-3.399999999999999689e-01 -9.768528617623671861e-01
-3.299999999999999600e-01 -9.867387479334949196e-01
-3.199999999999999512e-01 -9.939013716313055413e-01
-3.099999999999999423e-01 -9.983209650050210993e-01
-2.999999999999999334e-01 -9.999853305881822862e-01
-2.900000000000000355e-01 -9.988898749619701256e-01
-2.800000000000000266e-01 -9.950376214324051505e-01
-2.700000000000000178e-01 -9.884392016864431696e-01
-2.600000000000000089e-01 -9.791128264499876499e-01
-2.500000000000000000e-01 -9.670842352288069321e-01
-2.399999999999999911e-01 -9.523866252710555536e-01
-2.299999999999999822e-01 -9.350605599474628438e-01
-2.199999999999999734e-01 -9.151538568020395337e-01
-2.099999999999999645e-01 -8.927214555822685638e-01
-1.999999999999999556e-01 -8.678252666130014115e-01
-1.899999999999999467e-01 -8.405339999325240896e-01
-1.799999999999999378e-01 -8.109229756623537178e-01
-1.699999999999999289e-01 -7.790739161341212471e-01
-1.600000000000000311e-01 -7.450747203472377622e-01
-1.500000000000000222e-01 -7.090192213798136578e-01
-1.400000000000000133e-01 -6.710069274223401381e-01
-1.300000000000000044e-01 -6.311427471488463281e-01
-1.199999999999999956e-01 -5.895367001834692644e-01
-1.099999999999999867e-01 -5.463036134615055772e-01
-9.999999999999997780e-02 -5.015628043229520827e-01
-8.999999999999996891e-02 -4.554377512131501660e-01
-7.999999999999996003e-02 -4.080557528993541405e-01
-6.999999999999995115e-02 -3.595475771437385282e-01
-5.999999999999994227e-02 -3.100470998024622560e-01
-4.999999999999993339e-02 -2.596909353468196402e-01
-4.000000000000003553e-02 -2.086180598261955788e-01
-3.000000000000002665e-02 -1.569694273133877271e-01
-2.000000000000001776e-02 -1.048875808908639184e-01
-1.000000000000000888e-02 -5.251625925156644392e-02
0.000000000000000000e+00 0.000000000000000000e+00
9.999999999999999547e-07 8.568585305950125071e-07
1.000100000000000121e-02 8.700922237217542307e-03
2.000099999999999795e-02 1.764778456370651172e-02
3.000099999999999642e-02 2.681675349024167931e-02
4.000100000000000183e-02 3.618252346048509566e-02
5.000100000000000378e-02 4.571924637064635200e-02
6.000100000000000572e-02 5.540060215071065247e-02
7.000100000000000766e-02 6.519987160675164151e-02
8.000100000000001654e-02 7.509001010793552033e-02
9.000100000000002542e-02 8.504372224050488205e-02
1.000010000000000343e-01 9.503353713544873682e-02
1.100010000000000432e-01 1.050318842853458084e-01
1.200010000000000521e-01 1.150111696348720680e-01
1.300010000000000610e-01 1.249438517366520257e-01
1.400010000000000698e-01 1.348025177618242532e-01
1.500010000000000787e-01 1.445599591556630814e-01
1.600010000000000876e-01 1.541892467294251334e-01
1.700010000000000965e-01 1.636638049811862394e-01
1.800010000000001054e-01 1.729574854405510620e-01
1.900010000000001142e-01 1.820446388348149480e-01
2.000010000000001231e-01 1.909001858774092009e-01
2.100010000000001320e-01 1.994996864832633832e-01
2.200010000000001409e-01 2.078194072200599263e-01
2.300010000000001498e-01 2.158363868092249283e-01
2.400010000000001587e-01 2.235284994958812721e-01
2.500010000000001398e-01 2.308745161128720469e-01
2.600010000000001487e-01 2.378541626703257472e-01
2.700010000000001575e-01 2.444481763090643744e-01
2.800010000000001664e-01 2.506383584634305772e-01
2.900010000000001753e-01 2.564076250868119744e-01
3.000010000000001842e-01 2.617400538012468192e-01
3.100010000000001931e-01 2.666209278409853445e-01
3.200010000000002020e-01 2.710367766687274416e-01
3.300010000000002108e-01 2.749754131524429490e-01
3.400010000000002197e-01 2.784259672001701547e-01
3.500010000000002286e-01 2.813789157599665414e-01
3.600010000000002375e-01 2.838261091022148408e-01
3.700010000000002464e-01 2.857607933117497501e-01
3.800010000000002552e-01 2.871776289277295224e-01
3.900010000000002641e-01 2.880727056798096930e-01
4.000010000000002730e-01 2.884435532799481394e-01
4.100010000000002819e-01 2.882891482400585792e-01
4.200010000000002908e-01 2.876099166966961107e-01
4.300010000000002997e-01 2.864077332349792560e-01
4.400010000000003085e-01 2.846859157149942976e-01
4.500010000000003174e-01 2.824492161149602110e-01
4.600010000000003263e-01 2.797038074164262533e-01
4.700010000000003352e-01 2.764572665676963692e-01
4.800010000000003441e-01 2.727185535725000221e-01
4.900010000000003529e-01 2.684979867616208993e-01
5.000010000000003618e-01 2.638072143157312310e-01
5.100010000000002597e-01 2.586591821180240225e-01
5.200010000000001575e-01 2.530680980253659507e-01
5.300010000000000554e-01 2.470493926565774101e-01
5.400009999999999533e-01 2.406196768060587521e-01
5.500009999999998511e-01 2.337966956002950347e-01
5.600009999999997490e-01 2.265992795237612434e-01
5.700009999999996468e-01 2.190472924493893914e-01
5.800009999999995447e-01 2.111615768170265750e-01
5.900009999999994426e-01 2.029638961111836226e-01
6.000009999999993404e-01 1.944768747968277922e-01
6.100009999999992383e-01 1.857239358789885275e-01
6.200009999999991361e-01 1.767292362585031751e-01
6.300009999999990340e-01 1.675176000623116168e-01
6.400009999999989319e-01 1.581144501322993001e-01
6.500009999999988297e-01 1.485457378617696667e-01
6.600009999999987276e-01 1.388378715731878599e-01
6.700009999999986254e-01 1.290176436348631772e-01
6.800009999999985233e-01 1.191121565177179764e-01
6.900009999999984212e-01 1.091487479962164192e-01
7.000009999999983190e-01 9.915491569988785225e-02
7.100009999999982169e-01 8.915824122367237148e-02
7.200009999999981147e-01 7.918631400653347585e-02
7.300009999999980126e-01 6.926665518842231584e-02
7.400009999999979105e-01 5.942664165573766782e-02
7.500009999999978083e-01 4.969343048490590387e-02
7.600009999999977062e-01 4.009388399260598035e-02
7.700009999999976040e-01 3.065449559949062069e-02
7.800009999999975019e-01 2.140131671200946883e-02
7.900009999999973997e-01 1.235988482413033322e-02
8.000009999999972976e-01 3.555153037387815199e-03
8.100009999999971955e-01 -4.988578806225794915e-03
8.200009999999970933e-01 -1.324773118846362709e-02
8.300009999999969912e-01 -2.119950999103342726e-02
8.400009999999968890e-01 -2.882196940421149350e-02
8.500009999999967869e-01 -3.609407249424229774e-02
8.600009999999966848e-01 -4.299574926236615635e-02
8.700009999999965826e-01 -4.950795203523997851e-02
8.800009999999964805e-01 -5.561270803388136674e-02
8.900009999999963783e-01 -6.129316897605276149e-02
9.000009999999962762e-01 -6.653365757519064116e-02
9.100009999999961741e-01 -7.131971080754656578e-02
9.200009999999960719e-01 -7.563811982813842261e-02
9.300009999999959698e-01 -7.947696642531341948e-02
9.400009999999958676e-01 -8.282565591344701050e-02
9.500009999999957655e-01 -8.567494637249986611e-02
9.600009999999956634e-01 -8.801697415559606164e-02
9.700009999999955612e-01 -8.984527558728255814e-02
9.800009999999954591e-01 -9.115480481849565220e-02
9.900004999999978406e-01 -9.194192143710298859e-02
1.000000000000000000e+00 -9.220453194736860647e-02
1.009999999999999787e+00 -9.216124668584765867e-02
1.019999999999999574e+00 -9.202970670733565117e-02
1.029999999999999361e+00 -9.180756693157712811e-02
1.039999999999999147e+00 -9.149273231573049059e-02
1.049999999999998934e+00 -9.108336364336530599e-02
1.059999999999998721e+00 -9.057788259857799118e-02
1.069999999999998508e+00 -8.997497612242573439e-02
1.079999999999998295e+00 -8.927360003665353594e-02
1.089999999999998082e+00 -8.847298192551769636e-02
1.099999999999997868e+00 -8.757262326753680048e-02
1.109999999999997655e+00 -8.657230081134464905e-02
1.119999999999997442e+00 -8.547206719183246537e-02
1.129999999999997229e+00 -8.427225078488405352e-02
1.139999999999997016e+00 -8.297345480110372706e-02
1.149999999999996803e+00 -8.157655562103846569e-02
1.159999999999996589e+00 -8.008270037648884676e-02
1.169999999999996376e+00 -7.849330378458388435e-02
1.179999999999996163e+00 -7.681004424335745318e-02
1.189999999999995950e+00 -7.503485919960184436e-02
1.199999999999995737e+00 -7.316993980178254642e-02
1.209999999999995524e+00 -7.121772485277154396e-02
1.219999999999995310e+00 -6.918089407908871447e-02
1.229999999999995097e+00 -6.706236073522719998e-02
1.239999999999994884e+00 -6.486526356347399602e-02
1.249999999999994671e+00 -6.259295813141525777e-02
1.259999999999994458e+00 -6.024900757103394261e-02
1.269999999999994245e+00 -5.783717274495826094e-02
1.279999999999994031e+00 -5.536140186700101717e-02
1.289999999999993818e+00 -5.282581960563552392e-02
1.299999999999993605e+00 -5.023471570048108209e-02
1.309999999999993392e+00 -4.759253312321492374e-02
1.319999999999993179e+00 -4.490385581558486994e-02
1.329999999999992966e+00 -4.217339603836409156e-02
1.339999999999992752e+00 -3.940598136616309949e-02
1.349999999999992539e+00 -3.660654136399149605e-02
1.359999999999992326e+00 -3.378009398234034510e-02
1.369999999999992113e+00 -3.093173170833281652e-02
1.379999999999991900e+00 -2.806660751116403507e-02
1.389999999999991687e+00 -2.518992062061879700e-02
1.399999999999991473e+00 -2.230690217791643504e-02
1.409999999999991260e+00 -1.942280079848455326e-02
1.419999999999991047e+00 -1.654286808650635293e-02
1.429999999999990834e+00 -1.367234414121940890e-02
1.439999999999990621e+00 -1.081644309496650885e-02
1.449999999999990408e+00 -7.980338722911529264e-03
1.459999999999990195e+00 -5.169150164135538454e-03
1.469999999999989981e+00 -2.387927793520940988e-03
1.479999999999989768e+00 3.583607165847098146e-04
1.489999999999989555e+00 3.064844106457333996e-03
1.499999999999989342e+00 5.726760972999445781e-03
1.509999999999989129e+00 8.339472910554172544e-03
1.519999999999988916e+00 1.089847731226335770e-02
1.529999999999988702e+00 1.339941979663975338e-02
1.539999999999988489e+00 1.583810622505768886e-02
1.549999999999988276e+00 1.821051427699561451e-02
1.559999999999988063e+00 2.051280455108442716e-02
1.569999999999987850e+00 2.274133116132424220e-02
1.579999999999987637e+00 2.489265179922550697e-02
1.589999999999987423e+00 2.696353723410434972e-02
1.599999999999987210e+00 2.895098022531264470e-02
1.609999999999986997e+00 3.085220382180627746e-02
1.619999999999986784e+00 3.266466902614596768e-02
1.629999999999986571e+00 3.438608180177904483e-02
1.639999999999986358e+00 3.601439940426304914e-02
1.649999999999986144e+00 3.754783601895789191e-02
1.659999999999985931e+00 3.898486768962724364e-02
1.669999999999985718e+00 4.032423652434700273e-02
1.679999999999985505e+00 4.156495416711301905e-02
1.689999999999985292e+00 4.270630452556696544e-02
1.699999999999985079e+00 4.374784574731223341e-02
1.709999999999984865e+00 4.468941143936540350e-02
1.719999999999984652e+00 4.553111112737789207e-02
1.729999999999984439e+00 4.627332995336028848e-02
1.739999999999984226e+00 4.691672761274368053e-02
1.749999999999984013e+00 4.746223653371149653e-02
1.759999999999983800e+00 4.791105930382668493e-02
1.769999999999983586e+00 4.826466535105636280e-02
1.779999999999983373e+00 4.852478688835384218e-02
1.789999999999983160e+00 4.869341413299048404e-02
1.799999999999982947e+00 4.877278981383125628e-02
1.809999999999982734e+00 4.876540298171326560e-02
1.819999999999982521e+00 4.867398214000967505e-02
1.829999999999982307e+00 4.850148771433779316e-02
1.839999999999982094e+00 4.825110388219377988e-02
1.849999999999981881e+00 4.792622978506316106e-02
1.859999999999981668e+00 4.753047014726044517e-02
1.869999999999981455e+00 4.706762532738855559e-02
1.879999999999981242e+00 4.654168082987471949e-02
1.889999999999981029e+00 4.595679630552944317e-02
1.899999999999980815e+00 4.531729407148558236e-02
1.909999999999980602e+00 4.462764718220085802e-02
1.919999999999980389e+00 4.389246708444618367e-02
1.929999999999980176e+00 4.311649089035042570e-02
1.939999999999979963e+00 4.230456830362583354e-02
1.949999999999979750e+00 4.146164823505755354e-02
1.959999999999979536e+00 4.059276514419049575e-02
1.969999999999979323e+00 3.970302514493154189e-02
1.979999999999979110e+00 3.879759191332813467e-02
1.989999999999978897e+00 3.788167243672508483e-02
1.994999999999989448e+00 3.742141586300546524e-02
2.000000000000000000e+00 3.696050266269917256e-02
2.009999999999999787e+00 3.603860117964741150e-02
2.019999999999999574e+00 3.511757177460311796e-02
2.029999999999999361e+00 3.419830892611393225e-02
2.039999999999999147e+00 3.328172931844540494e-02
2.049999999999998934e+00 3.236876931165628274e-02
2.059999999999998721e+00 3.146038235737505517e-02
2.069999999999998508e+00 3.055753636740509219e-02
2.079999999999998295e+00 2.966121104242201018e-02
2.089999999999998082e+00 2.877239516813527229e-02
2.099999999999997868e+00 2.789208388637640784e-02
2.109999999999997655e+00 2.702127594864517021e-02
2.119999999999997442e+00 2.616097095969354205e-02
2.129999999999997229e+00 2.531216661875487078e-02
2.139999999999997016e+00 2.447585596603196051e-02
2.149999999999996803e+00 2.365302464204346866e-02
2.159999999999996589e+00 2.284464816739238333e-02
2.169999999999996376e+00 2.205168925046407935e-02
2.179999999999996163e+00 2.127509513048433248e-02
2.189999999999995950e+00 2.051579496327005092e-02
2.199999999999995737e+00 1.977469725688773411e-02
2.209999999999995524e+00 1.905268736429686222e-02
2.219999999999995310e+00 1.835062503989817392e-02
2.229999999999995097e+00 1.766934206673042435e-02
2.239999999999994884e+00 1.700963996086424582e-02
2.249999999999994671e+00 1.637228775932864783e-02
2.259999999999994458e+00 1.575801989767516495e-02
2.269999999999994245e+00 1.516753418303732823e-02
2.279999999999994031e+00 1.460148986827947658e-02
2.289999999999993818e+00 1.406050583255002984e-02
2.299999999999993605e+00 1.354515887326063553e-02
2.309999999999993392e+00 1.305598211420508879e-02
2.319999999999993179e+00 1.259346353421138959e-02
2.329999999999992966e+00 1.215804462038766985e-02
2.339999999999992752e+00 1.175011914967883861e-02
2.349999999999992539e+00 1.137003210209667180e-02
2.359999999999992326e+00 1.101807870862268890e-02
2.369999999999992113e+00 1.069450363641148358e-02
2.379999999999991900e+00 1.039950031354321125e-02
2.389999999999991687e+00 1.013321039518883838e-02
2.399999999999991473e+00 9.895723372661466288e-03
2.409999999999991260e+00 9.687076326432682294e-03
2.419999999999991047e+00 9.507253823795584063e-03
2.429999999999990834e+00 9.356187961456922941e-03
2.439999999999990621e+00 9.233758552940793743e-03
2.449999999999990408e+00 9.139793460286690929e-03
2.459999999999990195e+00 9.074069069126470752e-03
2.469999999999989981e+00 9.036310905829080670e-03
2.479999999999989768e+00 9.026194395009819529e-03
2.489999999999989555e+00 9.043345755313510897e-03
2.499999999999989342e+00 9.087343030999341445e-03
2.509999999999989129e+00 9.157717256480355297e-03
2.519999999999988916e+00 9.253953750603609307e-03
2.529999999999988702e+00 9.375493537098969835e-03
2.539999999999988489e+00 9.521734887276313633e-03
2.549999999999988276e+00 9.692034980713486528e-03
2.559999999999988063e+00 9.885711679351769435e-03
2.569999999999987850e+00 1.010204541010256869e-02
2.579999999999987637e+00 1.034028115076962573e-02
2.589999999999987423e+00 1.059963051380585601e-02
2.599999999999987210e+00 1.087927392215393488e-02
2.609999999999986997e+00 1.117836287116563167e-02
2.619999999999986784e+00 1.149602227035728154e-02
2.629999999999986571e+00 1.183135285853849188e-02
2.639999999999986358e+00 1.218343368564865636e-02
2.649999999999986144e+00 1.255132465445175059e-02
2.659999999999985931e+00 1.293406911507467838e-02
2.669999999999985718e+00 1.333069650522861888e-02
2.679999999999985505e+00 1.374022502882670665e-02
2.689999999999985292e+00 1.416166436560544438e-02
2.699999999999985079e+00 1.459401840427166329e-02
2.709999999999984865e+00 1.503628799163192475e-02
2.719999999999984652e+00 1.548747369011714732e-02
2.729999999999984439e+00 1.594657853609207296e-02
2.739999999999984226e+00 1.641261079133700396e-02
2.749999999999984013e+00 1.688458668010814345e-02
2.759999999999983800e+00 1.736153310422257692e-02
2.769999999999983586e+00 1.784249032867466986e-02
2.779999999999983373e+00 1.832651463037195463e-02
2.789999999999983160e+00 1.881268090268034196e-02
2.799999999999982947e+00 1.930008520859047977e-02
2.809999999999982734e+00 1.978784727545888564e-02
2.819999999999982521e+00 2.027511292443869365e-02
2.829999999999982307e+00 2.076105642789513595e-02
2.839999999999982094e+00 2.124488278829960927e-02
2.849999999999981881e+00 2.172582993231290255e-02
2.859999999999981668e+00 2.220317081400222103e-02
2.869999999999981455e+00 2.267621542138739676e-02
2.879999999999981242e+00 2.314431268077852752e-02
2.889999999999981029e+00 2.360685225364931097e-02
2.899999999999980815e+00 2.406326622108697147e-02
2.909999999999980602e+00 2.451303065116990434e-02
2.919999999999980389e+00 2.495566704494732099e-02
2.929999999999980176e+00 2.539074365703017366e-02
2.939999999999979963e+00 2.581787668714871989e-02
2.949999999999979750e+00 2.623673133938818000e-02
2.959999999999979536e+00 2.664702274617915950e-02
2.969999999999979323e+00 2.704851675449274767e-02
2.979999999999979110e+00 2.744103057207047600e-02
2.989999999999978897e+00 2.782443327190569499e-02
2.994999999999989448e+00 2.801269139160303054e-02
3.000000000000000000e+00 2.819864631333588584e-02
3.009999999999999787e+00 2.856364144159131979e-02
3.019999999999999574e+00 2.891942117909688387e-02
3.029999999999999361e+00 2.926599869956888339e-02
3.039999999999999147e+00 2.960339623462344971e-02
3.049999999999998934e+00 2.993164528323210768e-02
3.059999999999998721e+00 3.025078679560061143e-02
3.069999999999998508e+00 3.056087133096372505e-02
3.079999999999998295e+00 3.086195918886040085e-02
3.089999999999998082e+00 3.115412051352706158e-02
3.099999999999997868e+00 3.143743537112089065e-02
3.109999999999997655e+00 3.171199379955997461e-02
3.119999999999997442e+00 3.197789583084278270e-02
3.129999999999997229e+00 3.223525148578536281e-02
3.139999999999997016e+00 3.248418074119076987e-02
3.149999999999996803e+00 3.272481346954136255e-02
3.159999999999996589e+00 3.295728935138039079e-02
3.169999999999996376e+00 3.318175776062468746e-02
3.179999999999996163e+00 3.339837762312498903e-02
3.189999999999995950e+00 3.360731724886423244e-02
3.199999999999995737e+00 3.380875413825696479e-02
3.209999999999995524e+00 3.400287476308443135e-02
3.219999999999995310e+00 3.418987432266989979e-02
3.229999999999995097e+00 3.436995647596721715e-02
3.239999999999994884e+00 3.454333305030193868e-02
3.249999999999994671e+00 3.471022372756885771e-02
3.259999999999994458e+00 3.487085570875206320e-02
3.269999999999994245e+00 3.502546335769329833e-02
3.279999999999994031e+00 3.517428782509186141e-02
3.289999999999993818e+00 3.531757665377367739e-02
3.299999999999993605e+00 3.545558336631903645e-02
3.309999999999993392e+00 3.558856703618699935e-02
3.319999999999993179e+00 3.571679184352014036e-02
3.329999999999992966e+00 3.584052661685559193e-02
3.339999999999992752e+00 3.596004436200712223e-02
3.349999999999992539e+00 3.607562177941851106e-02
3.359999999999992326e+00 3.618753877132028368e-02
3.369999999999992113e+00 3.629607794004993671e-02
3.379999999999991900e+00 3.640152407892024294e-02
3.389999999999991687e+00 3.650416365704077515e-02
3.399999999999991473e+00 3.660428429951444879e-02
3.409999999999991260e+00 3.670217426444369324e-02
3.419999999999991047e+00 3.679812191818964545e-02
3.429999999999990834e+00 3.689241521033253396e-02
3.439999999999990621e+00 3.698534114978233034e-02
3.449999999999990408e+00 3.707718528348554615e-02
3.459999999999990195e+00 3.716823117916682323e-02
3.469999999999989981e+00 3.725875991353288369e-02
3.479999999999989768e+00 3.734904956735139725e-02
3.489999999999989555e+00 3.743937472879817902e-02
3.499999999999989342e+00 3.753000600644347540e-02
3.509999999999989129e+00 3.762120955322142274e-02
3.519999999999988916e+00 3.771324660269641249e-02
3.529999999999988702e+00 3.780637301890628355e-02
3.539999999999988489e+00 3.790083886102461885e-02
3.549999999999988276e+00 3.799688796404368518e-02
3.559999999999988063e+00 3.809475753663527087e-02
3.569999999999987850e+00 3.819467777729920049e-02
3.579999999999987637e+00 3.829687150985901928e-02
3.589999999999987423e+00 3.840155383931071614e-02
3.599999999999987210e+00 3.850893182897435763e-02
3.609999999999986997e+00 3.861920419983964209e-02
3.619999999999986784e+00 3.873256105293512025e-02
3.629999999999986571e+00 3.884918361548731630e-02
3.639999999999986358e+00 3.896924401157034895e-02
3.649999999999986144e+00 3.909290505787892805e-02
3.659999999999985931e+00 3.922032008518850504e-02
3.669999999999985718e+00 3.935163278599518311e-02
3.679999999999985505e+00 3.948697708875599510e-02
3.689999999999985292e+00 3.962647705907654944e-02
3.699999999999985079e+00 3.977024682811879791e-02
3.709999999999984865e+00 3.991839054842647588e-02
3.719999999999984652e+00 4.007100237729017272e-02
3.729999999999984439e+00 4.022816648769790560e-02
3.739999999999984226e+00 4.038995710684097767e-02
3.749999999999984013e+00 4.055643858206887942e-02
3.759999999999983800e+00 4.072766547411117016e-02
3.769999999999983586e+00 4.090368267730908752e-02
3.779999999999983373e+00 4.108452556652505278e-02
3.789999999999983160e+00 4.127022017032461187e-02
3.799999999999982947e+00 4.146078336995286800e-02
3.809999999999982734e+00 4.165622312355625467e-02
3.819999999999982521e+00 4.185653871503082490e-02
3.829999999999982307e+00 4.206172102681028646e-02
3.839999999999982094e+00 4.227175283584087145e-02
3.849999999999981881e+00 4.248660913192627703e-02
3.859999999999981668e+00 4.270625745756401193e-02
3.869999999999981455e+00 4.293065826833529497e-02
3.879999999999981242e+00 4.315976531285385664e-02
3.889999999999981029e+00 4.339352603122503121e-02
3.899999999999980815e+00 4.363188197091547732e-02
3.909999999999980602e+00 4.387476921888576464e-02
3.919999999999980389e+00 4.412211884879318341e-02
3.929999999999980176e+00 4.437385738203061120e-02
3.939999999999979963e+00 4.462990726132895491e-02
3.949999999999979750e+00 4.489018733561618568e-02
3.959999999999979536e+00 4.515461335479473842e-02
3.969999999999979323e+00 4.542309847307178516e-02
3.979999999999979110e+00 4.569555375945331954e-02
3.989999999999978897e+00 4.597188871399304072e-02
3.999999999999978684e+00 4.625201179000581336e-02
4.009999999999979359e+00 4.653583091112990094e-02
4.019999999999980034e+00 4.682325389900868218e-02
4.029999999999980709e+00 4.711418865814114704e-02
4.039999999999981384e+00 4.740854326986876366e-02
4.049999999999982059e+00 4.770622608402286940e-02
4.059999999999982734e+00 4.800714581253915508e-02
4.069999999999983409e+00 4.831121162478094894e-02
4.079999999999984084e+00 4.861833324430812897e-02
4.089999999999984759e+00 4.892842104682468968e-02
4.099999999999985434e+00 4.924138615903457528e-02
4.109999999999986109e+00 4.955714055813298380e-02
4.119999999999986784e+00 4.987559717165854223e-02
4.129999999999987459e+00 5.019666997743079534e-02
4.139999999999988134e+00 5.052027410329714557e-02
4.149999999999988809e+00 5.084632592641404741e-02
4.159999999999989484e+00 5.117474317178835608e-02
4.169999999999990159e+00 5.150544500980691609e-02
4.179999999999990834e+00 5.183835215248524392e-02
4.189999999999991509e+00 5.217338694816961442e-02
4.199999999999992184e+00 5.251047347443122543e-02
4.209999999999992859e+00 5.284953762889608997e-02
4.219999999999993534e+00 5.319050721775988450e-02
4.229999999999994209e+00 5.353331204174358038e-02
4.239999999999994884e+00 5.387788397925255546e-02
4.249999999999995559e+00 5.422415706650970252e-02
4.259999999999996234e+00 5.457206757444136441e-02
4.269999999999996909e+00 5.492155408210393913e-02
4.279999999999997584e+00 5.527255754644846281e-02
4.289999999999998259e+00 5.562502136823066490e-02
4.299999999999998934e+00 5.597889145388454391e-02
4.309999999999999609e+00 5.633411627318878762e-02
4.320000000000000284e+00 5.669064691256677641e-02
4.330000000000000959e+00 5.704843712387316912e-02
4.340000000000001634e+00 5.740744336853236679e-02
4.350000000000002309e+00 5.776762485690704191e-02
4.360000000000002984e+00 5.812894358278811874e-02
4.370000000000003659e+00 5.849136435291098918e-02
4.380000000000004334e+00 5.885485481141650155e-02
4.390000000000005009e+00 5.921938545918919994e-02
4.400000000000005684e+00 5.958492966801950952e-02
4.410000000000006359e+00 5.995146368955069777e-02
4.420000000000007034e+00 6.031896665898597160e-02
4.430000000000007709e+00 6.068742059354544083e-02
4.440000000000008384e+00 6.105681038567728480e-02
4.450000000000009059e+00 6.142712379104174614e-02
4.460000000000009734e+00 6.179835141130120280e-02
4.470000000000010409e+00 6.217048667176376664e-02
4.480000000000011084e+00 6.254352579394216460e-02
4.490000000000011759e+00 6.291746776310352951e-02
4.500000000000012434e+00 6.329231429089982042e-02
4.510000000000013110e+00 6.366806977318183181e-02
4.520000000000013785e+00 6.404474124311332339e-02
4.530000000000014460e+00 6.442233831971469482e-02
4.540000000000015135e+00 6.480087315197810560e-02
4.550000000000015810e+00 6.518036035870837519e-02
4.560000000000016485e+00 6.556081696425565541e-02
4.570000000000017160e+00 6.594226233031724727e-02
4.580000000000017835e+00 6.632471808399677260e-02
4.590000000000018510e+00 6.670820804231923640e-02
4.600000000000019185e+00 6.709275813341038230e-02
4.610000000000019860e+00 6.747839631455775089e-02
4.620000000000020535e+00 6.786515248737971795e-02
4.630000000000021210e+00 6.825305841033647847e-02
4.640000000000021885e+00 6.864214760882461630e-02
4.650000000000022560e+00 6.903245528310321399e-02
4.660000000000023235e+00 6.942401821430574382e-02
4.670000000000023910e+00 6.981687466879704651e-02
4.680000000000024585e+00 7.021106430113939478e-02
4.690000000000025260e+00 7.060662805593548308e-02
4.700000000000025935e+00 7.100360806881914066e-02
4.710000000000026610e+00 7.140204756686711896e-02
4.720000000000027285e+00 7.180199076870674713e-02
4.730000000000027960e+00 7.220348278459517988e-02
4.740000000000028635e+00 7.260656951674596127e-02
4.750000000000029310e+00 7.301129756017805950e-02
4.760000000000029985e+00 7.341771410436090384e-02
4.770000000000030660e+00 7.382586683592698429e-02
4.780000000000031335e+00 7.423580384272049359e-02
4.790000000000032010e+00 7.464757351944670272e-02
4.800000000000032685e+00 7.506122447518266683e-02
4.810000000000033360e+00 7.547680544300432171e-02
4.820000000000034035e+00 7.589436519197956255e-02
4.830000000000034710e+00 7.631395244177001380e-02
4.840000000000035385e+00 7.673561578007734307e-02
4.850000000000036060e+00 7.715940358316185355e-02
4.860000000000036735e+00 7.758536393965276279e-02
4.870000000000037410e+00 7.801354457786037477e-02
4.880000000000038085e+00 7.844399279679084569e-02
4.890000000000038760e+00 7.887675540105384964e-02
4.900000000000039435e+00 7.931187863984288933e-02
4.910000000000040110e+00 7.974940815015649220e-02
4.920000000000040785e+00 8.018938890441720813e-02
4.930000000000041460e+00 8.063186516263279313e-02
4.940000000000042135e+00 8.107688042923168192e-02
4.950000000000042810e+00 8.152447741469188991e-02
4.960000000000043485e+00 8.197469800206921842e-02
4.970000000000044160e+00 8.242758321851716141e-02
4.980000000000044835e+00 8.288317321187704811e-02
4.990000000000021529e+00 8.334150723240214831e-02
5.000000000000000000e+00 8.380262361967834306e-02
