-1.000010000000000066e+00 -2.675914884560107732e-01
-1.000000000000000000e+00 -2.675283385292209215e-01
-9.899999999999999911e-01 -2.038479758779608852e-01
-9.799999999999999822e-01 -1.392922960776314389e-01
-9.699999999999999734e-01 -7.413849929838592367e-02
-9.599999999999999645e-01 -8.666354006909468902e-03
-9.499999999999999556e-01 5.684300435106748317e-02
-9.399999999999999467e-01 1.221082805380096226e-01
-9.299999999999999378e-01 1.868492273979723284e-01
-9.200000000000000400e-01 2.507878492295517181e-01
-9.100000000000000311e-01 3.136495954911698303e-01
-9.000000000000000222e-01 3.751645397129355630e-01
-8.900000000000000133e-01 4.350685385528814675e-01
-8.800000000000000044e-01 4.931043660206273493e-01
-8.699999999999999956e-01 5.490228179981314627e-01
-8.599999999999999867e-01 6.025837823147709438e-01
-8.499999999999999778e-01 6.535572697818613497e-01
-8.399999999999999689e-01 7.017244017593968763e-01
-8.299999999999999600e-01 7.468783500144279275e-01
-8.200000000000000622e-01 7.888252248353404550e-01
-8.100000000000000533e-01 8.273849075885192361e-01
-8.000000000000000444e-01 8.623918241424016751e-01
-7.900000000000000355e-01 8.936956558378813531e-01
-7.800000000000000266e-01 9.211619849521591741e-01
-7.700000000000000178e-01 9.446728718844501493e-01
-7.600000000000000089e-01 9.641273615851255752e-01
-7.500000000000000000e-01 9.794419170536918795e-01
-7.399999999999999911e-01 9.905507780441897836e-01
-7.299999999999999822e-01 9.974062434377356512e-01
-7.199999999999999734e-01 9.999788760697069234e-01
-7.099999999999999645e-01 9.982576291320534034e-01
-6.999999999999999556e-01 9.922498936079611198e-01
-6.899999999999999467e-01 9.819814665351915828e-01
-6.799999999999999378e-01 9.674964402343682046e-01
-6.699999999999999289e-01 9.488570129778612916e-01
-6.599999999999999201e-01 9.261432219122562870e-01
-6.499999999999999112e-01 8.994525993812247933e-01
-6.400000000000000133e-01 8.688997541245406797e-01
-6.300000000000000044e-01 8.346158791515573272e-01
-6.199999999999999956e-01 7.967481884023254191e-01
-6.099999999999999867e-01 7.554592846153119767e-01
-5.999999999999999778e-01 7.109264611160703851e-01
-5.899999999999999689e-01 6.633409405249768298e-01
-5.800000000000000711e-01 6.129070536529770408e-01
-5.700000000000000622e-01 5.598413621111584249e-01
-5.600000000000000533e-01 5.043717284016330238e-01
-5.500000000000000444e-01 4.467363374827232336e-01
-5.400000000000000355e-01 3.871826740098308073e-01
-5.300000000000000266e-01 3.259664596436861461e-01
-5.200000000000000178e-01 2.633505549891342890e-01
-5.100000000000000089e-01 1.996038308795139438e-01
-5.000000000000000000e-01 1.350000138532901350e-01
-4.899999999999999911e-01 6.981651078043492331e-02
-4.799999999999999822e-01 4.333217685573566985e-03
-4.699999999999999734e-01 -6.116868211722541193e-02
-4.599999999999999645e-01 -1.264079254172426892e-01
-4.499999999999999556e-01 -1.911043768429749878e-01
-4.399999999999999467e-01 -2.549802317550911579e-01
-4.299999999999999378e-01 -3.177612091312992937e-01
-4.200000000000000400e-01 -3.791777293208998256e-01
-4.100000000000000311e-01 -4.389660716117970152e-01
-4.000000000000000222e-01 -4.968695066393919446e-01
-3.900000000000000133e-01 -5.526393987748473569e-01
-3.800000000000000044e-01 -6.060362737590844207e-01
-3.699999999999999956e-01 -6.568308469981347653e-01
-3.599999999999999867e-01 -7.048050081043713000e-01
-3.499999999999999778e-01 -7.497527574560280961e-01
-3.399999999999999689e-01 -7.914810907534541862e-01
-3.299999999999999600e-01 -8.298108277738384109e-01
-3.199999999999999512e-01 -8.645773817657609328e-01
-3.099999999999999423e-01 -8.956314661798113752e-01
-2.999999999999999334e-01 -9.228397357005929669e-01
-2.900000000000000355e-01 -9.460853588275452974e-01
-2.800000000000000266e-01 -9.652685195459341783e-01
-2.700000000000000178e-01 -9.803068459338510898e-01
-2.600000000000000089e-01 -9.911357638647979584e-01
-2.500000000000000000e-01 -9.977087742870679454e-01
-2.399999999999999911e-01 -9.999976528892888794e-01
-2.299999999999999822e-01 -9.979925712947798067e-01
-2.199999999999999734e-01 -9.917021392643061706e-01
-2.099999999999999645e-01 -9.811533677260257935e-01
-1.999999999999999556e-01 -9.663915527913624626e-01
-1.899999999999999467e-01 -9.474800812548533901e-01
-1.799999999999999378e-01 -9.245001584131353756e-01
-1.699999999999999289e-01 -8.975504593718165447e-01
-1.600000000000000311e-01 -8.667467053375050856e-01
-1.500000000000000222e-01 -8.322211667143862845e-01
-1.400000000000000133e-01 -7.941220951390419724e-01
-1.300000000000000044e-01 -7.526130868923279760e-01
-1.199999999999999956e-01 -7.078723804218067794e-01
-1.099999999999999867e-01 -6.600920909911514034e-01
-9.999999999999997780e-02 -6.094773857429162112e-01
-8.999999999999996891e-02 -5.562456027169223605e-01
-7.999999999999996003e-02 -5.006253176071772115e-01
-6.999999999999995115e-02 -4.428553622646373422e-01
-5.999999999999994227e-02 -3.831837991603406213e-01
-4.999999999999993339e-02 -3.218668562125288068e-01
-4.000000000000003553e-02 -2.591678265515840462e-01
-3.000000000000002665e-02 -1.953559379471496993e-01
-2.000000000000001776e-02 -1.307051967520956315e-01
-1.000000000000000888e-02 -6.549321132737989659e-02
0.000000000000000000e+00 0.000000000000000000e+00
9.999999999999999547e-07 -2.675251810021613136e-07
1.000100000000000121e-02 -2.357920495062011679e-03
2.000099999999999795e-02 -4.074161874179847188e-03
3.000099999999999642e-02 -5.141623154040209087e-03
4.000100000000000183e-02 -5.555720424786681627e-03
5.000100000000000378e-02 -5.314675635478318880e-03
6.000100000000000572e-02 -4.419523806403551427e-03
7.000100000000000766e-02 -2.874108697964871013e-03
8.000100000000001654e-02 -6.850662753457447025e-04
9.000100000000002542e-02 2.138203777996989727e-03
1.000010000000000343e-01 5.583578424472828913e-03
1.100010000000000432e-01 9.636263327736970322e-03
1.200010000000000521e-01 1.427885637928721918e-02
1.300010000000000610e-01 1.949142242255871155e-02
1.400010000000000698e-01 2.525157885390486023e-02
1.500010000000000787e-01 3.153459173282910366e-02
1.600010000000000876e-01 3.831348198879096223e-02
1.700010000000000965e-01 4.555914126853279761e-02
1.800010000000001054e-01 5.324045692648350647e-02
1.900010000000001142e-01 6.132444562153377410e-02
2.000010000000001231e-01 6.977639494652237984e-02
2.100010000000001320e-01 7.856001248228071387e-02
2.200010000000001409e-01 8.763758163620191666e-02
2.300010000000001498e-01 9.697012359616838384e-02
2.400010000000001587e-01 1.065175647044123985e-01
2.500010000000001398e-01 1.162389085326113874e-01
2.600010000000001487e-01 1.260924119193325144e-01
2.700010000000001575e-01 1.360357642139270462e-01
2.800010000000001664e-01 1.460262689572066341e-01
2.900010000000001753e-01 1.560210272187698421e-01
3.000010000000001842e-01 1.659771218037341955e-01
3.100010000000001931e-01 1.758518015378952026e-01
3.200010000000002020e-01 1.856026648399977386e-01
3.300010000000002108e-01 1.951878417928654685e-01
3.400010000000002197e-01 2.045661739315806915e-01
3.500010000000002286e-01 2.136973909767092561e-01
3.600010000000002375e-01 2.225422837536834009e-01
3.700010000000002464e-01 2.310628725558318552e-01
3.800010000000002552e-01 2.392225702281114141e-01
3.900010000000002641e-01 2.469863392712630390e-01
4.000010000000002730e-01 2.543208422917923039e-01
4.100010000000002819e-01 2.611945851517460393e-01
4.200010000000002908e-01 2.675780522036045328e-01
4.300010000000002997e-01 2.734438330295946851e-01
4.400010000000003085e-01 2.787667401412091128e-01
4.500010000000003174e-01 2.835239171335331432e-01
4.600010000000003263e-01 2.876949368299681065e-01
4.700010000000003352e-01 2.912618889959204260e-01
4.800010000000003441e-01 2.942094572448165635e-01
4.900010000000003529e-01 2.965249848062118110e-01
5.000010000000003618e-01 2.981985288735862771e-01
5.100010000000002597e-01 2.992229032984604076e-01
5.200010000000001575e-01 2.995937094475032425e-01
5.300010000000000554e-01 2.993093550901329558e-01
5.400009999999999533e-01 2.983710612355076619e-01
5.500009999999998511e-01 2.967828568895484742e-01
5.600009999999997490e-01 2.945515617545078624e-01
5.700009999999996468e-01 2.916867569453707176e-01
5.800009999999995447e-01 2.882007438488316531e-01
5.900009999999994426e-01 2.841084913015059499e-01
6.000009999999993404e-01 2.794275713141903261e-01
6.100009999999992383e-01 2.741780836181706427e-01
6.200009999999991361e-01 2.683825693575733751e-01
6.300009999999990340e-01 2.620659142983627343e-01
6.400009999999989319e-01 2.552552419696014208e-01
6.500009999999988297e-01 2.479797971958229430e-01
6.600009999999987276e-01 2.402708205206244285e-01
6.700009999999986254e-01 2.321614140607010379e-01
6.800009999999985233e-01 2.236863993663407990e-01
6.900009999999984212e-01 2.148821678987228034e-01
7.000009999999983190e-01 2.057865247660645713e-01
7.100009999999982169e-01 1.964385263896111233e-01
7.200009999999981147e-01 1.868783127965231716e-01
7.300009999999980126e-01 1.771469352597935254e-01
7.400009999999979105e-01 1.672861800253012121e-01
7.500009999999978083e-01 1.573383888829137101e-01
7.600009999999977062e-01 1.473462773520998748e-01
7.700009999999976040e-01 1.373527512627590319e-01
7.800009999999975019e-01 1.274007225188627801e-01
7.900009999999973997e-01 1.175329248360148932e-01
8.000009999999972976e-01 1.077917302441467468e-01
8.100009999999971955e-01 9.821896714328030853e-02
8.200009999999970933e-01 8.885574069362180138e-02
8.300009999999969912e-01 7.974225631122558444e-02
8.400009999999968890e-01 7.091764702713274082e-02
8.500009999999967869e-01 6.241980545129900693e-02
8.600009999999966848e-01 5.428522106285398746e-02
8.700009999999965826e-01 4.654882352536240248e-02
8.800009999999964805e-01 3.924383269988696021e-02
8.900009999999963783e-01 3.240161599989273278e-02
9.000009999999962762e-01 2.605155370050485364e-02
9.100009999999961741e-01 2.022091278048527077e-02
9.200009999999960719e-01 1.493472983861844280e-02
9.300009999999959698e-01 1.021570358736756737e-02
9.400009999999958676e-01 6.084097385027191669e-03
9.500009999999957655e-01 2.557652226400991373e-03
9.600009999999956634e-01 -3.484894399956757483e-04
9.700009999999955612e-01 -2.621848720123131238e-03
9.800009999999954591e-01 -4.252663907070163181e-03
9.900004999999978406e-01 -5.233899473753483682e-03
1.000000000000000000e+00 -5.561440538512172314e-03
1.009999999999999787e+00 -5.573760139401681690e-03
1.019999999999999574e+00 -5.606457051483408269e-03
1.029999999999999361e+00 -5.653078012999924670e-03
1.039999999999999147e+00 -5.707109975811769202e-03
1.049999999999998934e+00 -5.762008068336975722e-03
1.059999999999998721e+00 -5.811223700078919224e-03
1.069999999999998508e+00 -5.848232680799560906e-03
1.079999999999998295e+00 -5.866563235273345063e-03
1.089999999999998082e+00 -5.859823792877563199e-03
1.099999999999997868e+00 -5.821730432811998701e-03
1.109999999999997655e+00 -5.746133867066616045e-03
1.119999999999997442e+00 -5.627045845281871198e-03
1.129999999999997229e+00 -5.458664868117656110e-03
1.139999999999997016e+00 -5.235401098719042259e-03
1.149999999999996803e+00 -4.951900365309570319e-03
1.159999999999996589e+00 -4.603067151845710234e-03
1.169999999999996376e+00 -4.184086478011287726e-03
1.179999999999996163e+00 -3.690444574599837518e-03
1.189999999999995950e+00 -3.117948265505403847e-03
1.199999999999995737e+00 -2.462742973096098027e-03
1.209999999999995524e+00 -1.721329269655875278e-03
1.219999999999995310e+00 -8.905779038231245595e-04
1.229999999999995097e+00 3.225676249699971441e-05
1.239999999999994884e+00 1.049524964444212023e-03
1.249999999999994671e+00 2.163171442363267302e-03
1.259999999999994458e+00 3.374727091146725692e-03
1.269999999999994245e+00 4.685302386617791297e-03
1.279999999999994031e+00 6.095582617180135554e-03
1.289999999999993818e+00 7.605824941209860662e-03
1.299999999999993605e+00 9.215857282825078503e-03
1.309999999999993392e+00 1.092507907077463342e-02
1.319999999999993179e+00 1.273246381727319819e-02
1.329999999999992966e+00 1.463656352570931810e-02
1.339999999999992752e+00 1.663551490829981439e-02
1.349999999999992539e+00 1.872704738699213639e-02
1.359999999999992326e+00 2.090849284325903973e-02
1.369999999999992113e+00 2.317679707492022179e-02
1.379999999999991900e+00 2.552853291079569542e-02
1.389999999999991687e+00 2.795991492687697338e-02
1.399999999999991473e+00 3.046681570082523244e-02
1.409999999999991260e+00 3.304478353500015647e-02
1.419999999999991047e+00 3.568906157191727158e-02
1.429999999999990834e+00 3.839460822005258400e-02
1.439999999999990621e+00 4.115611880228673553e-02
1.449999999999990408e+00 4.396804833403086810e-02
1.459999999999990195e+00 4.682463533322561711e-02
1.469999999999989981e+00 4.971992655997382882e-02
1.479999999999989768e+00 5.264780257957570042e-02
1.489999999999989555e+00 5.560200403919950823e-02
1.499999999999989342e+00 5.857615854535658251e-02
1.509999999999989129e+00 6.156380802676954950e-02
1.519999999999988916e+00 6.455843646513841072e-02
1.529999999999988702e+00 6.755349787472945955e-02
1.539999999999988489e+00 7.054244441064343174e-02
1.549999999999988276e+00 7.351875448506686728e-02
1.559999999999988063e+00 7.647596077077631338e-02
1.569999999999987850e+00 7.940767797164921538e-02
1.579999999999987637e+00 8.230763024093563918e-02
1.589999999999987423e+00 8.516967812955768269e-02
1.599999999999987210e+00 8.798784494872131934e-02
1.609999999999986997e+00 9.075634243364040510e-02
1.619999999999986784e+00 9.346959559817362428e-02
1.629999999999986571e+00 9.612226667364928701e-02
1.639999999999986358e+00 9.870927802908531501e-02
1.649999999999986144e+00 1.012258339743857538e-01
1.659999999999985931e+00 1.036674413528915067e-01
1.669999999999985718e+00 1.060299288348614394e-01
1.679999999999985505e+00 1.083094648290383322e-01
1.689999999999985292e+00 1.105025739353878156e-01
1.699999999999985079e+00 1.126061518683628276e-01
1.709999999999984865e+00 1.146174787866134775e-01
1.719999999999984652e+00 1.165342309719049618e-01
1.729999999999984439e+00 1.183544908070945784e-01
1.739999999999984226e+00 1.200767550103227360e-01
1.749999999999984013e+00 1.216999410900605899e-01
1.759999999999983800e+00 1.232233919932964883e-01
1.769999999999983586e+00 1.246468789269020438e-01
1.779999999999983373e+00 1.259706023400630481e-01
1.789999999999983160e+00 1.271951910635566452e-01
1.799999999999982947e+00 1.283216996095706552e-01
1.809999999999982734e+00 1.293516036436595518e-01
1.819999999999982521e+00 1.302867936482804689e-01
1.829999999999982307e+00 1.311295668051176977e-01
1.839999999999982094e+00 1.318826171310528983e-01
1.849999999999981881e+00 1.325490239101365653e-01
1.859999999999981668e+00 1.331322384712339268e-01
1.869999999999981455e+00 1.336360693681213629e-01
1.879999999999981242e+00 1.340646660256697154e-01
1.889999999999981029e+00 1.344225009223372069e-01
1.899999999999980815e+00 1.347143503854799085e-01
1.909999999999980602e+00 1.349452740819440666e-01
1.919999999999980389e+00 1.351205932920069575e-01
1.929999999999980176e+00 1.352458680599578078e-01
1.939999999999979963e+00 1.353268733194321061e-01
1.949999999999979750e+00 1.353695740960212113e-01
1.959999999999979536e+00 1.353800998936183220e-01
1.969999999999979323e+00 1.353647183745539939e-01
1.979999999999979110e+00 1.353298084462797035e-01
1.989999999999978897e+00 1.352818328711089257e-01
1.994999999999989448e+00 1.352549812126841722e-01
2.000000000000000000e+00 1.352273105523913999e-01
2.009999999999999787e+00 1.351716539753832214e-01
2.019999999999999574e+00 1.351157669677216233e-01
2.029999999999999361e+00 1.350594779621596964e-01
2.039999999999999147e+00 1.350026802462139519e-01
2.049999999999998934e+00 1.349453324203861715e-01
2.059999999999998721e+00 1.348874585759311795e-01
2.069999999999998508e+00 1.348291481914098144e-01
2.079999999999998295e+00 1.347705557484706607e-01
2.089999999999998082e+00 1.347119000685104429e-01
2.099999999999997868e+00 1.346534633730613884e-01
2.109999999999997655e+00 1.345955900719404130e-01
2.119999999999997442e+00 1.345386852843636072e-01
2.129999999999997229e+00 1.344832130993763308e-01
2.139999999999997016e+00 1.344296945830686651e-01
2.149999999999996803e+00 1.343787055411331532e-01
2.159999999999996589e+00 1.343308740463721729e-01
2.169999999999996376e+00 1.342868777417720871e-01
2.179999999999996163e+00 1.342474409307243544e-01
2.189999999999995950e+00 1.342133314668882971e-01
2.199999999999995737e+00 1.341853574570503471e-01
2.209999999999995524e+00 1.341643637911374698e-01
2.219999999999995310e+00 1.341512285142849870e-01
2.229999999999995097e+00 1.341468590565368380e-01
2.239999999999994884e+00 1.341521883363679390e-01
2.249999999999994671e+00 1.341681707547600355e-01
2.259999999999994458e+00 1.341957780970321479e-01
2.269999999999994245e+00 1.342359953600233968e-01
2.279999999999994031e+00 1.342898165225458185e-01
2.289999999999993818e+00 1.343582402772688922e-01
2.299999999999993605e+00 1.344422657423628986e-01
2.309999999999993392e+00 1.345428881713152114e-01
2.319999999999993179e+00 1.346610946793413977e-01
2.329999999999992966e+00 1.347978600047418096e-01
2.339999999999992752e+00 1.349541423234043025e-01
2.349999999999992539e+00 1.351308791344255078e-01
2.359999999999992326e+00 1.353289832345175026e-01
2.369999999999992113e+00 1.355493387984858800e-01
2.379999999999991900e+00 1.357927975826094535e-01
2.389999999999991687e+00 1.360601752672240539e-01
2.399999999999991473e+00 1.363522479542154664e-01
2.409999999999991260e+00 1.366697488344609801e-01
2.419999999999991047e+00 1.370133650395295721e-01
2.429999999999990834e+00 1.373837346911593593e-01
2.439999999999990621e+00 1.377814441611817931e-01
2.449999999999990408e+00 1.382070255536585190e-01
2.459999999999990195e+00 1.386609544200422817e-01
2.469999999999989981e+00 1.391436477171731356e-01
2.479999999999989768e+00 1.396554620168782290e-01
2.489999999999989555e+00 1.401966919748629248e-01
2.499999999999989342e+00 1.407675690654679179e-01
2.509999999999989129e+00 1.413682605877253917e-01
2.519999999999988916e+00 1.419988689469818821e-01
2.529999999999988702e+00 1.426594312151727995e-01
2.539999999999988489e+00 1.433499189716366251e-01
2.549999999999988276e+00 1.440702384251523471e-01
2.559999999999988063e+00 1.448202308166762486e-01
2.569999999999987850e+00 1.455996731010484602e-01
2.579999999999987637e+00 1.464082789047422839e-01
2.589999999999987423e+00 1.472456997555436353e-01
2.599999999999987210e+00 1.481115265788802704e-01
2.609999999999986997e+00 1.490052914543759099e-01
2.619999999999986784e+00 1.499264696250864615e-01
2.629999999999986571e+00 1.508744817507906288e-01
2.639999999999986358e+00 1.518486963956597047e-01
2.649999999999986144e+00 1.528484327396242293e-01
2.659999999999985931e+00 1.538729635017950514e-01
2.669999999999985718e+00 1.549215180633859712e-01
2.679999999999985505e+00 1.559932857767278302e-01
2.689999999999985292e+00 1.570874194461654716e-01
2.699999999999985079e+00 1.582030389658908021e-01
2.709999999999984865e+00 1.593392350990908701e-01
2.719999999999984652e+00 1.604950733821838005e-01
2.729999999999984439e+00 1.616695981373775515e-01
2.739999999999984226e+00 1.628618365763219999e-01
2.749999999999984013e+00 1.640708029772332266e-01
2.759999999999983800e+00 1.652955029175534885e-01
2.769999999999983586e+00 1.665349375439721669e-01
2.779999999999983373e+00 1.677881078614721910e-01
2.789999999999983160e+00 1.690540190229849193e-01
2.799999999999982947e+00 1.703316846012338792e-01
2.809999999999982734e+00 1.716201308244242330e-01
2.819999999999982521e+00 1.729184007575898241e-01
2.829999999999982307e+00 1.742255584116435829e-01
2.839999999999982094e+00 1.755406927624867386e-01
2.849999999999981881e+00 1.768629216629193091e-01
2.859999999999981668e+00 1.781913956305539171e-01
2.869999999999981455e+00 1.795253014954678594e-01
2.879999999999981242e+00 1.808638658919307085e-01
2.889999999999981029e+00 1.822063585792136620e-01
2.899999999999980815e+00 1.835520955772215468e-01
2.909999999999980602e+00 1.849004421034830536e-01
2.919999999999980389e+00 1.862508152988877619e-01
2.929999999999980176e+00 1.876026867304658730e-01
2.939999999999979963e+00 1.889555846604636380e-01
2.949999999999979750e+00 1.903090960719712454e-01
2.959999999999979536e+00 1.916628684424052098e-01
2.969999999999979323e+00 1.930166112572298254e-01
2.979999999999979110e+00 1.943700972574178842e-01
2.989999999999978897e+00 1.957231634152943878e-01
2.994999999999989448e+00 1.963995059480767580e-01
3.000000000000000000e+00 1.970757118339378222e-01
3.009999999999999787e+00 1.984277067673343720e-01
3.019999999999999574e+00 1.997791441503901089e-01
3.029999999999999361e+00 2.011300207671599394e-01
3.039999999999999147e+00 2.024803320098114978e-01
3.049999999999998934e+00 2.038300725296970928e-01
3.059999999999998721e+00 2.051792368916066089e-01
3.069999999999998508e+00 2.065278202283920561e-01
3.079999999999998295e+00 2.078758188931530138e-01
3.089999999999998082e+00 2.092232311061822114e-01
3.099999999999997868e+00 2.105700575938936059e-01
3.109999999999997655e+00 2.119163022169890664e-01
3.119999999999997442e+00 2.132619725851666592e-01
3.129999999999997229e+00 2.146070806557307808e-01
3.139999999999997016e+00 2.159516433135338920e-01
3.149999999999996803e+00 2.172956829297593706e-01
3.159999999999996589e+00 2.186392278971462932e-01
3.169999999999996376e+00 2.199823131393578712e-01
3.179999999999996163e+00 2.213249805923062363e-01
3.189999999999995950e+00 2.226672796553668676e-01
3.199999999999995737e+00 2.240092676105450986e-01
3.209999999999995524e+00 2.253510100077948941e-01
3.219999999999995310e+00 2.266925810148352205e-01
3.229999999999995097e+00 2.280340637299620998e-01
3.239999999999994884e+00 2.293755504565129499e-01
3.249999999999994671e+00 2.307171429378047645e-01
3.259999999999994458e+00 2.320589525515373286e-01
3.269999999999994245e+00 2.334011004628266384e-01
3.279999999999994031e+00 2.347437177352115212e-01
3.289999999999993818e+00 2.360869453991566169e-01
3.299999999999993605e+00 2.374309344777577602e-01
3.309999999999993392e+00 2.387758459695392410e-01
3.319999999999993179e+00 2.401218507884169684e-01
3.329999999999992966e+00 2.414691296610851079e-01
3.339999999999992752e+00 2.428178729822670356e-01
3.349999999999992539e+00 2.441682806284520002e-01
3.359999999999992326e+00 2.455205617309174637e-01
3.369999999999992113e+00 2.468749344090115372e-01
3.379999999999991900e+00 2.482316254648409548e-01
3.389999999999991687e+00 2.495908700406755942e-01
3.399999999999991473e+00 2.509529112405404216e-01
3.409999999999991260e+00 2.523179997176202005e-01
3.419999999999991047e+00 2.536863932292479640e-01
3.429999999999990834e+00 2.550583561613887773e-01
3.439999999999990621e+00 2.564341590246601577e-01
3.449999999999990408e+00 2.578140779240535863e-01
3.459999999999990195e+00 2.591983940046337920e-01
3.469999999999989981e+00 2.605873928755961799e-01
3.479999999999989768e+00 2.619813640151554268e-01
3.489999999999989555e+00 2.633806001588206991e-01
3.499999999999989342e+00 2.647853966736838371e-01
3.509999999999989129e+00 2.661960509214080228e-01
3.519999999999988916e+00 2.676128616126515758e-01
3.529999999999988702e+00 2.690361281556991613e-01
3.539999999999988489e+00 2.704661500020975051e-01
3.549999999999988276e+00 2.719032259921054240e-01
3.559999999999988063e+00 2.733476537027685338e-01
3.569999999999987850e+00 2.747997288014182860e-01
3.579999999999987637e+00 2.762597444073711106e-01
3.589999999999987423e+00 2.777279904645688635e-01
3.599999999999987210e+00 2.792047531278541439e-01
3.609999999999986997e+00 2.806903141655158196e-01
3.619999999999986784e+00 2.821849503806703185e-01
3.629999999999986571e+00 2.836889330539633658e-01
3.639999999999986358e+00 2.852025274099848628e-01
3.649999999999986144e+00 2.867259921096884101e-01
3.659999999999985931e+00 2.882595787709946733e-01
3.669999999999985718e+00 2.898035315196376693e-01
3.679999999999985505e+00 2.913580865721820401e-01
3.689999999999985292e+00 2.929234718530021042e-01
3.699999999999985079e+00 2.944999066468674265e-01
3.709999999999984865e+00 2.960876012886263231e-01
3.719999999999984652e+00 2.976867568913204587e-01
3.729999999999984439e+00 2.992975651138972681e-01
3.739999999999984226e+00 3.009202079695181831e-01
3.749999999999984013e+00 3.025548576752854490e-01
3.759999999999983800e+00 3.042016765440330728e-01
3.769999999999983586e+00 3.058608169186461945e-01
3.779999999999983373e+00 3.075324211491912707e-01
3.789999999999983160e+00 3.092166216129552114e-01
3.799999999999982947e+00 3.109135407773070958e-01
3.809999999999982734e+00 3.126232913051129603e-01
3.819999999999982521e+00 3.143459762022507986e-01
3.829999999999982307e+00 3.160816890065922258e-01
3.839999999999982094e+00 3.178305140176397869e-01
3.849999999999981881e+00 3.195925265658333125e-01
3.859999999999981668e+00 3.213677933203692438e-01
3.869999999999981455e+00 3.231563726342109311e-01
3.879999999999981242e+00 3.249583149248089220e-01
3.889999999999981029e+00 3.267736630888957161e-01
3.899999999999980815e+00 3.286024529495746305e-01
3.909999999999980602e+00 3.304447137337823137e-01
3.919999999999980389e+00 3.323004685780751588e-01
3.929999999999980176e+00 3.341697350605675187e-01
3.939999999999979963e+00 3.360525257567379409e-01
3.949999999999979750e+00 3.379488488167163296e-01
3.959999999999979536e+00 3.398587085615734082e-01
3.969999999999979323e+00 3.417821060960523627e-01
3.979999999999979110e+00 3.437190399351108816e-01
3.989999999999978897e+00 3.456695066415839124e-01
3.999999999999978684e+00 3.476335014742678031e-01
4.009999999999979359e+00 3.496110190311250698e-01
4.019999999999980034e+00 3.516020537515546773e-01
4.029999999999980709e+00 3.536066000453808034e-01
4.039999999999981384e+00 3.556246522827681278e-01
4.049999999999982059e+00 3.576562047835544211e-01
4.059999999999982734e+00 3.597012518131125214e-01
4.069999999999983409e+00 3.617597875847585742e-01
4.079999999999984084e+00 3.638318062686970999e-01
4.089999999999984759e+00 3.659173020074635851e-01
4.099999999999985434e+00 3.680162689377990959e-01
4.109999999999986109e+00 3.701287012188625991e-01
4.119999999999986784e+00 3.722545930666597003e-01
4.129999999999987459e+00 3.743939387945401376e-01
4.139999999999988134e+00 3.765467328595905050e-01
4.149999999999988809e+00 3.787129699147221418e-01
4.159999999999989484e+00 3.808926448662313669e-01
4.169999999999990159e+00 3.830857529365844227e-01
4.179999999999990834e+00 3.852922897321576778e-01
4.189999999999991509e+00 3.875122513156420423e-01
4.199999999999992184e+00 3.897456342828010678e-01
4.209999999999992859e+00 3.919924358432528844e-01
4.219999999999993534e+00 3.942526539049289735e-01
4.229999999999994209e+00 3.965262871618472906e-01
4.239999999999994884e+00 3.988133351848229813e-01
4.249999999999995559e+00 4.011137985147268381e-01
4.259999999999996234e+00 4.034276787578913170e-01
4.269999999999996909e+00 4.057549786832542749e-01
4.279999999999997584e+00 4.080957023208235390e-01
4.289999999999998259e+00 4.104498550610390928e-01
4.299999999999998934e+00 4.128174437546066611e-01
4.309999999999999609e+00 4.151984768123738179e-01
4.320000000000000284e+00 4.175929643048196249e-01
4.330000000000000959e+00 4.200009180607308101e-01
4.340000000000001634e+00 4.224223517646405468e-01
4.350000000000002309e+00 4.248572810526119459e-01
4.360000000000002984e+00 4.273057236059540909e-01
4.370000000000003659e+00 4.297676992424690479e-01
4.380000000000004334e+00 4.322432300048376086e-01
4.390000000000005009e+00 4.347323402457643482e-01
4.400000000000005684e+00 4.372350567095162899e-01
4.410000000000006359e+00 4.397514086095052344e-01
4.420000000000007034e+00 4.422814277015805207e-01
4.430000000000007709e+00 4.448251483527172478e-01
4.440000000000008384e+00 4.473826076048056932e-01
4.450000000000009059e+00 4.499538452332672023e-01
4.460000000000009734e+00 4.525389038002454178e-01
4.470000000000010409e+00 4.551378287021442537e-01
4.480000000000011084e+00 4.577506682113083869e-01
4.490000000000011759e+00 4.603774735116676897e-01
4.500000000000012434e+00 4.630182987281918350e-01
4.510000000000013110e+00 4.656732009500293978e-01
4.520000000000013785e+00 4.683422402472315338e-01
4.530000000000014460e+00 4.710254796809886790e-01
4.540000000000015135e+00 4.737229853073361974e-01
4.550000000000015810e+00 4.764348261743130419e-01
4.560000000000016485e+00 4.791610743125860328e-01
4.570000000000017160e+00 4.819018047195792742e-01
4.580000000000017835e+00 4.846570953371773793e-01
4.590000000000018510e+00 4.874270270230983138e-01
4.600000000000019185e+00 4.902116835160584274e-01
4.610000000000019860e+00 4.930111513948794988e-01
4.620000000000020535e+00 4.958255200317130962e-01
4.630000000000021210e+00 4.986548815395837608e-01
4.640000000000021885e+00 5.014993307144753887e-01
4.650000000000022560e+00 5.043589649722101109e-01
4.660000000000023235e+00 5.072338842803906234e-01
4.670000000000023910e+00 5.101241910856978423e-01
4.680000000000024585e+00 5.130299902368565812e-01
4.690000000000025260e+00 5.159513889035998169e-01
4.700000000000025935e+00 5.188884964919789899e-01
4.710000000000026610e+00 5.218414245563851583e-01
4.720000000000027285e+00 5.248102867086577028e-01
4.730000000000027960e+00 5.277951985246712718e-01
4.740000000000028635e+00 5.307962774488023117e-01
4.750000000000029310e+00 5.338136426966847425e-01
4.760000000000029985e+00 5.368474151566732244e-01
4.770000000000030660e+00 5.398977172904365629e-01
4.780000000000031335e+00 5.429646730331080251e-01
4.790000000000032010e+00 5.460484076934213338e-01
4.800000000000032685e+00 5.491490478542622178e-01
4.810000000000033360e+00 5.522667212740602904e-01
4.820000000000034035e+00 5.554015567894474703e-01
4.830000000000034710e+00 5.585536842195981677e-01
4.840000000000035385e+00 5.617232342726644623e-01
4.850000000000036060e+00 5.649103384547060624e-01
4.860000000000036735e+00 5.681151289815075112e-01
4.870000000000037410e+00 5.713377386936601132e-01
4.880000000000038085e+00 5.745783009752744031e-01
4.890000000000038760e+00 5.778369496766713187e-01
4.900000000000039435e+00 5.811138190413845939e-01
4.910000000000040110e+00 5.844090436377870068e-01
4.920000000000040785e+00 5.877227582956353613e-01
4.930000000000041460e+00 5.910550980478052052e-01
4.940000000000042135e+00 5.944061980774670850e-01
4.950000000000042810e+00 5.977761936709294899e-01
4.960000000000043485e+00 6.011652201763522108e-01
4.970000000000044160e+00 6.045734129685069735e-01
4.980000000000044835e+00 6.080009074197364471e-01
4.990000000000021529e+00 6.114478388772289774e-01
5.000000000000000000e+00 6.149143426467541529e-01
