-1.000010000000000066e+00 3.448275862068964082e-01
-1.000000000000000000e+00 3.448275862068964082e-01
-9.899999999999999911e-01 3.448275862068963526e-01
-9.799999999999999822e-01 3.448275862068963526e-01
-9.699999999999999734e-01 3.448275862068962971e-01
-9.599999999999999645e-01 3.448275862068963526e-01
-9.499999999999999556e-01 3.448275862068963526e-01
-9.399999999999999467e-01 3.448275862068962971e-01
-9.299999999999999378e-01 3.448275862068963526e-01
-9.200000000000000400e-01 3.448275862068962971e-01
-9.100000000000000311e-01 3.448275862068964082e-01
-9.000000000000000222e-01 3.448275862068962971e-01
-8.900000000000000133e-01 3.448275862068964637e-01
-8.800000000000000044e-01 3.448275862068963526e-01
-8.699999999999999956e-01 3.448275862068963526e-01
-8.599999999999999867e-01 3.448275862068962971e-01
-8.499999999999999778e-01 3.448275862068964082e-01
-8.399999999999999689e-01 3.448275862068965192e-01
-8.299999999999999600e-01 3.448275862068962971e-01
-8.200000000000000622e-01 3.448275862068964637e-01
-8.100000000000000533e-01 3.448275862068964637e-01
-8.000000000000000444e-01 3.448275862068964082e-01
-7.900000000000000355e-01 3.448275862068963526e-01
-7.800000000000000266e-01 3.448275862068963526e-01
-7.700000000000000178e-01 3.448275862068963526e-01
-7.600000000000000089e-01 3.448275862068963526e-01
-7.500000000000000000e-01 3.448275862068963526e-01
-7.399999999999999911e-01 3.448275862068963526e-01
-7.299999999999999822e-01 3.448275862068963526e-01
-7.199999999999999734e-01 3.448275862068963526e-01
-7.099999999999999645e-01 3.448275862068963526e-01
-6.999999999999999556e-01 3.448275862068963526e-01
-6.899999999999999467e-01 3.448275862068963526e-01
-6.799999999999999378e-01 3.448275862068963526e-01
-6.699999999999999289e-01 3.448275862068963526e-01
-6.599999999999999201e-01 3.448275862068963526e-01
-6.499999999999999112e-01 3.448275862068962971e-01
-6.400000000000000133e-01 3.448275862068964637e-01
-6.300000000000000044e-01 3.448275862068964637e-01
-6.199999999999999956e-01 3.448275862068963526e-01
-6.099999999999999867e-01 3.448275862068963526e-01
-5.999999999999999778e-01 3.448275862068963526e-01
-5.899999999999999689e-01 3.448275862068962971e-01
-5.800000000000000711e-01 3.448275862068964637e-01
-5.700000000000000622e-01 3.448275862068964637e-01
-5.600000000000000533e-01 3.448275862068964082e-01
-5.500000000000000444e-01 3.448275862068963526e-01
-5.400000000000000355e-01 3.448275862068963526e-01
-5.300000000000000266e-01 3.448275862068963526e-01
-5.200000000000000178e-01 3.448275862068963526e-01
-5.100000000000000089e-01 3.448275862068963526e-01
-5.000000000000000000e-01 3.448275862068963526e-01
-4.899999999999999911e-01 3.448275862068963526e-01
-4.799999999999999822e-01 3.448275862068963526e-01
-4.699999999999999734e-01 3.448275862068963526e-01
-4.599999999999999645e-01 3.448275862068963526e-01
-4.499999999999999556e-01 3.448275862068963526e-01
-4.399999999999999467e-01 3.448275862068963526e-01
-4.299999999999999378e-01 3.448275862068962971e-01
-4.200000000000000400e-01 3.448275862068964637e-01
-4.100000000000000311e-01 3.448275862068964637e-01
-4.000000000000000222e-01 3.448275862068964082e-01
-3.900000000000000133e-01 3.448275862068963526e-01
-3.800000000000000044e-01 3.448275862068963526e-01
-3.699999999999999956e-01 3.448275862068963526e-01
-3.599999999999999867e-01 3.448275862068963526e-01
-3.499999999999999778e-01 3.448275862068963526e-01
-3.399999999999999689e-01 3.448275862068963526e-01
-3.299999999999999600e-01 3.448275862068963526e-01
-3.199999999999999512e-01 3.448275862068963526e-01
-3.099999999999999423e-01 3.448275862068963526e-01
-2.999999999999999334e-01 3.448275862068962971e-01
-2.900000000000000355e-01 3.448275862068964637e-01
-2.800000000000000266e-01 3.448275862068964637e-01
-2.700000000000000178e-01 3.448275862068964082e-01
-2.600000000000000089e-01 3.448275862068963526e-01
-2.500000000000000000e-01 3.448275862068963526e-01
-2.399999999999999911e-01 3.448275862068963526e-01
-2.299999999999999822e-01 3.448275862068963526e-01
-2.199999999999999734e-01 3.448275862068963526e-01
-2.099999999999999645e-01 3.448275862068963526e-01
-1.999999999999999556e-01 3.448275862068963526e-01
-1.899999999999999467e-01 3.448275862068963526e-01
-1.799999999999999378e-01 3.448275862068963526e-01
-1.699999999999999289e-01 3.448275862068962971e-01
-1.600000000000000311e-01 3.448275862068964637e-01
-1.500000000000000222e-01 3.448275862068964637e-01
-1.400000000000000133e-01 3.448275862068964082e-01
-1.300000000000000044e-01 3.448275862068963526e-01
-1.199999999999999956e-01 3.448275862068963526e-01
-1.099999999999999867e-01 3.448275862068963526e-01
-9.999999999999997780e-02 3.448275862068963526e-01
-8.999999999999996891e-02 3.448275862068963526e-01
-7.999999999999996003e-02 3.448275862068963526e-01
-6.999999999999995115e-02 3.448275862068963526e-01
-5.999999999999994227e-02 3.448275862068964082e-01
-4.999999999999993339e-02 3.448275862068963526e-01
-4.000000000000003553e-02 3.448275862068963526e-01
-3.000000000000002665e-02 3.448275862068964082e-01
-2.000000000000001776e-02 3.448275862068964082e-01
-1.000000000000000888e-02 3.448275862068963526e-01
0.000000000000000000e+00 3.448275862068963526e-01
9.999999999999999547e-07 3.448279310344825599e-01
1.000100000000000121e-02 3.482762068965515323e-01
2.000099999999999795e-02 3.517244827586205047e-01
3.000099999999999642e-02 3.551727586206894771e-01
4.000100000000000183e-02 3.586210344827584495e-01
5.000100000000000378e-02 3.620693103448274219e-01
6.000100000000000572e-02 3.655175862068963943e-01
7.000100000000000766e-02 3.689658620689653667e-01
8.000100000000001654e-02 3.724141379310343392e-01
9.000100000000002542e-02 3.758624137931033116e-01
1.000010000000000343e-01 3.793106896551722840e-01
1.100010000000000432e-01 3.827589655172412564e-01
1.200010000000000521e-01 3.862072413793102288e-01
1.300010000000000610e-01 3.896555172413792012e-01
1.400010000000000698e-01 3.931037931034481736e-01
1.500010000000000787e-01 3.965520689655171460e-01
1.600010000000000876e-01 4.000003448275861184e-01
1.700010000000000965e-01 4.034486206896550908e-01
1.800010000000001054e-01 4.068968965517240632e-01
1.900010000000001142e-01 4.103451724137930356e-01
2.000010000000001231e-01 4.137934482758620081e-01
2.100010000000001320e-01 4.172417241379309805e-01
2.200010000000001409e-01 4.206899999999999529e-01
2.300010000000001498e-01 4.241382758620689253e-01
2.400010000000001587e-01 4.275865517241378977e-01
2.500010000000001398e-01 4.310348275862068701e-01
2.600010000000001487e-01 4.344831034482758425e-01
2.700010000000001575e-01 4.379313793103448149e-01
2.800010000000001664e-01 4.413796551724137873e-01
2.900010000000001753e-01 4.448279310344827597e-01
3.000010000000001842e-01 4.482762068965517321e-01
3.100010000000001931e-01 4.517244827586207045e-01
3.200010000000002020e-01 4.551727586206896770e-01
3.300010000000002108e-01 4.586210344827586494e-01
3.400010000000002197e-01 4.620693103448276218e-01
3.500010000000002286e-01 4.655175862068965942e-01
3.600010000000002375e-01 4.689658620689655666e-01
3.700010000000002464e-01 4.724141379310345390e-01
3.800010000000002552e-01 4.758624137931035114e-01
3.900010000000002641e-01 4.793106896551724838e-01
4.000010000000002730e-01 4.827589655172414562e-01
4.100010000000002819e-01 4.862072413793104286e-01
4.200010000000002908e-01 4.896555172413794010e-01
4.300010000000002997e-01 4.931037931034483734e-01
4.400010000000003085e-01 4.965520689655173459e-01
4.500010000000003174e-01 5.000003448275862628e-01
4.600010000000003263e-01 5.034486206896552352e-01
4.700010000000003352e-01 5.068968965517242076e-01
4.800010000000003441e-01 5.103451724137931800e-01
4.900010000000003529e-01 5.137934482758621524e-01
5.000010000000003618e-01 5.172417241379311248e-01
5.100010000000002597e-01 5.206900000000000972e-01
5.200010000000001575e-01 5.241382758620690696e-01
5.300010000000000554e-01 5.275865517241380420e-01
5.400009999999999533e-01 5.310348275862070144e-01
5.500009999999998511e-01 5.344831034482759868e-01
5.600009999999997490e-01 5.379313793103449592e-01
5.700009999999996468e-01 5.413796551724139317e-01
5.800009999999995447e-01 5.448279310344829041e-01
5.900009999999994426e-01 5.482762068965518765e-01
6.000009999999993404e-01 5.517244827586208489e-01
6.100009999999992383e-01 5.551727586206898213e-01
6.200009999999991361e-01 5.586210344827587937e-01
6.300009999999990340e-01 5.620693103448277661e-01
6.400009999999989319e-01 5.655175862068967385e-01
6.500009999999988297e-01 5.689658620689657109e-01
6.600009999999987276e-01 5.724141379310346833e-01
6.700009999999986254e-01 5.758624137931036557e-01
6.800009999999985233e-01 5.793106896551726281e-01
6.900009999999984212e-01 5.827589655172416006e-01
7.000009999999983190e-01 5.862072413793105730e-01
7.100009999999982169e-01 5.896555172413795454e-01
7.200009999999981147e-01 5.931037931034485178e-01
7.300009999999980126e-01 5.965520689655174902e-01
7.400009999999979105e-01 6.000003448275864626e-01
7.500009999999978083e-01 6.034486206896554350e-01
7.600009999999977062e-01 6.068968965517244074e-01
7.700009999999976040e-01 6.103451724137933798e-01
7.800009999999975019e-01 6.137934482758623522e-01
7.900009999999973997e-01 6.172417241379313246e-01
8.000009999999972976e-01 6.206900000000002970e-01
8.100009999999971955e-01 6.241382758620692695e-01
8.200009999999970933e-01 6.275865517241382419e-01
8.300009999999969912e-01 6.310348275862072143e-01
8.400009999999968890e-01 6.344831034482761867e-01
8.500009999999967869e-01 6.379313793103451591e-01
8.600009999999966848e-01 6.413796551724141315e-01
8.700009999999965826e-01 6.448279310344831039e-01
8.800009999999964805e-01 6.482762068965520763e-01
8.900009999999963783e-01 6.517244827586210487e-01
9.000009999999962762e-01 6.551727586206900211e-01
9.100009999999961741e-01 6.586210344827589935e-01
9.200009999999960719e-01 6.620693103448279659e-01
9.300009999999959698e-01 6.655175862068969384e-01
9.400009999999958676e-01 6.689658620689659108e-01
9.500009999999957655e-01 6.724141379310348832e-01
9.600009999999956634e-01 6.758624137931038556e-01
9.700009999999955612e-01 6.793106896551728280e-01
9.800009999999954591e-01 6.827589655172418004e-01
9.900004999999978406e-01 6.862070689655184186e-01
1.000000000000000000e+00 6.896551724137950368e-01
1.009999999999999787e+00 6.931206896551743712e-01
1.019999999999999574e+00 6.966206896551743188e-01
1.029999999999999361e+00 7.001551724137949906e-01
1.039999999999999147e+00 7.037241379310363865e-01
1.049999999999998934e+00 7.073275862068983955e-01
1.059999999999998721e+00 7.109655172413811286e-01
1.069999999999998508e+00 7.146379310344845859e-01
1.079999999999998295e+00 7.183448275862087673e-01
1.089999999999998082e+00 7.220862068965535618e-01
1.099999999999997868e+00 7.258620689655190805e-01
1.109999999999997655e+00 7.296724137931053233e-01
1.119999999999997442e+00 7.335172413793121793e-01
1.129999999999997229e+00 7.373965517241397594e-01
1.139999999999997016e+00 7.413103448275880636e-01
1.149999999999996803e+00 7.452586206896569809e-01
1.159999999999996589e+00 7.492413793103466224e-01
1.169999999999996376e+00 7.532586206896569880e-01
1.179999999999996163e+00 7.573103448275879668e-01
1.189999999999995950e+00 7.613965517241396697e-01
1.199999999999995737e+00 7.655172413793120967e-01
1.209999999999995524e+00 7.696724137931051368e-01
1.219999999999995310e+00 7.738620689655189011e-01
1.229999999999995097e+00 7.780862068965533895e-01
1.239999999999994884e+00 7.823448275862084911e-01
1.249999999999994671e+00 7.866379310344843168e-01
1.259999999999994458e+00 7.909655172413808666e-01
1.269999999999994245e+00 7.953275862068981406e-01
1.279999999999994031e+00 7.997241379310360276e-01
1.289999999999993818e+00 8.041551724137946389e-01
1.299999999999993605e+00 8.086206896551739742e-01
1.309999999999993392e+00 8.131206896551739227e-01
1.319999999999993179e+00 8.176551724137945953e-01
1.329999999999992966e+00 8.222241379310359921e-01
1.339999999999992752e+00 8.268275862068980020e-01
1.349999999999992539e+00 8.314655172413807360e-01
1.359999999999992326e+00 8.361379310344841942e-01
1.369999999999992113e+00 8.408448275862082655e-01
1.379999999999991900e+00 8.455862068965530609e-01
1.389999999999991687e+00 8.503620689655185805e-01
1.399999999999991473e+00 8.551724137931047132e-01
1.409999999999991260e+00 8.600172413793115700e-01
1.419999999999991047e+00 8.648965517241391510e-01
1.429999999999990834e+00 8.698103448275873451e-01
1.439999999999990621e+00 8.747586206896562633e-01
1.449999999999990408e+00 8.797413793103459057e-01
1.459999999999990195e+00 8.847586206896562722e-01
1.469999999999989981e+00 8.898103448275872518e-01
1.479999999999989768e+00 8.948965517241389556e-01
1.489999999999989555e+00 9.000172413793113835e-01
1.499999999999989342e+00 9.051724137931044245e-01
1.509999999999989129e+00 9.103620689655181897e-01
1.519999999999988916e+00 9.155862068965526790e-01
1.529999999999988702e+00 9.208448275862077814e-01
1.539999999999988489e+00 9.261379310344836080e-01
1.549999999999988276e+00 9.314655172413801587e-01
1.559999999999988063e+00 9.368275862068973225e-01
1.569999999999987850e+00 9.422241379310352105e-01
1.579999999999987637e+00 9.476551724137938226e-01
1.589999999999987423e+00 9.531206896551730479e-01
1.599999999999987210e+00 9.586206896551729972e-01
1.609999999999986997e+00 9.641551724137936707e-01
1.619999999999986784e+00 9.697241379310349574e-01
1.629999999999986571e+00 9.753275862068969682e-01
1.639999999999986358e+00 9.809655172413797031e-01
1.649999999999986144e+00 9.866379310344831621e-01
1.659999999999985931e+00 9.923448275862072343e-01
1.669999999999985718e+00 9.980862068965520306e-01
1.679999999999985505e+00 1.003862068965517551e+00
1.689999999999985292e+00 1.009672413793103685e+00
1.699999999999985079e+00 1.015517241379310542e+00
1.709999999999984865e+00 1.021396551724138124e+00
1.719999999999984652e+00 1.027310344827586430e+00
1.729999999999984439e+00 1.033258620689655460e+00
1.739999999999984226e+00 1.039241379310344993e+00
1.749999999999984013e+00 1.045258620689655249e+00
1.759999999999983800e+00 1.051310344827586229e+00
1.769999999999983586e+00 1.057396551724137934e+00
1.779999999999983373e+00 1.063517241379310363e+00
1.789999999999983160e+00 1.069672413793103516e+00
1.799999999999982947e+00 1.075862068965517171e+00
1.809999999999982734e+00 1.082086206896551550e+00
1.819999999999982521e+00 1.088344827586206653e+00
1.829999999999982307e+00 1.094637931034482481e+00
1.839999999999982094e+00 1.100965517241379032e+00
1.849999999999981881e+00 1.107327586206896308e+00
1.859999999999981668e+00 1.113724137931034086e+00
1.869999999999981455e+00 1.120155172413792588e+00
1.879999999999981242e+00 1.126620689655171814e+00
1.889999999999981029e+00 1.133120689655171764e+00
1.899999999999980815e+00 1.139655172413792439e+00
1.909999999999980602e+00 1.146224137931033837e+00
1.919999999999980389e+00 1.152827586206895960e+00
1.929999999999980176e+00 1.159465517241378585e+00
1.939999999999979963e+00 1.166137931034481934e+00
1.949999999999979750e+00 1.172844827586206007e+00
1.959999999999979536e+00 1.179586206896550804e+00
1.969999999999979323e+00 1.186362068965516325e+00
1.979999999999979110e+00 1.193172413793102571e+00
1.989999999999978897e+00 1.200017241379309318e+00
1.994999999999989448e+00 1.203452586206902764e+00
2.000000000000000000e+00 1.206896551724151445e+00
2.009999999999999787e+00 1.213810402298864055e+00
2.019999999999999574e+00 1.220759080459783652e+00
2.029999999999999361e+00 1.227742931034496277e+00
2.039999999999999147e+00 1.234762298850588191e+00
2.049999999999998934e+00 1.241817528735645659e+00
2.059999999999998721e+00 1.248908965517254943e+00
2.069999999999998508e+00 1.256036954023002084e+00
2.079999999999998295e+00 1.263201839080473343e+00
2.089999999999998082e+00 1.270403965517254985e+00
2.099999999999997868e+00 1.277643678160933272e+00
2.109999999999997655e+00 1.284921321839094244e+00
2.119999999999997442e+00 1.292237241379324164e+00
2.129999999999997229e+00 1.299591781609209296e+00
2.139999999999997016e+00 1.306985287356335679e+00
2.149999999999996803e+00 1.314418103448289799e+00
2.159999999999996589e+00 1.321890574712657695e+00
2.169999999999996376e+00 1.329403045977025632e+00
2.179999999999996163e+00 1.336955862068979650e+00
2.189999999999995950e+00 1.344549367816106011e+00
2.199999999999995737e+00 1.352183908045990979e+00
2.209999999999995524e+00 1.359859827586220815e+00
2.219999999999995310e+00 1.367577471264381783e+00
2.229999999999995097e+00 1.375337183908059924e+00
2.239999999999994884e+00 1.383139310344841499e+00
2.249999999999994671e+00 1.390984195402312773e+00
2.259999999999994458e+00 1.398872183908060007e+00
2.269999999999994245e+00 1.406803620689669243e+00
2.279999999999994031e+00 1.414778850574726743e+00
2.289999999999993818e+00 1.422798218390818770e+00
2.299999999999993605e+00 1.430862068965531364e+00
2.309999999999993392e+00 1.438970747126451011e+00
2.319999999999993179e+00 1.447124597701163751e+00
2.329999999999992966e+00 1.455323965517255624e+00
2.339999999999992752e+00 1.463569195402313117e+00
2.349999999999992539e+00 1.471860632183922268e+00
2.359999999999992326e+00 1.480198620689669342e+00
2.369999999999992113e+00 1.488583505747140601e+00
2.379999999999991900e+00 1.497015632183922307e+00
2.389999999999991687e+00 1.505495344827600501e+00
2.399999999999991473e+00 1.514022988505761447e+00
2.409999999999991260e+00 1.522598908045991406e+00
2.419999999999991047e+00 1.531223448275876420e+00
2.429999999999990834e+00 1.539896954023002973e+00
2.439999999999990621e+00 1.548619770114957106e+00
2.449999999999990408e+00 1.557392241379324860e+00
2.459999999999990195e+00 1.566214712643692719e+00
2.469999999999989981e+00 1.575087528735646725e+00
2.479999999999989768e+00 1.584011034482773139e+00
2.489999999999989555e+00 1.592985574712658225e+00
2.499999999999989342e+00 1.602011494252888024e+00
2.509999999999989129e+00 1.611089137931049020e+00
2.519999999999988916e+00 1.620218850574727254e+00
2.529999999999988702e+00 1.629400977011508767e+00
2.539999999999988489e+00 1.638635862068980042e+00
2.549999999999988276e+00 1.647923850574727123e+00
2.559999999999988063e+00 1.657265287356336270e+00
2.569999999999987850e+00 1.666660517241393746e+00
2.579999999999987637e+00 1.676109885057485815e+00
2.589999999999987423e+00 1.685613735632198518e+00
2.599999999999987210e+00 1.695172413793118116e+00
2.609999999999986997e+00 1.704786264367830873e+00
2.619999999999986784e+00 1.714455632183922829e+00
2.629999999999986571e+00 1.724180862068980247e+00
2.639999999999986358e+00 1.733962298850589390e+00
2.649999999999986144e+00 1.743800287356336520e+00
2.659999999999985931e+00 1.753695172413807679e+00
2.669999999999985718e+00 1.763647298850589351e+00
2.679999999999985505e+00 1.773657011494267577e+00
2.689999999999985292e+00 1.783724655172428397e+00
2.699999999999985079e+00 1.793850574712658297e+00
2.709999999999984865e+00 1.804035114942543316e+00
2.719999999999984652e+00 1.814278620689669719e+00
2.729999999999984439e+00 1.824581436781623767e+00
2.739999999999984226e+00 1.834943908045991501e+00
2.749999999999984013e+00 1.845366379310359406e+00
2.759999999999983800e+00 1.855849195402313523e+00
2.769999999999983586e+00 1.866392701149439892e+00
2.779999999999983373e+00 1.876997241379324999e+00
2.789999999999983160e+00 1.887663160919554883e+00
2.799999999999982947e+00 1.898390804597715809e+00
2.809999999999982734e+00 1.909180517241394037e+00
2.819999999999982521e+00 1.920032643678175610e+00
2.829999999999982307e+00 1.930947528735646790e+00
2.839999999999982094e+00 1.941925517241393839e+00
2.849999999999981881e+00 1.952966954023003021e+00
2.859999999999981668e+00 1.964072183908060598e+00
2.869999999999981455e+00 1.975241551724152611e+00
2.879999999999981242e+00 1.986475402298865323e+00
2.889999999999981029e+00 1.997774080459784773e+00
2.899999999999980815e+00 2.009137931034497448e+00
2.909999999999980602e+00 2.020567298850589388e+00
2.919999999999980389e+00 2.032062528735646634e+00
2.929999999999980176e+00 2.043623965517255670e+00
2.939999999999979963e+00 2.055251954023002980e+00
2.949999999999979750e+00 2.066946839080474163e+00
2.959999999999979536e+00 2.078708965517255702e+00
2.969999999999979323e+00 2.090538678160933639e+00
2.979999999999979110e+00 2.102436321839094457e+00
2.989999999999978897e+00 2.114402241379324199e+00
2.994999999999989448e+00 2.120410912356348376e+00
3.000000000000000000e+00 2.126436781609234661e+00
3.009999999999999787e+00 2.138540287488066127e+00
3.019999999999999574e+00 2.150713105723219609e+00
3.029999999999999361e+00 2.162955586314694756e+00
3.039999999999999147e+00 2.175268082710767548e+00
3.049999999999998934e+00 2.187650951807989852e+00
3.059999999999998721e+00 2.200104553951189423e+00
3.069999999999998508e+00 2.212629252933469459e+00
3.079999999999998295e+00 2.225225415996209044e+00
3.089999999999998082e+00 2.237893413829063594e+00
3.099999999999997868e+00 2.250633620569963966e+00
3.109999999999997655e+00 2.263446413805117352e+00
3.119999999999997442e+00 2.276332174569006384e+00
3.129999999999997229e+00 2.289291287344389580e+00
3.139999999999997016e+00 2.302324140062301794e+00
3.149999999999996803e+00 2.315431124102052873e+00
3.159999999999996589e+00 2.328612634291229444e+00
3.169999999999996376e+00 2.341869068905693130e+00
3.179999999999996163e+00 2.355200829669582330e+00
3.189999999999995950e+00 2.368608321755310442e+00
3.199999999999995737e+00 2.382091953783567195e+00
3.209999999999995524e+00 2.395652137823318206e+00
3.219999999999995310e+00 2.409289289391804978e+00
3.229999999999995097e+00 2.423003827454544457e+00
3.239999999999994884e+00 2.436796174425329919e+00
3.249999999999994671e+00 2.450666756166230531e+00
3.259999999999994458e+00 2.464616001987590899e+00
3.269999999999994245e+00 2.478644344648031517e+00
3.279999999999994031e+00 2.492752220354449211e+00
3.289999999999993818e+00 2.506940068762016249e+00
3.299999999999993605e+00 2.521208332974181232e+00
3.309999999999993392e+00 2.535557459542667758e+00
3.319999999999993179e+00 2.549987898467476199e+00
3.329999999999992966e+00 2.564500103196882375e+00
3.339999999999992752e+00 2.579094530627437987e+00
3.349999999999992539e+00 2.593771641103970627e+00
3.359999999999992326e+00 2.608531898419583772e+00
3.369999999999992113e+00 2.623375769815656788e+00
3.379999999999991900e+00 2.638303725981844483e+00
3.389999999999991687e+00 2.653316241056078439e+00
3.399999999999991473e+00 2.668413792624565239e+00
3.409999999999991260e+00 2.683596861721787796e+00
3.419999999999991047e+00 2.698865932830504466e+00
3.429999999999990834e+00 2.714221493881749936e+00
3.439999999999990621e+00 2.729664036254834336e+00
3.449999999999990408e+00 2.745194054777344128e+00
3.459999999999990195e+00 2.760812047725141216e+00
3.469999999999989981e+00 2.776518516822363392e+00
3.479999999999989768e+00 2.792313967241424777e+00
3.489999999999989555e+00 2.808198907603014938e+00
3.499999999999989342e+00 2.824173849976099326e+00
3.509999999999989129e+00 2.840239309877919283e+00
3.519999999999988916e+00 2.856395806273992033e+00
3.529999999999988702e+00 2.872643861578111135e+00
3.539999999999988489e+00 2.888984001652345146e+00
3.549999999999988276e+00 2.905416755807038953e+00
3.559999999999988063e+00 2.921942656800812887e+00
3.569999999999987850e+00 2.938562240840564055e+00
3.579999999999987637e+00 2.955276047581464560e+00
3.589999999999987423e+00 2.972084620126962839e+00
3.599999999999987210e+00 2.988988505028782772e+00
3.609999999999986997e+00 3.005988252286924567e+00
3.619999999999986784e+00 3.023084415349664322e+00
3.629999999999986571e+00 3.040277551113553578e+00
3.639999999999986358e+00 3.057568219923419761e+00
3.649999999999986144e+00 3.074956985572366186e+00
3.659999999999985931e+00 3.092444415301772498e+00
3.669999999999985718e+00 3.110031079801293785e+00
3.679999999999985505e+00 3.127717553208861023e+00
3.689999999999985292e+00 3.145504413110681075e+00
3.699999999999985079e+00 3.163392240541236689e+00
3.709999999999984865e+00 3.181381619983286502e+00
3.719999999999984652e+00 3.199473139367865038e+00
3.729999999999984439e+00 3.217667390074282707e+00
3.739999999999984226e+00 3.235964966930125808e+00
3.749999999999984013e+00 3.254366468211256080e+00
3.759999999999983800e+00 3.272872495641811597e+00
3.769999999999983586e+00 3.291483654394206315e+00
3.779999999999983373e+00 3.310200553089129638e+00
3.789999999999983160e+00 3.329023803795547298e+00
3.799999999999982947e+00 3.347954022030700916e+00
3.809999999999982734e+00 3.366991826760107109e+00
3.819999999999982521e+00 3.386137840397559273e+00
3.829999999999982307e+00 3.405392688805126689e+00
3.839999999999982094e+00 3.424757001293153635e+00
3.849999999999981881e+00 3.444231410620261169e+00
3.859999999999981668e+00 3.463816552993345788e+00
3.869999999999981455e+00 3.483513068067579432e+00
3.879999999999981242e+00 3.503321598946410820e+00
3.889999999999981029e+00 3.523242792181564109e+00
3.899999999999980815e+00 3.543277297773039347e+00
3.909999999999980602e+00 3.563425769169112467e+00
3.919999999999980389e+00 3.583688863266334845e+00
3.929999999999980176e+00 3.604067240409534190e+00
3.939999999999979963e+00 3.624561564391814095e+00
3.949999999999979750e+00 3.645172502454553598e+00
3.959999999999979536e+00 3.665900725287408068e+00
3.969999999999979323e+00 3.686746907028308762e+00
3.979999999999979110e+00 3.707711725263462377e+00
3.989999999999978897e+00 3.728795861027351499e+00
3.999999999999978684e+00 3.749999998802734602e+00
4.009999999999979359e+00 3.771324826520761508e+00
4.019999999999980034e+00 3.792771035569008742e+00
4.029999999999980709e+00 3.814339320818165735e+00
4.039999999999981384e+00 3.836030380656163974e+00
4.049999999999982059e+00 3.857844917022658304e+00
4.059999999999982734e+00 3.879783635443510903e+00
4.069999999999983409e+00 3.901847245065273473e+00
4.079999999999984084e+00 3.924036458689669882e+00
4.089999999999984759e+00 3.946351992808079689e+00
4.099999999999985434e+00 3.968794567636020343e+00
4.109999999999986109e+00 3.991364907147629371e+00
4.119999999999986784e+00 4.014063739110148354e+00
4.129999999999987459e+00 4.036891795118405568e+00
4.139999999999988134e+00 4.059849810629296840e+00
4.149999999999988809e+00 4.082938524996269969e+00
4.159999999999989484e+00 4.106158681503808694e+00
4.169999999999990159e+00 4.129511027401912671e+00
4.179999999999990834e+00 4.152996313940580997e+00
4.189999999999991509e+00 4.176615296404297517e+00
4.199999999999992184e+00 4.200368734146509908e+00
4.209999999999992859e+00 4.224257390624115871e+00
4.219999999999993534e+00 4.248282033431941329e+00
4.229999999999994209e+00 4.272443434337229284e+00
4.239999999999994884e+00 4.296742369314116239e+00
4.249999999999995559e+00 4.321179618578120163e+00
4.259999999999996234e+00 4.345755966620620470e+00
4.269999999999996909e+00 4.370472202243340654e+00
4.279999999999997584e+00 4.395329118592833595e+00
4.289999999999998259e+00 4.420327513194960645e+00
4.299999999999998934e+00 4.445468187989376929e+00
4.309999999999999609e+00 4.470751949364013100e+00
4.320000000000000284e+00 4.496179608189559751e+00
4.330000000000000959e+00 4.521751979853947390e+00
4.340000000000001634e+00 4.547469884296830855e+00
4.350000000000002309e+00 4.573334146044072845e+00
4.360000000000002984e+00 4.599345594242224777e+00
4.370000000000003659e+00 4.625505062693010316e+00
4.380000000000004334e+00 4.651813389887809791e+00
4.390000000000005009e+00 4.678271419042139279e+00
4.400000000000005684e+00 4.704879998130137686e+00
4.410000000000006359e+00 4.731639979919045835e+00
4.420000000000007034e+00 4.758552222003691767e+00
4.430000000000007709e+00 4.785617586840971605e+00
4.440000000000008384e+00 4.812836941784333966e+00
4.450000000000009059e+00 4.840211159118261719e+00
4.460000000000009734e+00 4.867741116092754616e+00
4.470000000000010409e+00 4.895427694957812825e+00
4.480000000000011084e+00 4.923271782997918677e+00
4.490000000000011759e+00 4.951274272566521084e+00
4.500000000000012434e+00 4.979436061120515511e+00
4.510000000000013110e+00 5.007758051254731058e+00
4.520000000000013785e+00 5.036241150736407768e+00
4.530000000000014460e+00 5.064886272539684597e+00
4.540000000000015135e+00 5.093694334880077612e+00
4.550000000000015810e+00 5.122666261248967068e+00
4.560000000000016485e+00 5.151802980448077385e+00
4.570000000000017160e+00 5.181105426623959787e+00
4.580000000000017835e+00 5.210574539302475827e+00
4.590000000000018510e+00 5.240211263423280919e+00
4.600000000000019185e+00 5.270016549374306969e+00
4.610000000000019860e+00 5.299991353026242358e+00
4.620000000000020535e+00 5.330136635767019015e+00
4.630000000000021210e+00 5.360453364536291510e+00
4.640000000000021885e+00 5.390942511859922348e+00
4.650000000000022560e+00 5.421605055884463731e+00
4.660000000000023235e+00 5.452441980411639300e+00
4.670000000000023910e+00 5.483454274932827666e+00
4.680000000000024585e+00 5.514642934663546825e+00
4.690000000000025260e+00 5.546008960577935021e+00
4.700000000000025935e+00 5.577553359443233383e+00
4.710000000000026610e+00 5.609277143854268566e+00
4.720000000000027285e+00 5.641181332267938053e+00
4.730000000000027960e+00 5.673266949037690132e+00
4.740000000000028635e+00 5.705535024448007420e+00
4.750000000000029310e+00 5.737986594748889502e+00
4.760000000000029985e+00 5.770622702190337350e+00
4.770000000000030660e+00 5.803444395056832406e+00
4.780000000000031335e+00 5.836452727701823662e+00
4.790000000000032010e+00 5.869648760582207636e+00
4.800000000000032685e+00 5.903033560292811899e+00
4.810000000000033360e+00 5.936608199600878599e+00
4.820000000000034035e+00 5.970373757480544441e+00
4.830000000000034710e+00 6.004331319147327761e+00
4.840000000000035385e+00 6.038481976092606729e+00
4.850000000000036060e+00 6.072826826118106425e+00
4.860000000000036735e+00 6.107366973370377927e+00
4.870000000000037410e+00 6.142103528375283616e+00
4.880000000000038085e+00 6.177037608072478925e+00
4.890000000000038760e+00 6.212170335849894087e+00
4.900000000000039435e+00 6.247502841578219446e+00
4.910000000000040110e+00 6.283036261645385423e+00
4.920000000000040785e+00 6.318771738991047826e+00
4.930000000000041460e+00 6.354710423141068709e+00
4.940000000000042135e+00 6.390853470241999013e+00
4.950000000000042810e+00 6.427202043095563866e+00
4.960000000000043485e+00 6.463757311193142563e+00
4.970000000000044160e+00 6.500520450750251200e+00
4.980000000000044835e+00 6.537492644741028869e+00
4.990000000000021529e+00 6.574675082932632364e+00
5.000000000000000000e+00 6.612068961919976395e+00
