-1.000010000000000066e+00 5.407670932573294120e-02
-1.000000000000000000e+00 5.413890858541713091e-02
-9.899999999999999911e-01 1.161925415847135240e-01
-9.799999999999999822e-01 1.777954852693266197e-01
-9.699999999999999734e-01 2.387087932482659935e-01
-9.599999999999999645e-01 2.986961940995131459e-01
-9.499999999999999556e-01 3.575250078230396977e-01
-9.399999999999999467e-01 4.149670483633631779e-01
-9.299999999999999378e-01 4.707995087009274604e-01
-9.200000000000000400e-01 5.248058250792004831e-01
-9.100000000000000311e-01 5.767765170153116294e-01
-9.000000000000000222e-01 6.265099998359864308e-01
-8.900000000000000133e-01 6.738133665870991162e-01
-8.800000000000000044e-01 7.185031362839623403e-01
-8.699999999999999956e-01 7.604059656000309309e-01
-8.599999999999999867e-01 7.993593212335091680e-01
-8.499999999999999778e-01 8.352121103438800986e-01
-8.399999999999999689e-01 8.678252666130013004e-01
-8.299999999999999600e-01 8.970722896575603622e-01
-8.200000000000000622e-01 9.228397357005926338e-01
-8.100000000000000533e-01 9.450276575988486583e-01
-8.000000000000000444e-01 9.635499925192225756e-01
-7.900000000000000355e-01 9.783348957605166873e-01
-7.800000000000000266e-01 9.893250194257087182e-01
-7.700000000000000178e-01 9.964777348638078625e-01
-7.600000000000000089e-01 9.997652980184841276e-01
-7.500000000000000000e-01 9.991749570421145643e-01
-7.399999999999999911e-01 9.947090017578362753e-01
-7.299999999999999822e-01 9.863847547777465641e-01
-7.199999999999999734e-01 9.742345043117043302e-01
-7.099999999999999645e-01 9.583053789273533463e-01
-6.999999999999999556e-01 9.386591647471504984e-01
-6.899999999999999467e-01 9.153720657914596881e-01
-6.799999999999999378e-01 8.885344083972912532e-01
-6.699999999999999289e-01 8.582502908591975732e-01
-6.599999999999999201e-01 8.246371796512992347e-01
-6.499999999999999112e-01 7.878254537966216109e-01
-6.400000000000000133e-01 7.479578991510511532e-01
-6.300000000000000044e-01 7.051891545634856318e-01
-6.199999999999999956e-01 6.596851120604291241e-01
-6.099999999999999867e-01 6.116222733815915857e-01
-5.999999999999999778e-01 5.611870653623821648e-01
-5.899999999999999689e-01 5.085751168188009652e-01
-5.800000000000000711e-01 4.539904997395474706e-01
-5.700000000000000622e-01 3.976449377286329079e-01
-5.600000000000000533e-01 3.397569847687991751e-01
-5.500000000000000444e-01 2.805511774911590428e-01
-5.400000000000000355e-01 2.202571642392573692e-01
-5.300000000000000266e-01 1.591088143057482196e-01
-5.200000000000000178e-01 9.734331079678996967e-02
-5.100000000000000089e-01 3.520023064277640751e-02
-5.000000000000000000e-01 -2.707938467613429934e-02
-4.899999999999999911e-01 -8.925396408520708258e-02
-4.799999999999999822e-01 -1.510823439245165822e-01
-4.699999999999999734e-01 -2.123247033780473747e-01
-4.599999999999999645e-01 -2.727434946941516558e-01
-4.499999999999999556e-01 -3.321043645892122198e-01
-4.399999999999999467e-01 -3.901770632605549016e-01
-4.299999999999999378e-01 -4.467363374827229006e-01
-4.200000000000000400e-01 -5.015628043229517496e-01
-4.100000000000000311e-01 -5.544438020868710515e-01
-4.000000000000000222e-01 -6.051742151937649083e-01
-3.900000000000000133e-01 -6.535572697818609056e-01
-3.800000000000000044e-01 -6.994052969576378675e-01
-3.699999999999999956e-01 -7.425404607286504310e-01
-3.599999999999999867e-01 -7.827954477963557922e-01
-3.499999999999999778e-01 -8.200141165333589832e-01
-3.399999999999999689e-01 -8.540521026278230510e-01
-3.299999999999999600e-01 -8.847773790458529630e-01
-3.199999999999999512e-01 -9.120707681398699807e-01
-3.099999999999999423e-01 -9.358264039165975490e-01
-2.999999999999999334e-01 -9.559521426716115489e-01
-2.900000000000000355e-01 -9.723699203976765570e-01
-2.800000000000000266e-01 -9.850160555805482776e-01
-2.700000000000000178e-01 -9.938414962077550818e-01
-2.600000000000000089e-01 -9.988120100322537276e-01
-2.500000000000000000e-01 -9.999083173529670354e-01
-2.399999999999999911e-01 -9.971261657971668413e-01
-2.299999999999999822e-01 -9.904763468146390304e-01
-2.199999999999999734e-01 -9.799846538196523849e-01
-2.099999999999999645e-01 -9.656917821430882620e-01
-1.999999999999999556e-01 -9.476531711828024562e-01
-1.899999999999999467e-01 -9.259387893644843714e-01
-1.799999999999999378e-01 -9.006328627471129611e-01
-1.699999999999999289e-01 -8.718335483256992591e-01
-1.600000000000000311e-01 -8.396525532985107398e-01
-1.500000000000000222e-01 -8.042147017755689742e-01
-1.400000000000000133e-01 -7.656574506090869647e-01
-1.300000000000000044e-01 -7.241303562238338154e-01
-1.199999999999999956e-01 -6.797944945155078855e-01
-1.099999999999999867e-01 -6.328218360672186460e-01
-9.999999999999997780e-02 -5.833945791074940379e-01
-8.999999999999996891e-02 -5.317044427971510112e-01
-7.999999999999996003e-02 -4.779519235862362270e-01
-6.999999999999995115e-02 -4.223455175254881011e-01
-5.999999999999994227e-02 -3.651009115488327295e-01
-4.999999999999993339e-02 -3.064401468637786841e-01
-4.000000000000003553e-02 -2.465907576947622692e-01
-3.000000000000002665e-02 -1.857848887200972410e-01
-2.000000000000001776e-02 -1.242583946258353084e-01
-1.000000000000000888e-02 -6.224992526918755181e-02
0.000000000000000000e+00 0.000000000000000000e+00
9.999999999999999547e-07 5.414201854277071390e-08
1.000100000000000121e-02 8.520575564390175070e-04
2.000099999999999795e-02 2.322542962433459240e-03
3.000099999999999642e-02 4.405807076148319720e-03
4.000100000000000183e-02 7.093769180285837243e-03
5.000100000000000378e-02 1.037600320122817298e-02
6.000100000000000572e-02 1.423977795329660866e-02
7.000100000000000766e-02 1.867010657332353329e-02
8.000100000000001654e-02 2.364980463780316788e-02
9.000100000000002542e-02 2.915955682186370176e-02
1.000010000000000343e-01 3.517799181881626353e-02
1.100010000000000432e-01 4.168176523576058723e-02
1.200010000000000521e-01 4.864565014208187960e-02
1.300010000000000610e-01 5.604263492005444325e-02
1.400010000000000698e-01 6.384402803789090974e-02
1.500010000000000787e-01 7.201956933887301848e-02
1.600010000000000876e-01 8.053754741488583502e-02
1.700010000000000965e-01 8.936492260908729390e-02
1.800010000000001054e-01 9.846745517060813413e-02
1.900010000000001142e-01 1.078098380641939191e-01
2.000010000000001231e-01 1.173558339196452138e-01
2.100010000000001320e-01 1.270684155898544332e-01
2.200010000000001409e-01 1.369099097722407676e-01
2.300010000000001498e-01 1.468421431365024288e-01
2.400010000000001587e-01 1.568265903918835691e-01
2.500010000000001398e-01 1.668245237196305242e-01
2.600010000000001487e-01 1.767971629910166376e-01
2.700010000000001575e-01 1.867058261882677539e-01
2.800010000000001664e-01 1.965120794449335129e-01
2.900010000000001753e-01 2.061778861237256733e-01
3.000010000000001842e-01 2.156657543535782096e-01
3.100010000000001931e-01 2.249388824536603382e-01
3.200010000000002020e-01 2.339613016802696288e-01
3.300010000000002108e-01 2.426980157429164675e-01
3.400010000000002197e-01 2.511151365484429188e-01
3.500010000000002286e-01 2.591800156466497751e-01
3.600010000000002375e-01 2.668613708675784402e-01
3.700010000000002464e-01 2.741294076592452611e-01
3.800010000000002552e-01 2.809559346551817050e-01
3.900010000000002641e-01 2.873144730235151489e-01
4.000010000000002730e-01 2.931803591734460368e-01
4.100010000000002819e-01 2.985308404207412392e-01
4.200010000000002908e-01 3.033451632411754972e-01
4.300010000000002997e-01 3.076046537696021654e-01
4.400010000000003085e-01 3.112927902324118534e-01
4.500010000000003174e-01 3.143952670324275389e-01
4.600010000000003263e-01 3.169000502376623229e-01
4.700010000000003352e-01 3.187974242587091611e-01
4.800010000000003441e-01 3.200800295337099532e-01
4.900010000000003529e-01 3.207428910747307516e-01
5.000010000000003618e-01 3.207834377648171031e-01
5.100010000000002597e-01 3.202015123308796785e-01
5.200010000000001575e-01 3.189993719537275174e-01
5.300010000000000554e-01 3.171816795128823419e-01
5.400009999999999533e-01 3.147554855001338803e-01
5.500009999999998511e-01 3.117302006719900320e-01
5.600009999999997490e-01 3.081175595470982964e-01
5.700009999999996468e-01 3.039315748902244874e-01
5.800009999999995447e-01 2.991884833593378423e-01
5.900009999999994426e-01 2.939066825266264948e-01
6.000009999999993404e-01 2.881066595177280143e-01
6.100009999999992383e-01 2.818109115459692671e-01
6.200009999999991361e-01 2.750438586498494264e-01
6.300009999999990340e-01 2.678317489722404909e-01
6.400009999999989319e-01 2.602025569487102508e-01
6.500009999999988297e-01 2.521858747998761419e-01
6.600009999999987276e-01 2.438127977486708453e-01
6.700009999999986254e-01 2.351158034077408254e-01
6.800009999999985233e-01 2.261286258048115783e-01
6.900009999999984212e-01 2.168861245346519473e-01
7.000009999999983190e-01 2.074241495451724926e-01
7.100009999999982169e-01 1.977794020821278531e-01
7.200009999999981147e-01 1.879892923317927067e-01
7.300009999999980126e-01 1.780917943137889370e-01
7.400009999999979105e-01 1.681252985869077787e-01
7.500009999999978083e-01 1.581284633392539274e-01
7.600009999999977062e-01 1.481400644403050304e-01
7.700009999999976040e-01 1.381988450365070897e-01
7.800009999999975019e-01 1.283433652737963893e-01
7.900009999999973997e-01 1.186118527299464126e-01
8.000009999999972976e-01 1.090420541368850721e-01
8.100009999999971955e-01 9.967108896812366947e-02
8.200009999999970933e-01 9.053530545920493444e-02
8.300009999999969912e-01 8.167013961964007807e-02
8.400009999999968890e-01 7.310997778320144080e-02
8.500009999999967869e-01 6.488802322971252978e-02
8.600009999999966848e-01 5.703616739568492799e-02
8.700009999999965826e-01 4.958486617335205321e-02
8.800009999999964805e-01 4.256302177791278923e-02
8.900009999999963783e-01 3.599787064120045510e-02
9.000009999999962762e-01 2.991487776661518744e-02
9.100009999999961741e-01 2.433763795510331812e-02
9.200009999999960719e-01 1.928778428528747646e-02
9.300009999999959698e-01 1.478490420281973819e-02
9.400009999999958676e-01 1.084646354411896406e-02
9.500009999999957655e-01 7.487738790357230043e-03
9.600009999999956634e-01 4.721757810114041859e-03
9.700009999999955612e-01 2.559249336801544539e-03
9.800009999999954591e-01 1.008601316164123339e-03
9.900004999999978406e-01 7.585963277554025157e-05
1.000000000000000000e+00 -2.354513569286560302e-04
1.009999999999999787e+00 -2.317086453538190071e-04
1.019999999999999574e+00 -2.163502690657519655e-04
1.029999999999999361e+00 -1.832179282379010714e-04
1.039999999999999147e+00 -1.262222635260603471e-04
1.049999999999998934e+00 -3.936647737553023471e-05
1.059999999999998721e+00 8.323040599908062870e-05
1.069999999999998508e+00 2.473107292696399449e-04
1.079999999999998295e+00 4.584559285473485766e-04
1.089999999999998082e+00 7.220648840181014688e-04
1.099999999999997868e+00 1.043332978690260458e-03
1.109999999999997655e+00 1.427231946467055496e-03
1.119999999999997442e+00 1.878490587713228582e-03
1.129999999999997229e+00 2.401576427115579334e-03
1.139999999999997016e+00 3.000678384983459287e-03
1.149999999999996803e+00 3.679690529203947808e-03
1.159999999999996589e+00 4.442196970874882911e-03
1.169999999999996376e+00 5.291457962202776935e-03
1.179999999999996163e+00 6.230397250589296207e-03
1.189999999999995950e+00 7.261590737957453884e-03
1.199999999999995737e+00 8.387256489305893598e-03
1.209999999999995524e+00 9.609246129246212798e-03
1.219999999999995310e+00 1.092903765989458077e-02
1.229999999999995097e+00 1.234772972797570575e-02
1.239999999999994884e+00 1.386603736337598848e-02
1.249999999999994671e+00 1.548428920567523556e-02
1.259999999999994458e+00 1.720242622941469540e-02
1.269999999999994245e+00 1.902000197304586082e-02
1.279999999999994031e+00 2.093618427067199528e-02
1.289999999999993818e+00 2.294975847986527664e-02
1.299999999999993605e+00 2.505913219303945380e-02
1.309999999999993392e+00 2.726234141410348311e-02
1.319999999999993179e+00 2.955705817643802455e-02
1.329999999999992966e+00 3.194059957264612504e-02
1.339999999999992752e+00 3.440993816105331060e-02
1.349999999999992539e+00 3.696171370859225452e-02
1.359999999999992326e+00 3.959224622452350156e-02
1.369999999999992113e+00 4.229755023443688977e-02
1.379999999999991900e+00 4.507335023916748257e-02
1.389999999999991687e+00 4.791509729866370165e-02
1.399999999999991473e+00 5.081798667648193546e-02
1.409999999999991260e+00 5.377697647646792478e-02
1.419999999999991047e+00 5.678680719933663912e-02
1.429999999999990834e+00 5.984202214329435721e-02
1.439999999999990621e+00 6.293698856957269383e-02
1.449999999999990408e+00 6.606591955077736888e-02
1.459999999999990195e+00 6.922289641730608456e-02
1.469999999999989981e+00 7.240189171477000307e-02
1.479999999999989768e+00 7.559679258337116681e-02
1.489999999999989555e+00 7.880142446855172011e-02
1.499999999999989342e+00 8.200957507094562560e-02
1.509999999999989129e+00 8.521501844273553228e-02
1.519999999999988916e+00 8.841153913694937971e-02
1.529999999999988702e+00 9.159295631602623611e-02
1.539999999999988489e+00 9.475314772613864511e-02
1.549999999999988276e+00 9.788607344427950607e-02
1.559999999999988063e+00 1.009857993060030018e-01
1.569999999999987850e+00 1.040465199229476390e-01
1.579999999999987637e+00 1.070625812008608319e-01
1.589999999999987423e+00 1.100285022707816474e-01
1.599999999999987210e+00 1.129389967483147433e-01
1.609999999999986997e+00 1.157889932385348375e-01
1.619999999999986784e+00 1.185736550069868417e-01
1.629999999999986571e+00 1.212883987404815844e-01
1.639999999999986358e+00 1.239289123249174701e-01
1.649999999999986144e+00 1.264911715711711238e-01
1.659999999999985931e+00 1.289714558241805420e-01
1.669999999999985718e+00 1.313663623946758618e-01
1.679999999999985505e+00 1.336728197575798305e-01
1.689999999999985292e+00 1.358880994658837882e-01
1.699999999999985079e+00 1.380098267337875328e-01
1.709999999999984865e+00 1.400359896480528610e-01
1.719999999999984652e+00 1.419649469718417822e-01
1.729999999999984439e+00 1.437954345107697873e-01
1.739999999999984226e+00 1.455265700164813936e-01
1.749999999999984013e+00 1.471578566087277662e-01
1.759999999999983800e+00 1.486891847026731162e-01
1.769999999999983586e+00 1.501208324339538824e-01
1.779999999999983373e+00 1.514534645798422396e-01
1.789999999999983160e+00 1.526881299806983616e-01
1.799999999999982947e+00 1.538262574717132181e-01
1.809999999999982734e+00 1.548696503407219482e-01
1.819999999999982521e+00 1.558204793335848382e-01
1.829999999999982307e+00 1.566812742342668097e-01
1.839999999999982094e+00 1.574549140522747137e-01
1.849999999999981881e+00 1.581446158555135650e-01
1.859999999999981668e+00 1.587539222918768200e-01
1.869999999999981455e+00 1.592866878479724246e-01
1.879999999999981242e+00 1.597470638982843305e-01
1.889999999999981029e+00 1.601394826027608687e-01
1.899999999999980815e+00 1.604686397152885469e-01
1.909999999999980602e+00 1.607394763697338191e-01
1.919999999999980389e+00 1.609571599142013421e-01
1.929999999999980176e+00 1.611270638678494460e-01
1.939999999999979963e+00 1.612547470780054115e-01
1.949999999999979750e+00 1.613459321584303774e-01
1.959999999999979536e+00 1.614064832923531034e-01
1.969999999999979323e+00 1.614423834864244511e-01
1.979999999999979110e+00 1.614597113636198344e-01
1.989999999999978897e+00 1.614646175858365784e-01
1.994999999999989448e+00 1.614643485137771950e-01
2.000000000000000000e+00 1.614633010286322945e-01
2.009999999999999787e+00 1.614609579136948581e-01
2.019999999999999574e+00 1.614587051517759331e-01
2.029999999999999361e+00 1.614566897393765743e-01
2.039999999999999147e+00 1.614551199310961527e-01
2.049999999999998934e+00 1.614542644318506248e-01
2.059999999999998721e+00 1.614544513546161963e-01
2.069999999999998508e+00 1.614560669477399235e-01
2.079999999999998295e+00 1.614595540967540543e-01
2.089999999999998082e+00 1.614654106065051553e-01
2.099999999999997868e+00 1.614741872702614711e-01
2.109999999999997655e+00 1.614864857332880266e-01
2.119999999999997442e+00 1.615029561591762863e-01
2.129999999999997229e+00 1.615242947079800762e-01
2.139999999999997016e+00 1.615512408359399965e-01
2.149999999999996803e+00 1.615845744272697837e-01
2.159999999999996589e+00 1.616251127691301082e-01
2.169999999999996376e+00 1.616737073815233128e-01
2.179999999999996163e+00 1.617312407144052555e-01
2.189999999999995950e+00 1.617986227248256748e-01
2.199999999999995737e+00 1.618767873473735130e-01
2.209999999999995524e+00 1.619666888716179975e-01
2.219999999999995310e+00 1.620692982405963212e-01
2.229999999999995097e+00 1.621855992847058003e-01
2.239999999999994884e+00 1.623165849056082410e-01
2.249999999999994671e+00 1.624632532249485339e-01
2.259999999999994458e+00 1.626266037128260011e-01
2.269999999999994245e+00 1.628076333110352880e-01
2.279999999999994031e+00 1.630073325661140493e-01
2.289999999999993818e+00 1.632266817871966813e-01
2.299999999999993605e+00 1.634666472435770679e-01
2.309999999999993392e+00 1.637281774167292092e-01
2.319999999999993179e+00 1.640121993213235485e-01
2.329999999999992966e+00 1.643196149095089986e-01
2.339999999999992752e+00 1.646512975724079009e-01
2.349999999999992539e+00 1.650080887523938944e-01
2.359999999999992326e+00 1.653907946792930184e-01
2.369999999999992113e+00 1.658001832431677258e-01
2.379999999999991900e+00 1.662369810158138839e-01
2.389999999999991687e+00 1.667018704325234635e-01
2.399999999999991473e+00 1.671954871450446745e-01
2.409999999999991260e+00 1.677184175560067492e-01
2.419999999999991047e+00 1.682711965443729751e-01
2.429999999999990834e+00 1.688543053907442804e-01
2.439999999999990621e+00 1.694681699105612116e-01
2.449999999999990408e+00 1.701131588024447361e-01
2.459999999999990195e+00 1.707895822180827416e-01
2.469999999999989981e+00 1.714976905592091316e-01
2.479999999999989768e+00 1.722376735063419484e-01
2.489999999999989555e+00 1.730096592830478730e-01
2.499999999999989342e+00 1.738137141585867629e-01
2.509999999999989129e+00 1.746498421908654897e-01
2.519999999999988916e+00 1.755179852106981131e-01
2.529999999999988702e+00 1.764180230474332589e-01
2.539999999999988489e+00 1.773497739950739005e-01
2.549999999999988276e+00 1.783129955170811298e-01
2.559999999999988063e+00 1.793073851871284652e-01
2.569999999999987850e+00 1.803325818621574206e-01
2.579999999999987637e+00 1.813881670831844761e-01
2.589999999999987423e+00 1.824736666984257960e-01
2.599999999999987210e+00 1.835885527024440911e-01
2.609999999999986997e+00 1.847322452841837492e-01
2.619999999999986784e+00 1.859041150759503658e-01
2.629999999999986571e+00 1.871034855946112352e-01
2.639999999999986358e+00 1.883296358655480174e-01
2.649999999999986144e+00 1.895818032191834701e-01
2.659999999999985931e+00 1.908591862492353131e-01
2.669999999999985718e+00 1.921609479212224580e-01
2.679999999999985505e+00 1.934862188191665555e-01
2.689999999999985292e+00 1.948341005178952923e-01
2.699999999999985079e+00 1.962036690678669315e-01
2.709999999999984865e+00 1.975939785789992131e-01
2.719999999999984652e+00 1.990040648896015396e-01
2.729999999999984439e+00 2.004329493061793033e-01
2.739999999999984226e+00 2.018796423996043476e-01
2.749999999999984013e+00 2.033431478429270911e-01
2.759999999999983800e+00 2.048224662759438874e-01
2.769999999999983586e+00 2.063165991815299194e-01
2.779999999999983373e+00 2.078245527587018748e-01
2.789999999999983160e+00 2.093453417773875891e-01
2.799999999999982947e+00 2.108779933999507250e-01
2.809999999999982734e+00 2.124215509546475700e-01
2.819999999999982521e+00 2.139750776463791859e-01
2.829999999999982307e+00 2.155376601903458422e-01
2.839999999999982094e+00 2.171084123545093669e-01
2.849999999999981881e+00 2.186864783971227688e-01
2.859999999999981668e+00 2.202710363859937681e-01
2.869999999999981455e+00 2.218613013866073125e-01
2.879999999999981242e+00 2.234565285067409146e-01
2.889999999999981029e+00 2.250560157857634247e-01
2.899999999999980815e+00 2.266591069174101192e-01
2.909999999999980602e+00 2.282651937954728871e-01
2.919999999999980389e+00 2.298737188725314962e-01
2.929999999999980176e+00 2.314841773225765620e-01
2.939999999999979963e+00 2.330961189991359594e-01
2.949999999999979750e+00 2.347091501813095282e-01
2.959999999999979536e+00 2.363229351009394352e-01
2.969999999999979323e+00 2.379371972449925154e-01
2.979999999999979110e+00 2.395517204281030210e-01
2.989999999999978897e+00 2.411663496311156618e-01
2.994999999999989448e+00 2.419736725192866977e-01
3.000000000000000000e+00 2.427809917918343219e-01
3.009999999999999787e+00 2.443956130523088077e-01
3.019999999999999574e+00 2.460102112344549619e-01
3.029999999999999361e+00 2.476247879254864503e-01
3.039999999999999147e+00 2.492393464894552269e-01
3.049999999999998934e+00 2.508538926759902865e-01
3.059999999999998721e+00 2.524684352197832382e-01
3.069999999999998508e+00 2.540829864284954165e-01
3.079999999999998295e+00 2.556975627568061071e-01
3.089999999999998082e+00 2.573121853643751678e-01
3.099999999999997868e+00 2.589268806555559133e-01
3.109999999999997655e+00 2.605416807987649408e-01
3.119999999999997442e+00 2.621566242234941169e-01
3.129999999999997229e+00 2.637717560930369354e-01
3.139999999999997016e+00 2.653871287510959909e-01
3.149999999999996803e+00 2.670028021405386753e-01
3.159999999999996589e+00 2.686188441926771198e-01
3.169999999999996376e+00 2.702353311855628659e-01
3.179999999999996163e+00 2.718523480699054362e-01
3.189999999999995950e+00 2.734699887613518676e-01
3.199999999999995737e+00 2.750883563979926172e-01
3.209999999999995524e+00 2.767075635620952490e-01
3.219999999999995310e+00 2.783277324652060902e-01
3.229999999999995097e+00 2.799489950959017093e-01
3.239999999999994884e+00 2.815714933296168954e-01
3.249999999999994671e+00 2.831953790001237037e-01
3.259999999999994458e+00 2.848208139323835097e-01
3.269999999999994245e+00 2.864479699366454524e-01
3.279999999999994031e+00 2.880770287638136362e-01
3.289999999999993818e+00 2.897081820222565107e-01
3.299999999999993605e+00 2.913416310563806677e-01
3.309999999999993392e+00 2.929775867874408468e-01
3.319999999999993179e+00 2.946162695172025447e-01
3.329999999999992966e+00 2.962579086952198404e-01
3.339999999999992752e+00 2.979027426506304366e-01
3.349999999999992539e+00 2.995510182895084750e-01
3.359999999999992326e+00 3.012029907589489630e-01
3.369999999999992113e+00 3.028589230791868259e-01
3.379999999999991900e+00 3.045190857451776645e-01
3.389999999999991687e+00 3.061837562991850947e-01
3.399999999999991473e+00 3.078532188760333965e-01
3.409999999999991260e+00 3.095277637227883405e-01
3.419999999999991047e+00 3.112076866947300346e-01
3.429999999999990834e+00 3.128932887295726162e-01
3.439999999999990621e+00 3.145848753019698796e-01
3.449999999999990408e+00 3.162827558604230926e-01
3.459999999999990195e+00 3.179872432487750866e-01
3.469999999999989981e+00 3.196986531145342703e-01
3.479999999999989768e+00 3.214173033063237872e-01
3.489999999999989555e+00 3.231435132627931139e-01
3.499999999999989342e+00 3.248776033953620357e-01
3.509999999999989129e+00 3.266198944671914739e-01
3.519999999999988916e+00 3.283707069707901272e-01
3.529999999999988702e+00 3.301303605066707170e-01
3.539999999999988489e+00 3.318991731654662436e-01
3.549999999999988276e+00 3.336774609159027793e-01
3.559999999999988063e+00 3.354655370010026227e-01
3.569999999999987850e+00 3.372637113448601065e-01
3.579999999999987637e+00 3.390722899722909411e-01
3.589999999999987423e+00 3.408915744436058493e-01
3.599999999999987210e+00 3.427218613067016251e-01
3.609999999999986997e+00 3.445634415685939200e-01
3.619999999999986784e+00 3.464166001884425583e-01
3.629999999999986571e+00 3.482816155940350322e-01
3.639999999999986358e+00 3.501587592236041213e-01
3.649999999999986144e+00 3.520482950947566025e-01
3.659999999999985931e+00 3.539504794021853806e-01
3.669999999999985718e+00 3.558655601457249573e-01
3.679999999999985505e+00 3.577937767901935295e-01
3.689999999999985292e+00 3.597353599583407169e-01
3.699999999999985079e+00 3.616905311580918547e-01
3.709999999999984865e+00 3.636595025451473950e-01
3.719999999999984652e+00 3.656424767218575123e-01
3.729999999999984439e+00 3.676396465731524010e-01
3.739999999999984226e+00 3.696511951401649232e-01
3.749999999999984013e+00 3.716772955320352123e-01
3.759999999999983800e+00 3.737181108762397952e-01
3.769999999999983586e+00 3.757737943076376874e-01
3.779999999999983373e+00 3.778444889962759845e-01
3.789999999999983160e+00 3.799303282138472015e-01
3.799999999999982947e+00 3.820314354385403455e-01
3.809999999999982734e+00 3.841479244978792673e-01
3.819999999999982521e+00 3.862798997489941821e-01
3.829999999999982307e+00 3.884274562956270271e-01
3.839999999999982094e+00 3.905906802410289425e-01
3.849999999999981881e+00 3.927696489757692144e-01
3.859999999999981668e+00 3.949644314993387417e-01
3.869999999999981455e+00 3.971750887743012437e-01
3.879999999999981242e+00 3.994016741116181435e-01
3.889999999999981029e+00 4.016442335856524881e-01
3.899999999999980815e+00 4.039028064772424154e-01
3.909999999999980602e+00 4.061774257431253754e-01
3.919999999999980389e+00 4.084681185098923972e-01
3.929999999999980176e+00 4.107749065905563213e-01
3.939999999999979963e+00 4.130978070217305453e-01
3.949999999999979750e+00 4.154368326193346173e-01
3.959999999999979536e+00 4.177919925506707322e-01
3.969999999999979323e+00 4.201632929206530198e-01
3.979999999999979110e+00 4.225507373699148861e-01
3.989999999999978897e+00 4.249543276824750970e-01
3.999999999999978684e+00 4.273740644025428859e-01
4.009999999999979359e+00 4.298099474462752645e-01
4.019999999999980034e+00 4.322619765864265662e-01
4.029999999999980709e+00 4.347301515989032694e-01
4.039999999999981384e+00 4.372144722838578468e-01
4.049999999999982059e+00 4.397149384865078336e-01
4.059999999999982734e+00 4.422315501239976743e-01
4.069999999999983409e+00 4.447643072181995949e-01
4.079999999999984084e+00 4.473132099343261059e-01
4.089999999999984759e+00 4.498782586252044191e-01
4.099999999999985434e+00 4.524594538810409183e-01
4.109999999999986109e+00 4.550567965844828922e-01
4.119999999999986784e+00 4.576702879707636451e-01
4.129999999999987459e+00 4.602999296926980621e-01
4.139999999999988134e+00 4.629457238902761063e-01
4.149999999999988809e+00 4.656076732645847982e-01
4.159999999999989484e+00 4.682857811557714078e-01
4.169999999999990159e+00 4.709800516247458768e-01
4.179999999999990834e+00 4.736904895383053926e-01
4.189999999999991509e+00 4.764171006573508782e-01
4.199999999999992184e+00 4.791598917278533376e-01
4.209999999999992859e+00 4.819188705742173395e-01
4.219999999999993534e+00 4.846940461946789291e-01
4.229999999999994209e+00 4.874854288583687079e-01
4.239999999999994884e+00 4.902930302036631049e-01
4.249999999999995559e+00 4.931168633374424237e-01
4.259999999999996234e+00 4.959569429348706926e-01
4.269999999999996909e+00 4.988132853393105193e-01
4.279999999999997584e+00 5.016859086619848140e-01
4.289999999999998259e+00 5.045748328809994687e-01
4.299999999999998934e+00 5.074800799393426320e-01
4.309999999999999609e+00 5.104016738414801635e-01
4.320000000000000284e+00 5.133396407481733981e-01
4.330000000000000959e+00 5.162940090691501283e-01
4.340000000000001634e+00 5.192648095532709229e-01
4.350000000000002309e+00 5.222520753758398415e-01
4.360000000000002984e+00 5.252558422227212587e-01
4.370000000000003659e+00 5.282761483709367267e-01
4.380000000000004334e+00 5.313130347654291263e-01
4.390000000000005009e+00 5.343665450916961213e-01
4.400000000000005684e+00 5.374367258440116979e-01
4.410000000000006359e+00 5.405236263889704462e-01
4.420000000000007034e+00 5.436272990241087788e-01
4.430000000000007709e+00 5.467477990313753811e-01
4.440000000000008384e+00 5.498851847252437253e-01
4.450000000000009059e+00 5.530395174952794646e-01
4.460000000000009734e+00 5.562108618429983942e-01
4.470000000000010409e+00 5.593992854128712056e-01
4.480000000000011084e+00 5.626048590173557962e-01
4.490000000000011759e+00 5.658276566558585463e-01
4.500000000000012434e+00 5.690677555275526212e-01
4.510000000000013110e+00 5.723252360380026715e-01
4.520000000000013785e+00 5.756001817995701764e-01
4.530000000000014460e+00 5.788926796255983165e-01
4.540000000000015135e+00 5.822028195183984733e-01
4.550000000000015810e+00 5.855306946510855370e-01
4.560000000000016485e+00 5.888764013433318567e-01
4.570000000000017160e+00 5.922400390311342022e-01
4.580000000000017835e+00 5.956217102307109768e-01
4.590000000000018510e+00 5.990215204966696794e-01
4.600000000000019185e+00 6.024395783746071542e-01
4.610000000000019860e+00 6.058759953483254801e-01
4.620000000000020535e+00 6.093308857818700019e-01
4.630000000000021210e+00 6.128043668566124369e-01
4.640000000000021885e+00 6.162965585036244143e-01
4.650000000000022560e+00 6.198075833316032401e-01
4.660000000000023235e+00 6.233375665506294405e-01
4.670000000000023910e+00 6.268866358920520687e-01
4.680000000000024585e+00 6.304549215248120841e-01
4.690000000000025260e+00 6.340425559685287649e-01
4.700000000000025935e+00 6.376496740036863287e-01
4.710000000000026610e+00 6.412764125792687064e-01
4.720000000000027285e+00 6.449229107182009590e-01
4.730000000000027960e+00 6.485893094209643772e-01
4.740000000000028635e+00 6.522757515677588547e-01
4.750000000000029310e+00 6.559823818195915646e-01
4.760000000000029985e+00 6.597093465186767425e-01
4.770000000000030660e+00 6.634567935885320455e-01
4.780000000000031335e+00 6.672248724341589554e-01
4.790000000000032010e+00 6.710137338426949150e-01
4.800000000000032685e+00 6.748235298849221131e-01
4.810000000000033360e+00 6.786544138180153896e-01
4.820000000000034035e+00 6.825065399899058471e-01
4.830000000000034710e+00 6.863800637456317633e-01
4.840000000000035385e+00 6.902751413360399546e-01
4.850000000000036060e+00 6.941919298291907570e-01
4.860000000000036735e+00 6.981305870248122325e-01
4.870000000000037410e+00 7.020912713721331189e-01
4.880000000000038085e+00 7.060741418914151524e-01
4.890000000000038760e+00 7.100793580994878562e-01
4.900000000000039435e+00 7.141070799395755619e-01
4.910000000000040110e+00 7.181574677156878916e-01
4.920000000000040785e+00 7.222306820318289411e-01
4.930000000000041460e+00 7.263268837362607533e-01
4.940000000000042135e+00 7.304462338710373537e-01
4.950000000000042810e+00 7.345888936270045244e-01
4.960000000000043485e+00 7.387550243044407328e-01
4.970000000000044160e+00 7.429447872794914254e-01
4.980000000000044835e+00 7.471583439765265844e-01
4.990000000000021529e+00 7.513958558465201332e-01
5.000000000000000000e+00 7.556574843515901918e-01
