-1.000010000000000066e+00 -9.999999900911468176e-01
-1.000000000000000000e+00 -1.000000000000000222e+00
-9.899999999999999911e-01 -9.969173337331279638e-01
-9.799999999999999822e-01 -9.876883405951377704e-01
-9.699999999999999734e-01 -9.723699203976764460e-01
-9.599999999999999645e-01 -9.510565162951534202e-01
-9.499999999999999556e-01 -9.238795325112866275e-01
-9.399999999999999467e-01 -8.910065241883675657e-01
-9.299999999999999378e-01 -8.526401643540919562e-01
-9.200000000000000400e-01 -8.090169943749472292e-01
-9.100000000000000311e-01 -7.604059656000310419e-01
-9.000000000000000222e-01 -7.071067811865475727e-01
-8.900000000000000133e-01 -6.494480483301837692e-01
-8.800000000000000044e-01 -5.877852522924728040e-01
-8.699999999999999956e-01 -5.224985647159482438e-01
-8.599999999999999867e-01 -4.539904997395465269e-01
-8.499999999999999778e-01 -3.826834323650892267e-01
-8.399999999999999689e-01 -3.090169943749472292e-01
-8.299999999999999600e-01 -2.334453638559047250e-01
-8.200000000000000622e-01 -1.564344650402315351e-01
-8.100000000000000533e-01 -7.845909572784515174e-02
-8.000000000000000444e-01 2.376571162088225719e-16
-7.900000000000000355e-01 7.845909572784476316e-02
-7.800000000000000266e-01 1.564344650402310632e-01
-7.700000000000000178e-01 2.334453638559051969e-01
-7.600000000000000089e-01 3.090169943749475623e-01
-7.500000000000000000e-01 3.826834323650903924e-01
-7.399999999999999911e-01 4.539904997395470820e-01
-7.299999999999999822e-01 5.224985647159493540e-01
-7.199999999999999734e-01 5.877852522924734702e-01
-7.099999999999999645e-01 6.494480483301842133e-01
-6.999999999999999556e-01 7.071067811865476838e-01
-6.899999999999999467e-01 7.604059656000313749e-01
-6.799999999999999378e-01 8.090169943749481174e-01
-6.699999999999999289e-01 8.526401643540926223e-01
-6.599999999999999201e-01 8.910065241883682319e-01
-6.499999999999999112e-01 9.238795325112869605e-01
-6.400000000000000133e-01 9.510565162951538642e-01
-6.300000000000000044e-01 9.723699203976766681e-01
-6.199999999999999956e-01 9.876883405951377704e-01
-6.099999999999999867e-01 9.969173337331282969e-01
-5.999999999999999778e-01 9.999999999999997780e-01
-5.899999999999999689e-01 9.969173337331279638e-01
-5.800000000000000711e-01 9.876883405951379924e-01
-5.700000000000000622e-01 9.723699203976768901e-01
-5.600000000000000533e-01 9.510565162951534202e-01
-5.500000000000000444e-01 9.238795325112869605e-01
-5.400000000000000355e-01 8.910065241883675657e-01
-5.300000000000000266e-01 8.526401643540922892e-01
-5.200000000000000178e-01 8.090169943749472292e-01
-5.100000000000000089e-01 7.604059656000312639e-01
-5.000000000000000000e-01 7.071067811865474617e-01
-4.899999999999999911e-01 6.494480483301836582e-01
-4.799999999999999822e-01 5.877852522924730261e-01
-4.699999999999999734e-01 5.224985647159487989e-01
-4.599999999999999645e-01 4.539904997395462494e-01
-4.499999999999999556e-01 3.826834323650892267e-01
-4.399999999999999467e-01 3.090169943749468962e-01
-4.299999999999999378e-01 2.334453638559049193e-01
-4.200000000000000400e-01 1.564344650402312298e-01
-4.100000000000000311e-01 7.845909572784527664e-02
-4.000000000000000222e-01 -1.196959198423996895e-16
-3.900000000000000133e-01 -7.845909572784508235e-02
-3.800000000000000044e-01 -1.564344650402310077e-01
-3.699999999999999956e-01 -2.334453638559055577e-01
-3.599999999999999867e-01 -3.090169943749474513e-01
-3.499999999999999778e-01 -3.826834323650898928e-01
-3.399999999999999689e-01 -4.539904997395472486e-01
-3.299999999999999600e-01 -5.224985647159494651e-01
-3.199999999999999512e-01 -5.877852522924735812e-01
-3.099999999999999423e-01 -6.494480483301839913e-01
-2.999999999999999334e-01 -7.071067811865479058e-01
-2.900000000000000355e-01 -7.604059656000308198e-01
-2.800000000000000266e-01 -8.090169943749474513e-01
-2.700000000000000178e-01 -8.526401643540924002e-01
-2.600000000000000089e-01 -8.910065241883676768e-01
-2.500000000000000000e-01 -9.238795325112867385e-01
-2.399999999999999911e-01 -9.510565162951536422e-01
-2.299999999999999822e-01 -9.723699203976767791e-01
-2.199999999999999734e-01 -9.876883405951378814e-01
-2.099999999999999645e-01 -9.969173337331278528e-01
-1.999999999999999556e-01 -1.000000000000000000e+00
-1.899999999999999467e-01 -9.969173337331279638e-01
-1.799999999999999378e-01 -9.876883405951374373e-01
-1.699999999999999289e-01 -9.723699203976763350e-01
-1.600000000000000311e-01 -9.510565162951538642e-01
-1.500000000000000222e-01 -9.238795325112868495e-01
-1.400000000000000133e-01 -8.910065241883678988e-01
-1.300000000000000044e-01 -8.526401643540921782e-01
-1.199999999999999956e-01 -8.090169943749474513e-01
-1.099999999999999867e-01 -7.604059656000308198e-01
-9.999999999999997780e-02 -7.071067811865474617e-01
-8.999999999999996891e-02 -6.494480483301834361e-01
-7.999999999999996003e-02 -5.877852522924728040e-01
-6.999999999999995115e-02 -5.224985647159486879e-01
-5.999999999999994227e-02 -4.539904997395463604e-01
-4.999999999999993339e-02 -3.826834323650892822e-01
-4.000000000000003553e-02 -3.090169943749476733e-01
-3.000000000000002665e-02 -2.334453638559056410e-01
-2.000000000000001776e-02 -1.564344650402310077e-01
-1.000000000000000888e-02 -7.845909572784502684e-02
0.000000000000000000e+00 0.000000000000000000e+00
9.999999999999999547e-07 -1.000000000330235443e-06
7.348700386135334321e-03 -7.344626525848428102e-03
1.734870038613533366e-02 -1.729507040484412964e-02
2.734870038613533214e-02 -2.713888421441592452e-02
3.734870038613533755e-02 -3.681537620457915605e-02
4.734870038613533949e-02 -4.626488795005720411e-02
5.734870038613534143e-02 -5.542915997069468304e-02
6.734870038613534338e-02 -6.425169150830378761e-02
7.734870038613535226e-02 -7.267808871513227464e-02
8.734870038613536114e-02 -8.065640005222324271e-02
9.734870038613537002e-02 -8.813743657662080622e-02
1.073487003861353789e-01 -9.507507521059029021e-02
1.173487003861353878e-01 -1.014265431049180544e-01
1.273487003861353828e-01 -1.071526813479678764e-01
1.373487003861353917e-01 -1.122181863933345708e-01
1.473487003861354006e-01 -1.165918277179627954e-01
1.573487003861354094e-01 -1.202466403687027091e-01
1.673487003861354183e-01 -1.231600912102140122e-01
1.773487003861354272e-01 -1.253142178492380465e-01
1.873487003861354361e-01 -1.266957393787254416e-01
1.973487003861354450e-01 -1.272961382590443724e-01
2.073487003861354538e-01 -1.271117128314448175e-01
2.173487003861354627e-01 -1.261436001400155771e-01
2.273487003861354716e-01 -1.243977689214294524e-01
2.373487003861354805e-01 -1.218849828056968315e-01
2.473487003861354894e-01 -1.186207339548073642e-01
2.573487003861354983e-01 -1.146251475483996835e-01
2.673487003861355071e-01 -1.099228577053366074e-01
2.773487003861355160e-01 -1.045428556061706593e-01
2.873487003861355249e-01 -9.851831075287544037e-02
2.973487003861355338e-01 -9.188636646783596151e-02
3.073487003861355427e-01 -8.468791089291477503e-02
3.173487003861355515e-01 -7.696732490046064024e-02
3.273487003861355604e-01 -6.877220847047239849e-02
3.373487003861355693e-01 -6.015308722089368620e-02
3.473487003861355782e-01 -5.116310090037681779e-02
3.573487003861355871e-01 -4.185767576406158874e-02
3.673487003861355960e-01 -3.229418285228123631e-02
3.773487003861356048e-01 -2.253158427902099414e-02
3.873487003861356137e-01 -1.263006971087846791e-02
3.973487003861356226e-01 -2.650685277753965507e-03
4.073487003861356315e-01 7.345042796840227026e-03
4.173487003861356404e-01 1.729548752540736173e-02
4.273487003861356492e-01 2.713930110733717843e-02
4.373487003861356581e-01 3.681579315849689560e-02
4.473487003861356670e-01 4.626530488763097582e-02
4.573487003861356759e-01 5.542957691264779885e-02
4.673487003861356848e-01 6.425210844908343932e-02
4.773487003861356937e-01 7.267850565622634151e-02
4.873487003861357025e-01 8.065681699323304366e-02
4.973487003861357114e-01 8.813785351765317244e-02
5.073487003861355538e-01 9.507549215161659184e-02
5.173487003861354516e-01 1.014269600459459658e-01
5.273487003861353495e-01 1.071530982889953576e-01
5.373487003861352473e-01 1.122186033343621769e-01
5.473487003861351452e-01 1.165922446589903877e-01
5.573487003861350431e-01 1.202470573097303291e-01
5.673487003861349409e-01 1.231605081512416600e-01
5.773487003861348388e-01 1.253146347902657498e-01
5.873487003861347366e-01 1.266961563197532004e-01
5.973487003861346345e-01 1.272965552000722145e-01
6.073487003861345324e-01 1.271121297724727151e-01
6.173487003861344302e-01 1.261440170810435579e-01
6.273487003861343281e-01 1.243981858624575165e-01
6.373487003861342259e-01 1.218853997467249789e-01
6.473487003861341238e-01 1.186211508958356087e-01
6.573487003861340217e-01 1.146255644894280390e-01
6.673487003861339195e-01 1.099232746463650601e-01
6.773487003861338174e-01 1.045432725471992091e-01
6.873487003861337152e-01 9.851872769390410123e-02
6.973487003861336131e-01 9.188678340886473339e-02
7.073487003861335110e-01 8.468832783394364405e-02
7.173487003861334088e-01 7.696774184148960640e-02
7.273487003861333067e-01 6.877262541150146180e-02
7.373487003861332045e-01 6.015350416192284666e-02
7.473487003861331024e-01 5.116351784140606151e-02
7.573487003861330003e-01 4.185809270509090185e-02
7.673487003861328981e-01 3.229459979331061187e-02
7.773487003861327960e-01 2.253200122005041828e-02
7.873487003861326938e-01 1.263048665190792327e-02
7.973487003861325917e-01 2.651102218783436479e-03
8.073487003861324895e-01 -7.344625855810761259e-03
8.173487003861323874e-01 -1.729507058437791678e-02
8.273487003861322853e-01 -2.713888416630777511e-02
8.373487003861321831e-01 -3.681537621746755473e-02
8.473487003861320810e-01 -4.626488794660172515e-02
8.573487003861319788e-01 -5.542915997161866615e-02
8.673487003861318767e-01 -6.425169150805443152e-02
8.773487003861317746e-01 -7.267808871519755576e-02
8.873487003861316724e-01 -8.065640005220421627e-02
8.973487003861315703e-01 -8.813743657662544140e-02
9.073487003861314681e-01 -9.507507521058580768e-02
9.173487003861313660e-01 -1.014265431049276994e-01
9.273487003861312639e-01 -1.071526813479315582e-01
9.373487003861311617e-01 -1.122181863934695739e-01
9.473487003861310596e-01 -1.165918277174602252e-01
9.573487003861309574e-01 -1.202466403705809428e-01
9.673487003861308553e-01 -1.231600912032085327e-01
9.773487003861307532e-01 -1.253142178753886560e-01
9.873487003861306510e-01 -1.266957392811375871e-01
9.936743501930653810e-01 -1.271666540445438032e-01
1.000000000000000000e+00 -1.273237534783899227e-01
1.009999999999999787e+00 -1.273737299579331683e-01
1.019999999999999574e+00 -1.275233469168871592e-01
1.029999999999999361e+00 -1.277716818821271749e-01
1.039999999999999147e+00 -1.281172037792762397e-01
1.049999999999998934e+00 -1.285577823364489891e-01
1.059999999999998721e+00 -1.290907012279194355e-01
1.069999999999998508e+00 -1.297126748185375711e-01
1.079999999999998295e+00 -1.304198684214686599e-01
1.089999999999998082e+00 -1.312079219401235397e-01
1.099999999999997868e+00 -1.320719767496547070e-01
1.109999999999997655e+00 -1.330067056519805002e-01
1.119999999999997442e+00 -1.340063457197364361e-01
1.129999999999997229e+00 -1.350647338266378061e-01
1.139999999999997016e+00 -1.361753446452029226e-01
1.149999999999996803e+00 -1.373313308775668262e-01
1.159999999999996589e+00 -1.385255654713496987e-01
1.169999999999996376e+00 -1.397506855603046494e-01
1.179999999999996163e+00 -1.409991378588366095e-01
1.189999999999995950e+00 -1.422632252305197076e-01
1.199999999999995737e+00 -1.435351541435029021e-01
1.209999999999995524e+00 -1.448070827202254940e-01
1.219999999999995310e+00 -1.460711690851998756e-01
1.229999999999995097e+00 -1.473196197127817353e-01
1.239999999999994884e+00 -1.485447374768471829e-01
1.249999999999994671e+00 -1.497389691061348227e-01
1.259999999999994458e+00 -1.508949517526749218e-01
1.269999999999994245e+00 -1.520055583861953941e-01
1.279999999999994031e+00 -1.530639417346335018e-01
1.289999999999993818e+00 -1.540635764998450619e-01
1.299999999999993605e+00 -1.549982995882373538e-01
1.309999999999993392e+00 -1.558623481082905549e-01
1.319999999999993179e+00 -1.566503949007003460e-01
1.329999999999992966e+00 -1.573575813820864977e-01
1.339999999999992752e+00 -1.579795474997749694e-01
1.349999999999992539e+00 -1.585124586129726121e-01
1.359999999999992326e+00 -1.589530291346027135e-01
1.369999999999992113e+00 -1.592985427880419524e-01
1.379999999999991900e+00 -1.595468693538690530e-01
1.389999999999991687e+00 -1.596964778033758137e-01
1.399999999999991473e+00 -1.597464457378682812e-01
1.409999999999991260e+00 -1.596964650755613724e-01
1.419999999999991047e+00 -1.595468439510055458e-01
1.429999999999990834e+00 -1.592985048153348904e-01
1.439999999999990621e+00 -1.589529787490490398e-01
1.449999999999990408e+00 -1.585123960223928374e-01
1.459999999999990195e+00 -1.579794729615318361e-01
1.469999999999989981e+00 -1.573574952014982486e-01
1.479999999999989768e+00 -1.566502974291583694e-01
1.489999999999989555e+00 -1.558622397410928950e-01
1.499999999999989342e+00 -1.549981807621516328e-01
1.509999999999989129e+00 -1.540634476904156058e-01
1.519999999999988916e+00 -1.530638034532494640e-01
1.529999999999988702e+00 -1.520054111769378602e-01
1.539999999999988489e+00 -1.508947961889625100e-01
1.549999999999988276e+00 -1.497388057871883449e-01
1.559999999999988063e+00 -1.485445670239952387e-01
1.569999999999987850e+00 -1.473194427656300265e-01
1.579999999999987637e+00 -1.460709862976878048e-01
1.589999999999987423e+00 -1.448068947565944453e-01
1.599999999999987210e+00 -1.435349616742009615e-01
1.609999999999986997e+00 -1.422630289280681082e-01
1.619999999999986784e+00 -1.409989383936834373e-01
1.629999999999986571e+00 -1.397504835966912884e-01
1.639999999999986358e+00 -1.385253616632155516e-01
1.649999999999986144e+00 -1.373311258645175947e-01
1.659999999999985931e+00 -1.361751390485672064e-01
1.669999999999985718e+00 -1.350645282456364171e-01
1.679999999999985505e+00 -1.340061407277879924e-01
1.689999999999985292e+00 -1.330065017931661153e-01
1.699999999999985079e+00 -1.320717745353635064e-01
1.709999999999984865e+00 -1.312077218458999606e-01
1.719999999999984652e+00 -1.304196708840798247e-01
1.729999999999984439e+00 -1.297124802332833282e-01
1.739999999999984226e+00 -1.290905099461845118e-01
1.749999999999984013e+00 -1.285575946635765243e-01
1.759999999999983800e+00 -1.281170199725360781e-01
1.769999999999983586e+00 -1.277715021496864667e-01
1.779999999999983373e+00 -1.275231714144490214e-01
1.789999999999983160e+00 -1.273735587955319160e-01
1.799999999999982947e+00 -1.273235866916291037e-01
1.809999999999982734e+00 -1.273735631845256677e-01
1.819999999999982521e+00 -1.275231801396711495e-01
1.829999999999982307e+00 -1.277715151059314602e-01
1.839999999999982094e+00 -1.281170370028069661e-01
1.849999999999981881e+00 -1.285576155600528236e-01
1.859999999999981668e+00 -1.290905344515034803e-01
1.869999999999981455e+00 -1.297125080421267507e-01
1.879999999999981242e+00 -1.304197016450563129e-01
1.889999999999981029e+00 -1.312077551637114703e-01
1.899999999999980815e+00 -1.320718099732424156e-01
1.909999999999980602e+00 -1.330065388755681255e-01
1.919999999999980389e+00 -1.340061789433240336e-01
1.929999999999980176e+00 -1.350645670502251261e-01
1.939999999999979963e+00 -1.361751778687909364e-01
1.949999999999979750e+00 -1.373311641011519812e-01
1.959999999999979536e+00 -1.385253986949453731e-01
1.969999999999979323e+00 -1.397505187838609386e-01
1.979999999999979110e+00 -1.409989710825397813e-01
1.989999999999978897e+00 -1.422630584538253362e-01
1.994999999999989448e+00 -1.428985322579549855e-01
2.000000000000000000e+00 -1.435349874144802307e-01
2.009999999999999787e+00 -1.448083915955341860e-01
2.019999999999999574e+00 -1.460827942784503342e-01
2.029999999999999361e+00 -1.473591877654500670e-01
2.039999999999999147e+00 -1.486385520846910113e-01
2.049999999999998934e+00 -1.499218489480253769e-01
2.059999999999998721e+00 -1.512100158217370427e-01
2.069999999999998508e+00 -1.525039601467473305e-01
2.079999999999998295e+00 -1.538045537439407251e-01
2.089999999999998082e+00 -1.551126274390990378e-01
2.099999999999997868e+00 -1.564289659405842248e-01
2.109999999999997655e+00 -1.577543030013504044e-01
2.119999999999997442e+00 -1.590893168951128256e-01
2.129999999999997229e+00 -1.604346262345649199e-01
2.139999999999997016e+00 -1.617907861574253703e-01
2.149999999999996803e+00 -1.631582849038293870e-01
2.159999999999996589e+00 -1.645375408061659772e-01
2.169999999999996376e+00 -1.659288997099196694e-01
2.179999999999996163e+00 -1.673326328414180553e-01
2.189999999999995950e+00 -1.687489351356312728e-01
2.199999999999995737e+00 -1.701779240343331556e-01
2.209999999999995524e+00 -1.716196387620336217e-01
2.219999999999995310e+00 -1.730740400841465076e-01
2.229999999999995097e+00 -1.745410105488838237e-01
2.239999999999994884e+00 -1.760203552113851211e-01
2.249999999999994671e+00 -1.775118028356173772e-01
2.259999999999994458e+00 -1.790150075666352980e-01
2.269999999999994245e+00 -1.805295510628921463e-01
2.279999999999994031e+00 -1.820549450754543885e-01
2.289999999999993818e+00 -1.835906344582187988e-01
2.299999999999993605e+00 -1.851360005905727524e-01
2.309999999999993392e+00 -1.866903651913960349e-01
2.319999999999993179e+00 -1.882529945008895034e-01
2.329999999999992966e+00 -1.898231038044482510e-01
2.339999999999992752e+00 -1.913998622706880315e-01
2.349999999999992539e+00 -1.929823980737971345e-01
2.359999999999992326e+00 -1.945698037686323101e-01
2.369999999999992113e+00 -1.961611418854199151e-01
2.379999999999991900e+00 -1.977554507095687641e-01
2.389999999999991687e+00 -1.993517502109603823e-01
2.399999999999991473e+00 -2.009490480861606254e-01
2.409999999999991260e+00 -2.025463458763002988e-01
2.419999999999991047e+00 -2.041426451229060857e-01
2.429999999999990834e+00 -2.057369535237291158e-01
2.439999999999990621e+00 -2.073282910506182020e-01
2.449999999999990408e+00 -2.089156959917193856e-01
2.459999999999990195e+00 -2.104982308807492597e-01
2.469999999999989981e+00 -2.120749882767863914e-01
2.479999999999989768e+00 -2.136450963589463237e-01
2.489999999999989555e+00 -2.152077243014472174e-01
2.499999999999989342e+00 -2.167620873959271444e-01
2.509999999999989129e+00 -2.183074518894319860e-01
2.519999999999988916e+00 -2.198431395082464934e-01
2.529999999999988702e+00 -2.213685316396772074e-01
2.539999999999988489e+00 -2.228830731460054726e-01
2.549999999999988276e+00 -2.243862757870960511e-01
2.559999999999988063e+00 -2.258777212305599635e-01
2.569999999999987850e+00 -2.273570636309126813e-01
2.579999999999987637e+00 -2.288240317618266129e-01
2.589999999999987423e+00 -2.302784306883315923e-01
2.599999999999987210e+00 -2.317201429686537861e-01
2.609999999999986997e+00 -2.331491293782833041e-01
2.619999999999986784e+00 -2.345654291518063095e-01
2.629999999999986571e+00 -2.359691597410107922e-01
2.639999999999986358e+00 -2.373605160907571732e-01
2.649999999999986144e+00 -2.387397694370785028e-01
2.659999999999985931e+00 -2.401072656349200474e-01
2.669999999999985718e+00 -2.414634230258285719e-01
2.679999999999985505e+00 -2.428087298587376097e-01
2.689999999999985292e+00 -2.441437412797503592e-01
2.699999999999985079e+00 -2.454690759094794728e-01
2.709999999999984865e+00 -2.467854120290451370e-01
2.719999999999984652e+00 -2.480934833982465226e-01
2.729999999999984439e+00 -2.493940747316885365e-01
2.739999999999984226e+00 -2.506880168607553694e-01
2.749999999999984013e+00 -2.519761816112587871e-01
2.759999999999983800e+00 -2.532594764283420674e-01
2.769999999999983586e+00 -2.545388387817787978e-01
2.779999999999983373e+00 -2.558152303861602195e-01
2.789999999999983160e+00 -2.570896312716047238e-01
2.799999999999982947e+00 -2.583630337415465106e-01
2.809999999999982734e+00 -2.596364362548547744e-01
2.819999999999982521e+00 -2.609108372700028045e-01
2.829999999999982307e+00 -2.621872290892395263e-01
2.839999999999982094e+00 -2.634665917407160718e-01
2.849999999999981881e+00 -2.647498869362864271e-01
2.859999999999981668e+00 -2.660380521422339717e-01
2.869999999999981455e+00 -2.673319947994801105e-01
2.879999999999981242e+00 -2.686325867289093838e-01
2.889999999999981029e+00 -2.699406587563035753e-01
2.899999999999980815e+00 -2.712569955900246410e-01
2.909999999999980602e+00 -2.725823309830266994e-01
2.919999999999980389e+00 -2.739173432090249993e-01
2.929999999999980176e+00 -2.752626508807129446e-01
2.939999999999979963e+00 -2.766188091358092738e-01
2.949999999999979750e+00 -2.779863062144491415e-01
2.959999999999979536e+00 -2.793655604490216104e-01
2.969999999999979323e+00 -2.807569176850111536e-01
2.979999999999979110e+00 -2.821606491487456125e-01
2.989999999999978897e+00 -2.835769497751156609e-01
2.994999999999989448e+00 -2.842898531557161435e-01
3.000000000000000000e+00 -2.850059367674365740e-01
3.009999999999999787e+00 -2.864476532113342522e-01
3.019999999999999574e+00 -2.879021078594372618e-01
3.029999999999999361e+00 -2.893693156661749644e-01
3.039999999999999147e+00 -2.908493014526977727e-01
3.049999999999998934e+00 -2.923420997538453414e-01
3.059999999999998721e+00 -2.938477546052266631e-01
3.069999999999998508e+00 -2.953663192717244645e-01
3.079999999999998295e+00 -2.968978559190982858e-01
3.089999999999998082e+00 -2.984424352307105677e-01
3.099999999999997868e+00 -3.000001359717389127e-01
3.109999999999997655e+00 -3.015710445035613696e-01
3.119999999999997442e+00 -3.031552542513085147e-01
3.129999999999997229e+00 -3.047528651278650358e-01
3.139999999999997016e+00 -3.063639829178725349e-01
3.149999999999996803e+00 -3.079887186255305109e-01
3.159999999999996589e+00 -3.096271877902174730e-01
3.169999999999996376e+00 -3.112795097741507533e-01
3.179999999999996163e+00 -3.129458070264776182e-01
3.189999999999995950e+00 -3.146262043283342691e-01
3.199999999999995737e+00 -3.163208280235272341e-01
3.209999999999995524e+00 -3.180298052395806874e-01
3.219999999999995310e+00 -3.197532631039515238e-01
3.229999999999995097e+00 -3.214913279602450991e-01
3.239999999999994884e+00 -3.232441245892636594e-01
3.249999999999994671e+00 -3.250117754396897873e-01
3.259999999999994458e+00 -3.267943998731484556e-01
3.269999999999994245e+00 -3.285921134283014688e-01
3.279999999999994031e+00 -3.304050271085119395e-01
3.289999999999993818e+00 -3.322332466974704523e-01
3.299999999999993605e+00 -3.340768721070019875e-01
3.309999999999993392e+00 -3.359359967610751618e-01
3.319999999999993179e+00 -3.378107070198110296e-01
3.329999999999992966e+00 -3.397010816470429351e-01
3.339999999999992752e+00 -3.416071913247100689e-01
3.349999999999992539e+00 -3.435290982170784435e-01
3.359999999999992326e+00 -3.454668555874763070e-01
3.369999999999992113e+00 -3.474205074699066031e-01
3.379999999999991900e+00 -3.493900883975615823e-01
3.389999999999991687e+00 -3.513756231899128335e-01
3.399999999999991473e+00 -3.533771267996896337e-01
3.409999999999991260e+00 -3.553946042206891365e-01
3.419999999999991047e+00 -3.574280504569868344e-01
3.429999999999990834e+00 -3.594774505537365328e-01
3.439999999999990621e+00 -3.615427796893709300e-01
3.449999999999990408e+00 -3.636240033286333717e-01
3.459999999999990195e+00 -3.657210774354979210e-01
3.469999999999989981e+00 -3.678339487446649625e-01
3.479999999999989768e+00 -3.699625550899579562e-01
3.489999999999989555e+00 -3.721068257875975727e-01
3.499999999999989342e+00 -3.742666820719892651e-01
3.509999999999989129e+00 -3.764420375813379849e-01
3.519999999999988916e+00 -3.786327988900963226e-01
3.529999999999988702e+00 -3.808388660849625351e-01
3.539999999999988489e+00 -3.830601333808781317e-01
3.549999999999988276e+00 -3.852964897732266691e-01
3.559999999999988063e+00 -3.875478197222127497e-01
3.569999999999987850e+00 -3.898140038652020412e-01
3.579999999999987637e+00 -3.920949197526302776e-01
3.589999999999987423e+00 -3.943904426029444243e-01
3.599999999999987210e+00 -3.967004460719209535e-01
3.609999999999986997e+00 -3.990248030316188022e-01
3.619999999999986784e+00 -4.013633863541640756e-01
3.629999999999986571e+00 -4.037160696955344741e-01
3.639999999999986358e+00 -4.060827282745108624e-01
3.649999999999986144e+00 -4.084632396419936584e-01
3.659999999999985931e+00 -4.108574844359410005e-01
3.669999999999985718e+00 -4.132653471172741400e-01
3.679999999999985505e+00 -4.156867166822129644e-01
3.689999999999985292e+00 -4.181214873466500559e-01
3.699999999999985079e+00 -4.205695591983433790e-01
3.709999999999984865e+00 -4.230308388129074282e-01
3.719999999999984652e+00 -4.255052398298042049e-01
3.729999999999984439e+00 -4.279926834847834205e-01
3.739999999999984226e+00 -4.304930990954889403e-01
3.749999999999984013e+00 -4.330064244972378074e-01
3.759999999999983800e+00 -4.355326064262848851e-01
3.769999999999983586e+00 -4.380716008482101742e-01
3.779999999999983373e+00 -4.406233732294045358e-01
3.789999999999983160e+00 -4.431878987499794920e-01
3.799999999999982947e+00 -4.457651624567888216e-01
3.809999999999982734e+00 -4.483551593556183712e-01
3.819999999999982521e+00 -4.509578944419757596e-01
3.829999999999982307e+00 -4.535733826702901816e-01
3.839999999999982094e+00 -4.562016488617120502e-01
3.849999999999981881e+00 -4.588427275510810754e-01
3.859999999999981668e+00 -4.614966627740061944e-01
3.869999999999981455e+00 -4.641635077953701893e-01
3.879999999999981242e+00 -4.668433247809325448e-01
3.889999999999981029e+00 -4.695361844140557017e-01
3.899999999999980815e+00 -4.722421654599172625e-01
3.909999999999980602e+00 -4.749613542798953314e-01
3.919999999999980389e+00 -4.776938442991204292e-01
3.929999999999980176e+00 -4.804397354304772993e-01
3.939999999999979963e+00 -4.831991334586074882e-01
3.949999999999979750e+00 -4.859721493877104948e-01
3.959999999999979536e+00 -4.887588987571648280e-01
3.969999999999979323e+00 -4.915595009291878204e-01
3.979999999999979110e+00 -4.943740783529267935e-01
3.989999999999978897e+00 -4.972027558095174493e-01
3.999999999999978684e+00 -5.000456596403238807e-01
4.009999999999979359e+00 -5.029029169783282294e-01
4.019999999999980034e+00 -5.057746551631258081e-01
4.029999999999980709e+00 -5.086610016432649983e-01
4.039999999999981384e+00 -5.115620840662763458e-01
4.049999999999982059e+00 -5.144780303766252061e-01
4.059999999999982734e+00 -5.174089689118330782e-01
4.069999999999983409e+00 -5.203550284961762085e-01
4.079999999999984084e+00 -5.233163385313828186e-01
4.089999999999984759e+00 -5.262930290837700698e-01
4.099999999999985434e+00 -5.292852309672839706e-01
4.109999999999986109e+00 -5.322930758219295289e-01
4.119999999999986784e+00 -5.353166961871081986e-01
4.129999999999987459e+00 -5.383562255694099852e-01
4.139999999999988134e+00 -5.414117985044426540e-01
4.149999999999988809e+00 -5.444835506123169022e-01
4.159999999999989484e+00 -5.475716186464448798e-01
4.169999999999990159e+00 -5.506761405353514105e-01
4.179999999999990834e+00 -5.537972554172407857e-01
4.189999999999991509e+00 -5.569351036671048583e-01
4.199999999999992184e+00 -5.600898269162063459e-01
4.209999999999992859e+00 -5.632615680638166644e-01
4.219999999999993534e+00 -5.664504712811359033e-01
4.229999999999994209e+00 -5.696566820073709625e-01
4.239999999999994884e+00 -5.728803469379963875e-01
4.249999999999995559e+00 -5.761216140052694001e-01
4.259999999999996234e+00 -5.793806323511198064e-01
4.269999999999996909e+00 -5.826575522925820927e-01
4.279999999999997584e+00 -5.859525252799825390e-01
4.289999999999998259e+00 -5.892657038481389220e-01
4.299999999999998934e+00 -5.925972415608744548e-01
4.309999999999999609e+00 -5.959472929491870241e-01
4.320000000000000284e+00 -5.993160134434556419e-01
4.330000000000000959e+00 -6.027035593001022207e-01
4.340000000000001634e+00 -6.061100875231602014e-01
4.350000000000002309e+00 -6.095357557812335347e-01
4.360000000000002984e+00 -6.129807223203593836e-01
4.370000000000003659e+00 -6.164451458733095635e-01
4.380000000000004334e+00 -6.199291855658920491e-01
4.390000000000005009e+00 -6.234330008208285312e-01
4.400000000000005684e+00 -6.269567512598018810e-01
4.410000000000006359e+00 -6.305005966042769305e-01
4.420000000000007034e+00 -6.340646965757055220e-01
4.430000000000007709e+00 -6.376492107957323352e-01
4.440000000000008384e+00 -6.412542986870155559e-01
4.450000000000009059e+00 -6.448801193752744521e-01
4.460000000000009734e+00 -6.485268315931679295e-01
4.470000000000010409e+00 -6.521945935865960386e-01
4.480000000000011084e+00 -6.558835630240027470e-01
4.490000000000011759e+00 -6.595938969092386417e-01
4.500000000000012434e+00 -6.633257514985215764e-01
4.510000000000013110e+00 -6.670792822220061868e-01
4.520000000000013785e+00 -6.708546436104464439e-01
4.530000000000014460e+00 -6.746519892274036589e-01
4.540000000000015135e+00 -6.784714716074170537e-01
4.550000000000015810e+00 -6.823132422005188102e-01
4.560000000000016485e+00 -6.861774513234356609e-01
4.570000000000017160e+00 -6.900642481177772236e-01
4.580000000000017835e+00 -6.939737805154697625e-01
4.590000000000018510e+00 -6.979061952116475398e-01
4.600000000000019185e+00 -7.018616376451698446e-01
4.610000000000019860e+00 -7.058402519868833824e-01
4.620000000000020535e+00 -7.098421811357017441e-01
4.630000000000021210e+00 -7.138675667225274912e-01
4.640000000000021885e+00 -7.179165491219914319e-01
4.650000000000022560e+00 -7.219892674719377013e-01
4.660000000000023235e+00 -7.260858597005335202e-01
4.670000000000023910e+00 -7.302064625608373216e-01
4.680000000000024585e+00 -7.343512116726114147e-01
4.690000000000025260e+00 -7.385202415711226154e-01
4.700000000000025935e+00 -7.427136857626281952e-01
4.710000000000026610e+00 -7.469316767862064221e-01
4.720000000000027285e+00 -7.511743462815502204e-01
4.730000000000027960e+00 -7.554418250623056164e-01
4.740000000000028635e+00 -7.597342431945030006e-01
4.750000000000029310e+00 -7.640517300795977018e-01
4.760000000000029985e+00 -7.683944145416081728e-01
4.770000000000030660e+00 -7.727624249178135507e-01
4.780000000000031335e+00 -7.771558891524531498e-01
4.790000000000032010e+00 -7.815749348928479057e-01
4.800000000000032685e+00 -7.860196895873536871e-01
4.810000000000033360e+00 -7.904902805845402947e-01
4.820000000000034035e+00 -7.949868352329860777e-01
4.830000000000034710e+00 -7.995094809810725511e-01
4.840000000000035385e+00 -8.040583454761636162e-01
4.850000000000036060e+00 -8.086335566625577620e-01
4.860000000000036735e+00 -8.132352428776097319e-01
4.870000000000037410e+00 -8.178635329454290170e-01
4.880000000000038085e+00 -8.225185562675770834e-01
4.890000000000038760e+00 -8.272004429102043366e-01
4.900000000000039435e+00 -8.319093236870899188e-01
4.910000000000040110e+00 -8.366453302380721935e-01
4.920000000000040785e+00 -8.414085951023856369e-01
4.930000000000041460e+00 -8.461992517864536101e-01
4.940000000000042135e+00 -8.510174348257171228e-01
4.950000000000042810e+00 -8.558632798401200059e-01
4.960000000000043485e+00 -8.607369235829076537e-01
4.970000000000044160e+00 -8.656385039824382455e-01
4.980000000000044835e+00 -8.705681601767490951e-01
4.990000000000021529e+00 -8.755260325406543087e-01
5.000000000000000000e+00 -8.805122627052505146e-01
