-1.000010000000000066e+00 1.172413793103449065e+00
-1.000000000000000000e+00 1.172413793103448842e+00
-9.899999999999999911e-01 1.172413793103448620e+00
-9.799999999999999822e-01 1.172413793103448176e+00
-9.699999999999999734e-01 1.172413793103448398e+00
-9.599999999999999645e-01 1.172413793103448176e+00
-9.499999999999999556e-01 1.172413793103448398e+00
-9.399999999999999467e-01 1.172413793103448398e+00
-9.299999999999999378e-01 1.172413793103448398e+00
-9.200000000000000400e-01 1.172413793103448398e+00
-9.100000000000000311e-01 1.172413793103448620e+00
-9.000000000000000222e-01 1.172413793103448398e+00
-8.900000000000000133e-01 1.172413793103448398e+00
-8.800000000000000044e-01 1.172413793103448620e+00
-8.699999999999999956e-01 1.172413793103448176e+00
-8.599999999999999867e-01 1.172413793103448176e+00
-8.499999999999999778e-01 1.172413793103448620e+00
-8.399999999999999689e-01 1.172413793103448176e+00
-8.299999999999999600e-01 1.172413793103448398e+00
-8.200000000000000622e-01 1.172413793103448620e+00
-8.100000000000000533e-01 1.172413793103448398e+00
-8.000000000000000444e-01 1.172413793103448398e+00
-7.900000000000000355e-01 1.172413793103448398e+00
-7.800000000000000266e-01 1.172413793103448398e+00
-7.700000000000000178e-01 1.172413793103448398e+00
-7.600000000000000089e-01 1.172413793103448398e+00
-7.500000000000000000e-01 1.172413793103448398e+00
-7.399999999999999911e-01 1.172413793103448398e+00
-7.299999999999999822e-01 1.172413793103448398e+00
-7.199999999999999734e-01 1.172413793103448398e+00
-7.099999999999999645e-01 1.172413793103448398e+00
-6.999999999999999556e-01 1.172413793103448398e+00
-6.899999999999999467e-01 1.172413793103448398e+00
-6.799999999999999378e-01 1.172413793103448398e+00
-6.699999999999999289e-01 1.172413793103448398e+00
-6.599999999999999201e-01 1.172413793103447954e+00
-6.499999999999999112e-01 1.172413793103448398e+00
-6.400000000000000133e-01 1.172413793103448620e+00
-6.300000000000000044e-01 1.172413793103448398e+00
-6.199999999999999956e-01 1.172413793103448398e+00
-6.099999999999999867e-01 1.172413793103448398e+00
-5.999999999999999778e-01 1.172413793103447954e+00
-5.899999999999999689e-01 1.172413793103448398e+00
-5.800000000000000711e-01 1.172413793103448620e+00
-5.700000000000000622e-01 1.172413793103448398e+00
-5.600000000000000533e-01 1.172413793103448398e+00
-5.500000000000000444e-01 1.172413793103448398e+00
-5.400000000000000355e-01 1.172413793103448398e+00
-5.300000000000000266e-01 1.172413793103448398e+00
-5.200000000000000178e-01 1.172413793103448398e+00
-5.100000000000000089e-01 1.172413793103448398e+00
-5.000000000000000000e-01 1.172413793103448398e+00
-4.899999999999999911e-01 1.172413793103448398e+00
-4.799999999999999822e-01 1.172413793103448398e+00
-4.699999999999999734e-01 1.172413793103448398e+00
-4.599999999999999645e-01 1.172413793103448398e+00
-4.499999999999999556e-01 1.172413793103448398e+00
-4.399999999999999467e-01 1.172413793103447954e+00
-4.299999999999999378e-01 1.172413793103448398e+00
-4.200000000000000400e-01 1.172413793103448620e+00
-4.100000000000000311e-01 1.172413793103448398e+00
-4.000000000000000222e-01 1.172413793103448398e+00
-3.900000000000000133e-01 1.172413793103448398e+00
-3.800000000000000044e-01 1.172413793103448398e+00
-3.699999999999999956e-01 1.172413793103448398e+00
-3.599999999999999867e-01 1.172413793103448398e+00
-3.499999999999999778e-01 1.172413793103448398e+00
-3.399999999999999689e-01 1.172413793103448398e+00
-3.299999999999999600e-01 1.172413793103448398e+00
-3.199999999999999512e-01 1.172413793103448398e+00
-3.099999999999999423e-01 1.172413793103447954e+00
-2.999999999999999334e-01 1.172413793103448398e+00
-2.900000000000000355e-01 1.172413793103448620e+00
-2.800000000000000266e-01 1.172413793103448398e+00
-2.700000000000000178e-01 1.172413793103448398e+00
-2.600000000000000089e-01 1.172413793103448398e+00
-2.500000000000000000e-01 1.172413793103448398e+00
-2.399999999999999911e-01 1.172413793103448398e+00
-2.299999999999999822e-01 1.172413793103448398e+00
-2.199999999999999734e-01 1.172413793103448398e+00
-2.099999999999999645e-01 1.172413793103448398e+00
-1.999999999999999556e-01 1.172413793103448398e+00
-1.899999999999999467e-01 1.172413793103448398e+00
-1.799999999999999378e-01 1.172413793103447954e+00
-1.699999999999999289e-01 1.172413793103448398e+00
-1.600000000000000311e-01 1.172413793103448620e+00
-1.500000000000000222e-01 1.172413793103448398e+00
-1.400000000000000133e-01 1.172413793103448398e+00
-1.300000000000000044e-01 1.172413793103448398e+00
-1.199999999999999956e-01 1.172413793103448398e+00
-1.099999999999999867e-01 1.172413793103448398e+00
-9.999999999999997780e-02 1.172413793103448398e+00
-8.999999999999996891e-02 1.172413793103448398e+00
-7.999999999999996003e-02 1.172413793103448398e+00
-6.999999999999995115e-02 1.172413793103448398e+00
-5.999999999999994227e-02 1.172413793103448176e+00
-4.999999999999993339e-02 1.172413793103448398e+00
-4.000000000000003553e-02 1.172413793103448398e+00
-3.000000000000002665e-02 1.172413793103448398e+00
-2.000000000000001776e-02 1.172413793103448398e+00
-1.000000000000000888e-02 1.172413793103448398e+00
0.000000000000000000e+00 1.172413793103448398e+00
9.999999999999999547e-07 1.172414965517241559e+00
1.000100000000000121e-02 1.184139103448275998e+00
2.000099999999999795e-02 1.195863241379310438e+00
3.000099999999999642e-02 1.207587379310344877e+00
4.000100000000000183e-02 1.219311517241379317e+00
5.000100000000000378e-02 1.231035655172413756e+00
6.000100000000000572e-02 1.242759793103448196e+00
7.000100000000000766e-02 1.254483931034482636e+00
8.000100000000001654e-02 1.266208068965517075e+00
9.000100000000002542e-02 1.277932206896551515e+00
1.000010000000000343e-01 1.289656344827585954e+00
1.100010000000000432e-01 1.301380482758620394e+00
1.200010000000000521e-01 1.313104620689654833e+00
1.300010000000000610e-01 1.324828758620689273e+00
1.400010000000000698e-01 1.336552896551723713e+00
1.500010000000000787e-01 1.348277034482758152e+00
1.600010000000000876e-01 1.360001172413792592e+00
1.700010000000000965e-01 1.371725310344827031e+00
1.800010000000001054e-01 1.383449448275861471e+00
1.900010000000001142e-01 1.395173586206895910e+00
2.000010000000001231e-01 1.406897724137930350e+00
2.100010000000001320e-01 1.418621862068964790e+00
2.200010000000001409e-01 1.430345999999999229e+00
2.300010000000001498e-01 1.442070137931033669e+00
2.400010000000001587e-01 1.453794275862068108e+00
2.500010000000001398e-01 1.465518413793102548e+00
2.600010000000001487e-01 1.477242551724136987e+00
2.700010000000001575e-01 1.488966689655171427e+00
2.800010000000001664e-01 1.500690827586205867e+00
2.900010000000001753e-01 1.512414965517240306e+00
3.000010000000001842e-01 1.524139103448274746e+00
3.100010000000001931e-01 1.535863241379309185e+00
3.200010000000002020e-01 1.547587379310343625e+00
3.300010000000002108e-01 1.559311517241378064e+00
3.400010000000002197e-01 1.571035655172412504e+00
3.500010000000002286e-01 1.582759793103446944e+00
3.600010000000002375e-01 1.594483931034481383e+00
3.700010000000002464e-01 1.606208068965515823e+00
3.800010000000002552e-01 1.617932206896550262e+00
3.900010000000002641e-01 1.629656344827584702e+00
4.000010000000002730e-01 1.641380482758619141e+00
4.100010000000002819e-01 1.653104620689653581e+00
4.200010000000002908e-01 1.664828758620688021e+00
4.300010000000002997e-01 1.676552896551722460e+00
4.400010000000003085e-01 1.688277034482756900e+00
4.500010000000003174e-01 1.700001172413791339e+00
4.600010000000003263e-01 1.711725310344825779e+00
4.700010000000003352e-01 1.723449448275860219e+00
4.800010000000003441e-01 1.735173586206894658e+00
4.900010000000003529e-01 1.746897724137929098e+00
5.000010000000003618e-01 1.758621862068963537e+00
5.100010000000002597e-01 1.770345999999997977e+00
5.200010000000001575e-01 1.782070137931032416e+00
5.300010000000000554e-01 1.793794275862066856e+00
5.400009999999999533e-01 1.805518413793101296e+00
5.500009999999998511e-01 1.817242551724135735e+00
5.600009999999997490e-01 1.828966689655170175e+00
5.700009999999996468e-01 1.840690827586204614e+00
5.800009999999995447e-01 1.852414965517239054e+00
5.900009999999994426e-01 1.864139103448273493e+00
6.000009999999993404e-01 1.875863241379307933e+00
6.100009999999992383e-01 1.887587379310342373e+00
6.200009999999991361e-01 1.899311517241376812e+00
6.300009999999990340e-01 1.911035655172411252e+00
6.400009999999989319e-01 1.922759793103445691e+00
6.500009999999988297e-01 1.934483931034480131e+00
6.600009999999987276e-01 1.946208068965514570e+00
6.700009999999986254e-01 1.957932206896549010e+00
6.800009999999985233e-01 1.969656344827583450e+00
6.900009999999984212e-01 1.981380482758617889e+00
7.000009999999983190e-01 1.993104620689652329e+00
7.100009999999982169e-01 2.004828758620686990e+00
7.200009999999981147e-01 2.016552896551721652e+00
7.300009999999980126e-01 2.028277034482756314e+00
7.400009999999979105e-01 2.040001172413790975e+00
7.500009999999978083e-01 2.051725310344825637e+00
7.600009999999977062e-01 2.063449448275860298e+00
7.700009999999976040e-01 2.075173586206894960e+00
7.800009999999975019e-01 2.086897724137929622e+00
7.900009999999973997e-01 2.098621862068964283e+00
8.000009999999972976e-01 2.110345999999998945e+00
8.100009999999971955e-01 2.122070137931033607e+00
8.200009999999970933e-01 2.133794275862068268e+00
8.300009999999969912e-01 2.145518413793102930e+00
8.400009999999968890e-01 2.157242551724137591e+00
8.500009999999967869e-01 2.168966689655172253e+00
8.600009999999966848e-01 2.180690827586206915e+00
8.700009999999965826e-01 2.192414965517241576e+00
8.800009999999964805e-01 2.204139103448276238e+00
8.900009999999963783e-01 2.215863241379310900e+00
9.000009999999962762e-01 2.227587379310345561e+00
9.100009999999961741e-01 2.239311517241380223e+00
9.200009999999960719e-01 2.251035655172414884e+00
9.300009999999959698e-01 2.262759793103449546e+00
9.400009999999958676e-01 2.274483931034484208e+00
9.500009999999957655e-01 2.286208068965518869e+00
9.600009999999956634e-01 2.297932206896553531e+00
9.700009999999955612e-01 2.309656344827588192e+00
9.800009999999954591e-01 2.321380482758622854e+00
9.900004999999978406e-01 2.333104034482763378e+00
1.000000000000000000e+00 2.344827586206903902e+00
1.009999999999999787e+00 2.356610344827593462e+00
1.019999999999999574e+00 2.368510344827593261e+00
1.029999999999999361e+00 2.380527586206903745e+00
1.039999999999999147e+00 2.392662068965524469e+00
1.049999999999998934e+00 2.404913793103455433e+00
1.059999999999998721e+00 2.417282758620696637e+00
1.069999999999998508e+00 2.429768965517248525e+00
1.079999999999998295e+00 2.442372413793110653e+00
1.089999999999998082e+00 2.455093103448283021e+00
1.099999999999997868e+00 2.467931034482765629e+00
1.109999999999997655e+00 2.480886206896558921e+00
1.119999999999997442e+00 2.493958620689662453e+00
1.129999999999997229e+00 2.507148275862076225e+00
1.139999999999997016e+00 2.520455172413800238e+00
1.149999999999996803e+00 2.533879310344834490e+00
1.159999999999996589e+00 2.547420689655179427e+00
1.169999999999996376e+00 2.561079310344834603e+00
1.179999999999996163e+00 2.574855172413800020e+00
1.189999999999995950e+00 2.588748275862075676e+00
1.199999999999995737e+00 2.602758620689662017e+00
1.209999999999995524e+00 2.616886206896558598e+00
1.219999999999995310e+00 2.631131034482765418e+00
1.229999999999995097e+00 2.645493103448282479e+00
1.239999999999994884e+00 2.659972413793109780e+00
1.249999999999994671e+00 2.674568965517247765e+00
1.259999999999994458e+00 2.689282758620695990e+00
1.269999999999994245e+00 2.704113793103454455e+00
1.279999999999994031e+00 2.719062068965523160e+00
1.289999999999993818e+00 2.734127586206902549e+00
1.299999999999993605e+00 2.749310344827592179e+00
1.309999999999993392e+00 2.764610344827592048e+00
1.319999999999993179e+00 2.780027586206902157e+00
1.329999999999992966e+00 2.795562068965522950e+00
1.339999999999992752e+00 2.811213793103453984e+00
1.349999999999992539e+00 2.826982758620695257e+00
1.359999999999992326e+00 2.842868965517246771e+00
1.369999999999992113e+00 2.858872413793108525e+00
1.379999999999991900e+00 2.874993103448280962e+00
1.389999999999991687e+00 2.891231034482763640e+00
1.399999999999991473e+00 2.907586206896556558e+00
1.409999999999991260e+00 2.924058620689659715e+00
1.419999999999991047e+00 2.940648275862073557e+00
1.429999999999990834e+00 2.957355172413797639e+00
1.439999999999990621e+00 2.974179310344831961e+00
1.449999999999990408e+00 2.991120689655176523e+00
1.459999999999990195e+00 3.008179310344831769e+00
1.469999999999989981e+00 3.025355172413797256e+00
1.479999999999989768e+00 3.042648275862072982e+00
1.489999999999989555e+00 3.060058620689658948e+00
1.499999999999989342e+00 3.077586206896555154e+00
1.509999999999989129e+00 3.095231034482762045e+00
1.519999999999988916e+00 3.112993103448279175e+00
1.529999999999988702e+00 3.130872413793106546e+00
1.539999999999988489e+00 3.148868965517244156e+00
1.549999999999988276e+00 3.166982758620692451e+00
1.559999999999988063e+00 3.185213793103450985e+00
1.569999999999987850e+00 3.203562068965519760e+00
1.579999999999987637e+00 3.222027586206898775e+00
1.589999999999987423e+00 3.240610344827588474e+00
1.599999999999987210e+00 3.259310344827588413e+00
1.609999999999986997e+00 3.278127586206898592e+00
1.619999999999986784e+00 3.297062068965519011e+00
1.629999999999986571e+00 3.316113793103449670e+00
1.639999999999986358e+00 3.335282758620691013e+00
1.649999999999986144e+00 3.354568965517242596e+00
1.659999999999985931e+00 3.373972413793104419e+00
1.669999999999985718e+00 3.393493103448276482e+00
1.679999999999985505e+00 3.413131034482759230e+00
1.689999999999985292e+00 3.432886206896552217e+00
1.699999999999985079e+00 3.452758620689655444e+00
1.709999999999984865e+00 3.472748275862068912e+00
1.719999999999984652e+00 3.492855172413793063e+00
1.729999999999984439e+00 3.513079310344827455e+00
1.739999999999984226e+00 3.533420689655172087e+00
1.749999999999984013e+00 3.553879310344826958e+00
1.759999999999983800e+00 3.574455172413792514e+00
1.769999999999983586e+00 3.595148275862068310e+00
1.779999999999983373e+00 3.615958620689654346e+00
1.789999999999983160e+00 3.636886206896550622e+00
1.799999999999982947e+00 3.657931034482757138e+00
1.809999999999982734e+00 3.679093103448274338e+00
1.819999999999982521e+00 3.700372413793101778e+00
1.829999999999982307e+00 3.721768965517239458e+00
1.839999999999982094e+00 3.743282758620687378e+00
1.849999999999981881e+00 3.764913793103445983e+00
1.859999999999981668e+00 3.786662068965514827e+00
1.869999999999981455e+00 3.808527586206893911e+00
1.879999999999981242e+00 3.830510344827583236e+00
1.889999999999981029e+00 3.852610344827583244e+00
1.899999999999980815e+00 3.874827586206893493e+00
1.909999999999980602e+00 3.897162068965513981e+00
1.919999999999980389e+00 3.919613793103444710e+00
1.929999999999980176e+00 3.942182758620686123e+00
1.939999999999979963e+00 3.964868965517237775e+00
1.949999999999979750e+00 3.987672413793099668e+00
1.959999999999979536e+00 4.010593103448272245e+00
1.969999999999979323e+00 4.033631034482755062e+00
1.979999999999979110e+00 4.056786206896547675e+00
1.989999999999978897e+00 4.080058620689650972e+00
1.994999999999989448e+00 4.091738793103468552e+00
2.000000000000000000e+00 4.103448275862113803e+00
2.009999999999999787e+00 4.126955367816137255e+00
2.019999999999999574e+00 4.150580873563264106e+00
2.029999999999999361e+00 4.174325965517287074e+00
2.039999999999999147e+00 4.198191816091999762e+00
2.049999999999998934e+00 4.222179597701194886e+00
2.059999999999998721e+00 4.246290482758666052e+00
2.069999999999998508e+00 4.270525643678205974e+00
2.079999999999998295e+00 4.294886252873608257e+00
2.089999999999998082e+00 4.319373482758665617e+00
2.099999999999997868e+00 4.343988505747171658e+00
2.109999999999997655e+00 4.368732494252919096e+00
2.119999999999997442e+00 4.393606620689700648e+00
2.129999999999997229e+00 4.418612057471309917e+00
2.139999999999997016e+00 4.443749977011539620e+00
2.149999999999996803e+00 4.469021551724183361e+00
2.159999999999996589e+00 4.494427954023033855e+00
2.169999999999996376e+00 4.519970356321884708e+00
2.179999999999996163e+00 4.545649931034528635e+00
2.189999999999995950e+00 4.571467850574758351e+00
2.199999999999995737e+00 4.597425287356367463e+00
2.209999999999995524e+00 4.623523413793149572e+00
2.219999999999995310e+00 4.649763402298896509e+00
2.229999999999995097e+00 4.676146425287402764e+00
2.239999999999994884e+00 4.702673655172460165e+00
2.249999999999994671e+00 4.729346264367862318e+00
2.259999999999994458e+00 4.756165425287402826e+00
2.269999999999994245e+00 4.783132310344874405e+00
2.279999999999994031e+00 4.810248091954069771e+00
2.289999999999993818e+00 4.837513942528782529e+00
2.299999999999993605e+00 4.864931034482805394e+00
2.309999999999993392e+00 4.892500540229931971e+00
2.319999999999993179e+00 4.920223632183954976e+00
2.329999999999992966e+00 4.948101482758668013e+00
2.339999999999992752e+00 4.976135264367863797e+00
2.349999999999992539e+00 5.004326149425335046e+00
2.359999999999992326e+00 5.032675310344875363e+00
2.369999999999992113e+00 5.061183919540277465e+00
2.379999999999991900e+00 5.089853149425334955e+00
2.389999999999991687e+00 5.118684172413840550e+00
2.399999999999991473e+00 5.147678160919587853e+00
2.409999999999991260e+00 5.176836287356369581e+00
2.419999999999991047e+00 5.206159724137978451e+00
2.429999999999990834e+00 5.235649643678208065e+00
2.439999999999990621e+00 5.265307218390852029e+00
2.449999999999990408e+00 5.295133620689703058e+00
2.459999999999990195e+00 5.325130022988553868e+00
2.469999999999989981e+00 5.355297597701197176e+00
2.479999999999989768e+00 5.385637517241427474e+00
2.489999999999989555e+00 5.416150954023036590e+00
2.499999999999989342e+00 5.446839080459818128e+00
2.509999999999989129e+00 5.477703068965565691e+00
2.519999999999988916e+00 5.508744091954071109e+00
2.529999999999988702e+00 5.539963321839128874e+00
2.539999999999988489e+00 5.571361931034530812e+00
2.549999999999988276e+00 5.602941091954071418e+00
2.559999999999988063e+00 5.634701977011542517e+00
2.569999999999987850e+00 5.666645758620737716e+00
2.579999999999987637e+00 5.698773609195450618e+00
2.589999999999987423e+00 5.731086701149473939e+00
2.599999999999987210e+00 5.763586206896600395e+00
2.609999999999986997e+00 5.796273298850623590e+00
2.619999999999986784e+00 5.829149149425336240e+00
2.629999999999986571e+00 5.862214931034531951e+00
2.639999999999986358e+00 5.895471816092003436e+00
2.649999999999986144e+00 5.928920977011543414e+00
2.659999999999985931e+00 5.962563586206945487e+00
2.669999999999985718e+00 5.996400816092003261e+00
2.679999999999985505e+00 6.030433839080509451e+00
2.689999999999985292e+00 6.064663827586256772e+00
2.699999999999985079e+00 6.099091954023037943e+00
2.709999999999984865e+00 6.133719390804647453e+00
2.719999999999984652e+00 6.168547310344877133e+00
2.729999999999984439e+00 6.203576885057520585e+00
2.739999999999984226e+00 6.238809287356371414e+00
2.749999999999984013e+00 6.274245689655222336e+00
2.759999999999983800e+00 6.309887264367866067e+00
2.769999999999983586e+00 6.345735183908096211e+00
2.779999999999983373e+00 6.381790620689705484e+00
2.789999999999983160e+00 6.418054747126487491e+00
2.799999999999982947e+00 6.454528735632234948e+00
2.809999999999982734e+00 6.491213758620740570e+00
2.819999999999982521e+00 6.528110988505797962e+00
2.829999999999982307e+00 6.565221597701199840e+00
2.839999999999982094e+00 6.602546758620739809e+00
2.849999999999981881e+00 6.640087643678211471e+00
2.859999999999981668e+00 6.677845425287406655e+00
2.869999999999981455e+00 6.715821275862118966e+00
2.879999999999981242e+00 6.754016367816142008e+00
2.889999999999981029e+00 6.792431873563268496e+00
2.899999999999980815e+00 6.831068965517291147e+00
2.909999999999980602e+00 6.869928816092003565e+00
2.919999999999980389e+00 6.909012597701199354e+00
2.929999999999980176e+00 6.948321482758670342e+00
2.939999999999979963e+00 6.987856643678210133e+00
2.949999999999979750e+00 7.027619252873612332e+00
2.959999999999979536e+00 7.067610482758669654e+00
2.969999999999979323e+00 7.107831505747175704e+00
2.979999999999979110e+00 7.148283494252923198e+00
2.989999999999978897e+00 7.188967620689704852e+00
2.994999999999989448e+00 7.209397102011586789e+00
3.000000000000000000e+00 7.229885057471400422e+00
3.009999999999999787e+00 7.271036977459427675e+00
3.019999999999999574e+00 7.312424559458949425e+00
3.029999999999999361e+00 7.354048993469965545e+00
3.039999999999999147e+00 7.395911481216613126e+00
3.049999999999998934e+00 7.438013236147169138e+00
3.059999999999998721e+00 7.480355483434046882e+00
3.069999999999998508e+00 7.522939459973798648e+00
3.079999999999998295e+00 7.565766414387113059e+00
3.089999999999998082e+00 7.608837607018818616e+00
3.099999999999997868e+00 7.652154309937880150e+00
3.109999999999997655e+00 7.695717806937401484e+00
3.119999999999997442e+00 7.739529393534624546e+00
3.129999999999997229e+00 7.783590376970927593e+00
3.139999999999997016e+00 7.827902076211828764e+00
3.149999999999996803e+00 7.872465821946982523e+00
3.159999999999996589e+00 7.917282956590182330e+00
3.169999999999996376e+00 7.962354834279358862e+00
3.179999999999996163e+00 8.007682820876581786e+00
3.189999999999995950e+00 8.053268293968057989e+00
3.199999999999995737e+00 8.099112642864131573e+00
3.209999999999995524e+00 8.145217268599285632e+00
3.219999999999995310e+00 8.191583583932141366e+00
3.229999999999995097e+00 8.238213013345456304e+00
3.239999999999994884e+00 8.285106993046127855e+00
3.249999999999994671e+00 8.332266970965189756e+00
3.259999999999994458e+00 8.379694406757813852e+00
3.269999999999994245e+00 8.427390771803311864e+00
3.279999999999994031e+00 8.475357549205131846e+00
3.289999999999993818e+00 8.523596233790859955e+00
3.299999999999993605e+00 8.572108332112220452e+00
3.309999999999993392e+00 8.620895362445075705e+00
3.319999999999993179e+00 8.669958854789424407e+00
3.329999999999992966e+00 8.719300350869405136e+00
3.339999999999992752e+00 8.768921404133294573e+00
3.349999999999992539e+00 8.818823579753505726e+00
3.359999999999992326e+00 8.869008454626589710e+00
3.369999999999992113e+00 8.919477617373237521e+00
3.379999999999991900e+00 8.970232668338276483e+00
3.389999999999991687e+00 9.021275219590672023e+00
3.399999999999991473e+00 9.072606894923527676e+00
3.409999999999991260e+00 9.124229329854083304e+00
3.419999999999991047e+00 9.176144171623720425e+00
3.429999999999990834e+00 9.228353079197955111e+00
3.439999999999990621e+00 9.280857723266441539e+00
3.449999999999990408e+00 9.333659786242973766e+00
3.459999999999990195e+00 9.386760962265483954e+00
3.469999999999989981e+00 9.440162957196040594e+00
3.479999999999989768e+00 9.493867488620850281e+00
3.489999999999989555e+00 9.547876285850257716e+00
3.499999999999989342e+00 9.602191089918743927e+00
3.509999999999989129e+00 9.656813653584931600e+00
3.519999999999988916e+00 9.711745741331579751e+00
3.529999999999988702e+00 9.766989129365583722e+00
3.539999999999988489e+00 9.822545605617978737e+00
3.549999999999988276e+00 9.878416969743936349e+00
3.559999999999988063e+00 9.934605033122767992e+00
3.569999999999987850e+00 9.991111618857921428e+00
3.579999999999987637e+00 1.004793856177698252e+01
3.589999999999987423e+00 1.010508770843167703e+01
3.599999999999987210e+00 1.016256091709786524e+01
3.609999999999986997e+00 1.022036005777554735e+01
3.619999999999986784e+00 1.027848701218886163e+01
3.629999999999986571e+00 1.033694367378608447e+01
3.639999999999986358e+00 1.039573194773962861e+01
3.649999999999986144e+00 1.045485375094604663e+01
3.659999999999985931e+00 1.051431101202602747e+01
3.669999999999985718e+00 1.057410567132439994e+01
3.679999999999985505e+00 1.063423968091012917e+01
3.689999999999985292e+00 1.069471500457631663e+01
3.699999999999985079e+00 1.075553361784020545e+01
3.709999999999984865e+00 1.081669750794317508e+01
3.719999999999984652e+00 1.087820867385074308e+01
3.729999999999984439e+00 1.094006912625256334e+01
3.739999999999984226e+00 1.100228088756242961e+01
3.749999999999984013e+00 1.106484599191827378e+01
3.759999999999983800e+00 1.112776648518216405e+01
3.769999999999983586e+00 1.119104442494030671e+01
3.779999999999983373e+00 1.125468188050304619e+01
3.789999999999983160e+00 1.131868093290486676e+01
3.799999999999982947e+00 1.138304367490438906e+01
3.809999999999982734e+00 1.144777221098437003e+01
3.819999999999982521e+00 1.151286865735170828e+01
3.829999999999982307e+00 1.157833514193743696e+01
3.839999999999982094e+00 1.164417380439672911e+01
3.849999999999981881e+00 1.171038679610889410e+01
3.859999999999981668e+00 1.177697628017738118e+01
3.869999999999981455e+00 1.184394443142977593e+01
3.879999999999981242e+00 1.191129343641780380e+01
3.889999999999981029e+00 1.197902549341732481e+01
3.899999999999980815e+00 1.204714281242834062e+01
3.909999999999980602e+00 1.211564761517498923e+01
3.919999999999980389e+00 1.218454213510554496e+01
3.929999999999980176e+00 1.225382861739242202e+01
3.939999999999979963e+00 1.232350931893217272e+01
3.949999999999979750e+00 1.239358650834548747e+01
3.959999999999979536e+00 1.246406246597719303e+01
3.969999999999979323e+00 1.253493948389625423e+01
3.979999999999979110e+00 1.260621986589577581e+01
3.989999999999978897e+00 1.267790592749299883e+01
3.999999999999978684e+00 1.274999999592930244e+01
4.009999999999979359e+00 1.282250441017059295e+01
4.019999999999980034e+00 1.289542152093463301e+01
4.029999999999980709e+00 1.296875369078176732e+01
4.039999999999981384e+00 1.304250329423096133e+01
4.049999999999982059e+00 1.311667271787704259e+01
4.059999999999982734e+00 1.319126436050794027e+01
4.069999999999983409e+00 1.326628063322193185e+01
4.079999999999984084e+00 1.334172395954488088e+01
4.089999999999984759e+00 1.341759677554747476e+01
4.099999999999985434e+00 1.349390152996247316e+01
4.109999999999986109e+00 1.357064068430194403e+01
4.119999999999986784e+00 1.364781671297451027e+01
4.129999999999987459e+00 1.372543210340258391e+01
4.139999999999988134e+00 1.380348935613961281e+01
4.149999999999988809e+00 1.388199098498732198e+01
4.159999999999989484e+00 1.396093951711295311e+01
4.169999999999990159e+00 1.404033749316650592e+01
4.179999999999990834e+00 1.412018746739797947e+01
4.189999999999991509e+00 1.420049200777461529e+01
4.199999999999992184e+00 1.428125369609813866e+01
4.209999999999992859e+00 1.436247512812199822e+01
4.219999999999993534e+00 1.444415891366860549e+01
4.229999999999994209e+00 1.452630767674658330e+01
4.239999999999994884e+00 1.460892405566800001e+01
4.249999999999995559e+00 1.469201070316561442e+01
4.259999999999996234e+00 1.477557028651011528e+01
4.269999999999996909e+00 1.485960548762736444e+01
4.279999999999997584e+00 1.494411900321563991e+01
4.289999999999998259e+00 1.502911354486287010e+01
4.299999999999998934e+00 1.511459183916388405e+01
4.309999999999999609e+00 1.520055662783764738e+01
4.320000000000000284e+00 1.528701066784450546e+01
4.330000000000000959e+00 1.537395673150342290e+01
4.340000000000001634e+00 1.546139760660922668e+01
4.350000000000002309e+00 1.554933609654984927e+01
4.360000000000002984e+00 1.563777502042356460e+01
4.370000000000003659e+00 1.572671721315623650e+01
4.380000000000004334e+00 1.581616552561855471e+01
4.390000000000005009e+00 1.590612282474327621e+01
4.400000000000005684e+00 1.599659199364247186e+01
4.410000000000006359e+00 1.608757593172476064e+01
4.420000000000007034e+00 1.617907755481255805e+01
4.430000000000007709e+00 1.627109979525931038e+01
4.440000000000008384e+00 1.636364560206674312e+01
4.450000000000009059e+00 1.645671794100209695e+01
4.460000000000009734e+00 1.655031979471537440e+01
4.470000000000010409e+00 1.664445416285657231e+01
4.480000000000011084e+00 1.673912406219293203e+01
4.490000000000011759e+00 1.683433252672617897e+01
4.500000000000012434e+00 1.693008260780976215e+01
4.510000000000013110e+00 1.702637737426609377e+01
4.520000000000013785e+00 1.712321991250379583e+01
4.530000000000014460e+00 1.722061332663493616e+01
4.540000000000015135e+00 1.731856073859227507e+01
4.550000000000015810e+00 1.741706528824650135e+01
4.560000000000016485e+00 1.751613013352347537e+01
4.570000000000017160e+00 1.761575845052147571e+01
4.580000000000017835e+00 1.771595343362843167e+01
4.590000000000018510e+00 1.781671829563916987e+01
4.600000000000019185e+00 1.791805626787265737e+01
4.610000000000019860e+00 1.801997060028923769e+01
4.620000000000020535e+00 1.812246456160787744e+01
4.630000000000021210e+00 1.822554143942340588e+01
4.640000000000021885e+00 1.832920454032375090e+01
4.650000000000022560e+00 1.843345719000718930e+01
4.660000000000023235e+00 1.853830273339958623e+01
4.670000000000023910e+00 1.864374453477162774e+01
4.680000000000024585e+00 1.874978597785607448e+01
4.690000000000025260e+00 1.885643046596499417e+01
4.700000000000025935e+00 1.896368142210700825e+01
4.710000000000026610e+00 1.907154228910452787e+01
4.720000000000027285e+00 1.918001652971100413e+01
4.730000000000027960e+00 1.928910762672816048e+01
4.740000000000028635e+00 1.939881908312323944e+01
4.750000000000029310e+00 1.950915442214623852e+01
4.760000000000029985e+00 1.962011718744716049e+01
4.770000000000030660e+00 1.973171094319324581e+01
4.780000000000031335e+00 1.984393927418621573e+01
4.790000000000032010e+00 1.995680578597952248e+01
4.800000000000032685e+00 2.007031410499557822e+01
4.810000000000033360e+00 2.018446787864300518e+01
4.820000000000034035e+00 2.029927077543386815e+01
4.830000000000034710e+00 2.041472648510093180e+01
4.840000000000035385e+00 2.053083871871488242e+01
4.850000000000036060e+00 2.064761120880158174e+01
4.860000000000036735e+00 2.076504770945930645e+01
4.870000000000037410e+00 2.088315199647598419e+01
4.880000000000038085e+00 2.100192786744644735e+01
4.890000000000038760e+00 2.112137914188965837e+01
4.900000000000039435e+00 2.124150966136596352e+01
4.910000000000040110e+00 2.136232328959432891e+01
4.920000000000040785e+00 2.148382391256958002e+01
4.930000000000041460e+00 2.160601543867965191e+01
4.940000000000042135e+00 2.172890179882281458e+01
4.950000000000042810e+00 2.185248694652493384e+01
4.960000000000043485e+00 2.197677485805670017e+01
4.970000000000044160e+00 2.210176953255087184e+01
4.980000000000044835e+00 2.222747499211951450e+01
4.990000000000021529e+00 2.235389528197096709e+01
5.000000000000000000e+00 2.248103447052793769e+01
