-1.000010000000000066e+00 -3.448275862068965747e-01
-1.000000000000000000e+00 -3.448275862068965747e-01
-9.899999999999999911e-01 -3.448275862068965747e-01
-9.799999999999999822e-01 -3.448275862068966302e-01
-9.699999999999999734e-01 -3.448275862068965747e-01
-9.599999999999999645e-01 -3.448275862068965747e-01
-9.499999999999999556e-01 -3.448275862068965192e-01
-9.399999999999999467e-01 -3.448275862068965192e-01
-9.299999999999999378e-01 -3.448275862068965747e-01
-9.200000000000000400e-01 -3.448275862068965747e-01
-9.100000000000000311e-01 -3.448275862068966302e-01
-9.000000000000000222e-01 -3.448275862068966302e-01
-8.900000000000000133e-01 -3.448275862068966302e-01
-8.800000000000000044e-01 -3.448275862068965747e-01
-8.699999999999999956e-01 -3.448275862068965747e-01
-8.599999999999999867e-01 -3.448275862068965747e-01
-8.499999999999999778e-01 -3.448275862068966857e-01
-8.399999999999999689e-01 -3.448275862068965747e-01
-8.299999999999999600e-01 -3.448275862068965747e-01
-8.200000000000000622e-01 -3.448275862068965747e-01
-8.100000000000000533e-01 -3.448275862068965747e-01
-8.000000000000000444e-01 -3.448275862068965192e-01
-7.900000000000000355e-01 -3.448275862068965192e-01
-7.800000000000000266e-01 -3.448275862068965192e-01
-7.700000000000000178e-01 -3.448275862068965192e-01
-7.600000000000000089e-01 -3.448275862068965192e-01
-7.500000000000000000e-01 -3.448275862068965192e-01
-7.399999999999999911e-01 -3.448275862068965192e-01
-7.299999999999999822e-01 -3.448275862068965192e-01
-7.199999999999999734e-01 -3.448275862068965192e-01
-7.099999999999999645e-01 -3.448275862068965192e-01
-6.999999999999999556e-01 -3.448275862068965192e-01
-6.899999999999999467e-01 -3.448275862068965192e-01
-6.799999999999999378e-01 -3.448275862068965192e-01
-6.699999999999999289e-01 -3.448275862068965747e-01
-6.599999999999999201e-01 -3.448275862068965747e-01
-6.499999999999999112e-01 -3.448275862068965747e-01
-6.400000000000000133e-01 -3.448275862068965747e-01
-6.300000000000000044e-01 -3.448275862068965747e-01
-6.199999999999999956e-01 -3.448275862068965192e-01
-6.099999999999999867e-01 -3.448275862068965747e-01
-5.999999999999999778e-01 -3.448275862068965747e-01
-5.899999999999999689e-01 -3.448275862068965747e-01
-5.800000000000000711e-01 -3.448275862068965747e-01
-5.700000000000000622e-01 -3.448275862068965747e-01
-5.600000000000000533e-01 -3.448275862068965192e-01
-5.500000000000000444e-01 -3.448275862068965192e-01
-5.400000000000000355e-01 -3.448275862068965192e-01
-5.300000000000000266e-01 -3.448275862068965192e-01
-5.200000000000000178e-01 -3.448275862068965192e-01
-5.100000000000000089e-01 -3.448275862068965192e-01
-5.000000000000000000e-01 -3.448275862068965192e-01
-4.899999999999999911e-01 -3.448275862068965192e-01
-4.799999999999999822e-01 -3.448275862068965192e-01
-4.699999999999999734e-01 -3.448275862068965192e-01
-4.599999999999999645e-01 -3.448275862068965192e-01
-4.499999999999999556e-01 -3.448275862068965747e-01
-4.399999999999999467e-01 -3.448275862068965747e-01
-4.299999999999999378e-01 -3.448275862068965747e-01
-4.200000000000000400e-01 -3.448275862068965747e-01
-4.100000000000000311e-01 -3.448275862068965747e-01
-4.000000000000000222e-01 -3.448275862068965192e-01
-3.900000000000000133e-01 -3.448275862068965192e-01
-3.800000000000000044e-01 -3.448275862068965192e-01
-3.699999999999999956e-01 -3.448275862068965192e-01
-3.599999999999999867e-01 -3.448275862068965192e-01
-3.499999999999999778e-01 -3.448275862068965192e-01
-3.399999999999999689e-01 -3.448275862068965192e-01
-3.299999999999999600e-01 -3.448275862068965192e-01
-3.199999999999999512e-01 -3.448275862068965747e-01
-3.099999999999999423e-01 -3.448275862068965747e-01
-2.999999999999999334e-01 -3.448275862068965747e-01
-2.900000000000000355e-01 -3.448275862068965747e-01
-2.800000000000000266e-01 -3.448275862068965747e-01
-2.700000000000000178e-01 -3.448275862068965192e-01
-2.600000000000000089e-01 -3.448275862068965192e-01
-2.500000000000000000e-01 -3.448275862068965192e-01
-2.399999999999999911e-01 -3.448275862068965192e-01
-2.299999999999999822e-01 -3.448275862068965192e-01
-2.199999999999999734e-01 -3.448275862068965192e-01
-2.099999999999999645e-01 -3.448275862068965192e-01
-1.999999999999999556e-01 -3.448275862068965192e-01
-1.899999999999999467e-01 -3.448275862068965747e-01
-1.799999999999999378e-01 -3.448275862068965747e-01
-1.699999999999999289e-01 -3.448275862068965747e-01
-1.600000000000000311e-01 -3.448275862068965747e-01
-1.500000000000000222e-01 -3.448275862068965747e-01
-1.400000000000000133e-01 -3.448275862068965192e-01
-1.300000000000000044e-01 -3.448275862068965192e-01
-1.199999999999999956e-01 -3.448275862068965192e-01
-1.099999999999999867e-01 -3.448275862068965192e-01
-9.999999999999997780e-02 -3.448275862068965192e-01
-8.999999999999996891e-02 -3.448275862068965192e-01
-7.999999999999996003e-02 -3.448275862068965192e-01
-6.999999999999995115e-02 -3.448275862068965747e-01
-5.999999999999994227e-02 -3.448275862068965747e-01
-4.999999999999993339e-02 -3.448275862068965747e-01
-4.000000000000003553e-02 -3.448275862068965192e-01
-3.000000000000002665e-02 -3.448275862068965747e-01
-2.000000000000001776e-02 -3.448275862068965192e-01
-1.000000000000000888e-02 -3.448275862068965747e-01
0.000000000000000000e+00 -3.448275862068965747e-01
9.999999999999999547e-07 -3.448279310344827819e-01
1.000100000000000121e-02 -3.482762068965517543e-01
2.000099999999999795e-02 -3.517244827586207268e-01
3.000099999999999642e-02 -3.551727586206896992e-01
4.000100000000000183e-02 -3.586210344827586716e-01
5.000100000000000378e-02 -3.620693103448276440e-01
6.000100000000000572e-02 -3.655175862068966164e-01
7.000100000000000766e-02 -3.689658620689655888e-01
8.000100000000001654e-02 -3.724141379310345612e-01
9.000100000000002542e-02 -3.758624137931035336e-01
1.000010000000000343e-01 -3.793106896551725060e-01
1.100010000000000432e-01 -3.827589655172414784e-01
1.200010000000000521e-01 -3.862072413793104508e-01
1.300010000000000610e-01 -3.896555172413794232e-01
1.400010000000000698e-01 -3.931037931034483957e-01
1.500010000000000787e-01 -3.965520689655173681e-01
1.600010000000000876e-01 -4.000003448275863405e-01
1.700010000000000965e-01 -4.034486206896553129e-01
1.800010000000001054e-01 -4.068968965517242853e-01
1.900010000000001142e-01 -4.103451724137932577e-01
2.000010000000001231e-01 -4.137934482758622301e-01
2.100010000000001320e-01 -4.172417241379312025e-01
2.200010000000001409e-01 -4.206900000000001749e-01
2.300010000000001498e-01 -4.241382758620691473e-01
2.400010000000001587e-01 -4.275865517241381197e-01
2.500010000000001398e-01 -4.310348275862070921e-01
2.600010000000001487e-01 -4.344831034482760646e-01
2.700010000000001575e-01 -4.379313793103450370e-01
2.800010000000001664e-01 -4.413796551724140094e-01
2.900010000000001753e-01 -4.448279310344829818e-01
3.000010000000001842e-01 -4.482762068965519542e-01
3.100010000000001931e-01 -4.517244827586209266e-01
3.200010000000002020e-01 -4.551727586206898990e-01
3.300010000000002108e-01 -4.586210344827588714e-01
3.400010000000002197e-01 -4.620693103448278438e-01
3.500010000000002286e-01 -4.655175862068968162e-01
3.600010000000002375e-01 -4.689658620689657886e-01
3.700010000000002464e-01 -4.724141379310347610e-01
3.800010000000002552e-01 -4.758624137931037335e-01
3.900010000000002641e-01 -4.793106896551727059e-01
4.000010000000002730e-01 -4.827589655172416783e-01
4.100010000000002819e-01 -4.862072413793106507e-01
4.200010000000002908e-01 -4.896555172413796231e-01
4.300010000000002997e-01 -4.931037931034485955e-01
4.400010000000003085e-01 -4.965520689655175679e-01
4.500010000000003174e-01 -5.000003448275864848e-01
4.600010000000003263e-01 -5.034486206896554572e-01
4.700010000000003352e-01 -5.068968965517244296e-01
4.800010000000003441e-01 -5.103451724137934020e-01
4.900010000000003529e-01 -5.137934482758623744e-01
5.000010000000003618e-01 -5.172417241379313468e-01
5.100010000000002597e-01 -5.206900000000003192e-01
5.200010000000001575e-01 -5.241382758620692917e-01
5.300010000000000554e-01 -5.275865517241382641e-01
5.400009999999999533e-01 -5.310348275862072365e-01
5.500009999999998511e-01 -5.344831034482762089e-01
5.600009999999997490e-01 -5.379313793103451813e-01
5.700009999999996468e-01 -5.413796551724141537e-01
5.800009999999995447e-01 -5.448279310344831261e-01
5.900009999999994426e-01 -5.482762068965520985e-01
6.000009999999993404e-01 -5.517244827586210709e-01
6.100009999999992383e-01 -5.551727586206900433e-01
6.200009999999991361e-01 -5.586210344827590157e-01
6.300009999999990340e-01 -5.620693103448279881e-01
6.400009999999989319e-01 -5.655175862068969606e-01
6.500009999999988297e-01 -5.689658620689659330e-01
6.600009999999987276e-01 -5.724141379310349054e-01
6.700009999999986254e-01 -5.758624137931038778e-01
6.800009999999985233e-01 -5.793106896551728502e-01
6.900009999999984212e-01 -5.827589655172418226e-01
7.000009999999983190e-01 -5.862072413793107950e-01
7.100009999999982169e-01 -5.896555172413797674e-01
7.200009999999981147e-01 -5.931037931034487398e-01
7.300009999999980126e-01 -5.965520689655177122e-01
7.400009999999979105e-01 -6.000003448275866846e-01
7.500009999999978083e-01 -6.034486206896556570e-01
7.600009999999977062e-01 -6.068968965517246295e-01
7.700009999999976040e-01 -6.103451724137936019e-01
7.800009999999975019e-01 -6.137934482758625743e-01
7.900009999999973997e-01 -6.172417241379315467e-01
8.000009999999972976e-01 -6.206900000000005191e-01
8.100009999999971955e-01 -6.241382758620694915e-01
8.200009999999970933e-01 -6.275865517241384639e-01
8.300009999999969912e-01 -6.310348275862074363e-01
8.400009999999968890e-01 -6.344831034482764087e-01
8.500009999999967869e-01 -6.379313793103453811e-01
8.600009999999966848e-01 -6.413796551724143535e-01
8.700009999999965826e-01 -6.448279310344833259e-01
8.800009999999964805e-01 -6.482762068965522984e-01
8.900009999999963783e-01 -6.517244827586212708e-01
9.000009999999962762e-01 -6.551727586206902432e-01
9.100009999999961741e-01 -6.586210344827592156e-01
9.200009999999960719e-01 -6.620693103448281880e-01
9.300009999999959698e-01 -6.655175862068971604e-01
9.400009999999958676e-01 -6.689658620689661328e-01
9.500009999999957655e-01 -6.724141379310351052e-01
9.600009999999956634e-01 -6.758624137931040776e-01
9.700009999999955612e-01 -6.793106896551730500e-01
9.800009999999954591e-01 -6.827589655172420224e-01
9.900004999999978406e-01 -6.862070689655186406e-01
1.000000000000000000e+00 -6.896551724137952588e-01
1.009999999999999787e+00 -6.931206896551745933e-01
1.019999999999999574e+00 -6.966206896551745409e-01
1.029999999999999361e+00 -7.001551724137952126e-01
1.039999999999999147e+00 -7.037241379310366085e-01
1.049999999999998934e+00 -7.073275862068987285e-01
1.059999999999998721e+00 -7.109655172413814617e-01
1.069999999999998508e+00 -7.146379310344849189e-01
1.079999999999998295e+00 -7.183448275862091004e-01
1.089999999999998082e+00 -7.220862068965538949e-01
1.099999999999997868e+00 -7.258620689655194136e-01
1.109999999999997655e+00 -7.296724137931056564e-01
1.119999999999997442e+00 -7.335172413793125124e-01
1.129999999999997229e+00 -7.373965517241400924e-01
1.139999999999997016e+00 -7.413103448275883967e-01
1.149999999999996803e+00 -7.452586206896573140e-01
1.159999999999996589e+00 -7.492413793103469555e-01
1.169999999999996376e+00 -7.532586206896573211e-01
1.179999999999996163e+00 -7.573103448275882998e-01
1.189999999999995950e+00 -7.613965517241400027e-01
1.199999999999995737e+00 -7.655172413793124297e-01
1.209999999999995524e+00 -7.696724137931054699e-01
1.219999999999995310e+00 -7.738620689655192342e-01
1.229999999999995097e+00 -7.780862068965537226e-01
1.239999999999994884e+00 -7.823448275862088241e-01
1.249999999999994671e+00 -7.866379310344846498e-01
1.259999999999994458e+00 -7.909655172413811997e-01
1.269999999999994245e+00 -7.953275862068984736e-01
1.279999999999994031e+00 -7.997241379310363607e-01
1.289999999999993818e+00 -8.041551724137949719e-01
1.299999999999993605e+00 -8.086206896551743073e-01
1.309999999999993392e+00 -8.131206896551742558e-01
1.319999999999993179e+00 -8.176551724137949284e-01
1.329999999999992966e+00 -8.222241379310363252e-01
1.339999999999992752e+00 -8.268275862068983351e-01
1.349999999999992539e+00 -8.314655172413810691e-01
1.359999999999992326e+00 -8.361379310344845273e-01
1.369999999999992113e+00 -8.408448275862085985e-01
1.379999999999991900e+00 -8.455862068965533940e-01
1.389999999999991687e+00 -8.503620689655189135e-01
1.399999999999991473e+00 -8.551724137931050462e-01
1.409999999999991260e+00 -8.600172413793119031e-01
1.419999999999991047e+00 -8.648965517241394840e-01
1.429999999999990834e+00 -8.698103448275876781e-01
1.439999999999990621e+00 -8.747586206896565963e-01
1.449999999999990408e+00 -8.797413793103462387e-01
1.459999999999990195e+00 -8.847586206896566052e-01
1.469999999999989981e+00 -8.898103448275875849e-01
1.479999999999989768e+00 -8.948965517241392886e-01
1.489999999999989555e+00 -9.000172413793117165e-01
1.499999999999989342e+00 -9.051724137931047576e-01
1.509999999999989129e+00 -9.103620689655185227e-01
1.519999999999988916e+00 -9.155862068965530121e-01
1.529999999999988702e+00 -9.208448275862081145e-01
1.539999999999988489e+00 -9.261379310344839411e-01
1.549999999999988276e+00 -9.314655172413804918e-01
1.559999999999988063e+00 -9.368275862068976556e-01
1.569999999999987850e+00 -9.422241379310355436e-01
1.579999999999987637e+00 -9.476551724137941557e-01
1.589999999999987423e+00 -9.531206896551733809e-01
1.599999999999987210e+00 -9.586206896551733303e-01
1.609999999999986997e+00 -9.641551724137940038e-01
1.619999999999986784e+00 -9.697241379310352904e-01
1.629999999999986571e+00 -9.753275862068973012e-01
1.639999999999986358e+00 -9.809655172413800361e-01
1.649999999999986144e+00 -9.866379310344834952e-01
1.659999999999985931e+00 -9.923448275862075674e-01
1.669999999999985718e+00 -9.980862068965523637e-01
1.679999999999985505e+00 -1.003862068965517773e+00
1.689999999999985292e+00 -1.009672413793103907e+00
1.699999999999985079e+00 -1.015517241379310764e+00
1.709999999999984865e+00 -1.021396551724138346e+00
1.719999999999984652e+00 -1.027310344827586652e+00
1.729999999999984439e+00 -1.033258620689655682e+00
1.739999999999984226e+00 -1.039241379310345215e+00
1.749999999999984013e+00 -1.045258620689655471e+00
1.759999999999983800e+00 -1.051310344827586452e+00
1.769999999999983586e+00 -1.057396551724138156e+00
1.779999999999983373e+00 -1.063517241379310585e+00
1.789999999999983160e+00 -1.069672413793103738e+00
1.799999999999982947e+00 -1.075862068965517393e+00
1.809999999999982734e+00 -1.082086206896551772e+00
1.819999999999982521e+00 -1.088344827586206875e+00
1.829999999999982307e+00 -1.094637931034482703e+00
1.839999999999982094e+00 -1.100965517241379255e+00
1.849999999999981881e+00 -1.107327586206896530e+00
1.859999999999981668e+00 -1.113724137931034308e+00
1.869999999999981455e+00 -1.120155172413792810e+00
1.879999999999981242e+00 -1.126620689655172036e+00
1.889999999999981029e+00 -1.133120689655171986e+00
1.899999999999980815e+00 -1.139655172413792661e+00
1.909999999999980602e+00 -1.146224137931034059e+00
1.919999999999980389e+00 -1.152827586206896182e+00
1.929999999999980176e+00 -1.159465517241378807e+00
1.939999999999979963e+00 -1.166137931034482156e+00
1.949999999999979750e+00 -1.172844827586206229e+00
1.959999999999979536e+00 -1.179586206896551026e+00
1.969999999999979323e+00 -1.186362068965516547e+00
1.979999999999979110e+00 -1.193172413793102793e+00
1.989999999999978897e+00 -1.200017241379309541e+00
1.994999999999989448e+00 -1.203452586206902986e+00
2.000000000000000000e+00 -1.206896551724151667e+00
2.009999999999999787e+00 -1.213810402298864277e+00
2.019999999999999574e+00 -1.220759080459783874e+00
2.029999999999999361e+00 -1.227742931034496499e+00
2.039999999999999147e+00 -1.234762298850588413e+00
2.049999999999998934e+00 -1.241817528735645881e+00
2.059999999999998721e+00 -1.248908965517255165e+00
2.069999999999998508e+00 -1.256036954023002306e+00
2.079999999999998295e+00 -1.263201839080473565e+00
2.089999999999998082e+00 -1.270403965517255207e+00
2.099999999999997868e+00 -1.277643678160933494e+00
2.109999999999997655e+00 -1.284921321839094466e+00
2.119999999999997442e+00 -1.292237241379324386e+00
2.129999999999997229e+00 -1.299591781609209518e+00
2.139999999999997016e+00 -1.306985287356335901e+00
2.149999999999996803e+00 -1.314418103448290021e+00
2.159999999999996589e+00 -1.321890574712657918e+00
2.169999999999996376e+00 -1.329403045977025855e+00
2.179999999999996163e+00 -1.336955862068979872e+00
2.189999999999995950e+00 -1.344549367816106233e+00
2.199999999999995737e+00 -1.352183908045991423e+00
2.209999999999995524e+00 -1.359859827586221259e+00
2.219999999999995310e+00 -1.367577471264382227e+00
2.229999999999995097e+00 -1.375337183908060368e+00
2.239999999999994884e+00 -1.383139310344841943e+00
2.249999999999994671e+00 -1.390984195402313217e+00
2.259999999999994458e+00 -1.398872183908060451e+00
2.269999999999994245e+00 -1.406803620689669687e+00
2.279999999999994031e+00 -1.414778850574727187e+00
2.289999999999993818e+00 -1.422798218390819214e+00
2.299999999999993605e+00 -1.430862068965531808e+00
2.309999999999993392e+00 -1.438970747126451455e+00
2.319999999999993179e+00 -1.447124597701164195e+00
2.329999999999992966e+00 -1.455323965517256068e+00
2.339999999999992752e+00 -1.463569195402313561e+00
2.349999999999992539e+00 -1.471860632183922712e+00
2.359999999999992326e+00 -1.480198620689669786e+00
2.369999999999992113e+00 -1.488583505747141045e+00
2.379999999999991900e+00 -1.497015632183922751e+00
2.389999999999991687e+00 -1.505495344827600945e+00
2.399999999999991473e+00 -1.514022988505761891e+00
2.409999999999991260e+00 -1.522598908045991850e+00
2.419999999999991047e+00 -1.531223448275876864e+00
2.429999999999990834e+00 -1.539896954023003417e+00
2.439999999999990621e+00 -1.548619770114957550e+00
2.449999999999990408e+00 -1.557392241379325304e+00
2.459999999999990195e+00 -1.566214712643693163e+00
2.469999999999989981e+00 -1.575087528735647169e+00
2.479999999999989768e+00 -1.584011034482773583e+00
2.489999999999989555e+00 -1.592985574712658670e+00
2.499999999999989342e+00 -1.602011494252888468e+00
2.509999999999989129e+00 -1.611089137931049464e+00
2.519999999999988916e+00 -1.620218850574727698e+00
2.529999999999988702e+00 -1.629400977011509211e+00
2.539999999999988489e+00 -1.638635862068980487e+00
2.549999999999988276e+00 -1.647923850574727567e+00
2.559999999999988063e+00 -1.657265287356336714e+00
2.569999999999987850e+00 -1.666660517241394190e+00
2.579999999999987637e+00 -1.676109885057486260e+00
2.589999999999987423e+00 -1.685613735632198962e+00
2.599999999999987210e+00 -1.695172413793118560e+00
2.609999999999986997e+00 -1.704786264367831317e+00
2.619999999999986784e+00 -1.714455632183923273e+00
2.629999999999986571e+00 -1.724180862068980691e+00
2.639999999999986358e+00 -1.733962298850589834e+00
2.649999999999986144e+00 -1.743800287356336964e+00
2.659999999999985931e+00 -1.753695172413808345e+00
2.669999999999985718e+00 -1.763647298850590017e+00
2.679999999999985505e+00 -1.773657011494268243e+00
2.689999999999985292e+00 -1.783724655172429063e+00
2.699999999999985079e+00 -1.793850574712658963e+00
2.709999999999984865e+00 -1.804035114942543983e+00
2.719999999999984652e+00 -1.814278620689670385e+00
2.729999999999984439e+00 -1.824581436781624433e+00
2.739999999999984226e+00 -1.834943908045992167e+00
2.749999999999984013e+00 -1.845366379310360072e+00
2.759999999999983800e+00 -1.855849195402314189e+00
2.769999999999983586e+00 -1.866392701149440558e+00
2.779999999999983373e+00 -1.876997241379325665e+00
2.789999999999983160e+00 -1.887663160919555549e+00
2.799999999999982947e+00 -1.898390804597716475e+00
2.809999999999982734e+00 -1.909180517241394703e+00
2.819999999999982521e+00 -1.920032643678176276e+00
2.829999999999982307e+00 -1.930947528735647456e+00
2.839999999999982094e+00 -1.941925517241394505e+00
2.849999999999981881e+00 -1.952966954023003687e+00
2.859999999999981668e+00 -1.964072183908061264e+00
2.869999999999981455e+00 -1.975241551724153277e+00
2.879999999999981242e+00 -1.986475402298865989e+00
2.889999999999981029e+00 -1.997774080459785440e+00
2.899999999999980815e+00 -2.009137931034497893e+00
2.909999999999980602e+00 -2.020567298850589832e+00
2.919999999999980389e+00 -2.032062528735647522e+00
2.929999999999980176e+00 -2.043623965517256558e+00
2.939999999999979963e+00 -2.055251954023003869e+00
2.949999999999979750e+00 -2.066946839080475051e+00
2.959999999999979536e+00 -2.078708965517256591e+00
2.969999999999979323e+00 -2.090538678160934527e+00
2.979999999999979110e+00 -2.102436321839095346e+00
2.989999999999978897e+00 -2.114402241379325087e+00
2.994999999999989448e+00 -2.120410912356349264e+00
3.000000000000000000e+00 -2.126436781609235549e+00
3.009999999999999787e+00 -2.138540287488067015e+00
3.019999999999999574e+00 -2.150713105723220497e+00
3.029999999999999361e+00 -2.162955586314695644e+00
3.039999999999999147e+00 -2.175268082710768436e+00
3.049999999999998934e+00 -2.187650951807990740e+00
3.059999999999998721e+00 -2.200104553951190312e+00
3.069999999999998508e+00 -2.212629252933470347e+00
3.079999999999998295e+00 -2.225225415996209932e+00
3.089999999999998082e+00 -2.237893413829064482e+00
3.099999999999997868e+00 -2.250633620569964854e+00
3.109999999999997655e+00 -2.263446413805118240e+00
3.119999999999997442e+00 -2.276332174569007272e+00
3.129999999999997229e+00 -2.289291287344390469e+00
3.139999999999997016e+00 -2.302324140062302682e+00
3.149999999999996803e+00 -2.315431124102053762e+00
3.159999999999996589e+00 -2.328612634291230332e+00
3.169999999999996376e+00 -2.341869068905694018e+00
3.179999999999996163e+00 -2.355200829669583218e+00
3.189999999999995950e+00 -2.368608321755311330e+00
3.199999999999995737e+00 -2.382091953783568083e+00
3.209999999999995524e+00 -2.395652137823319094e+00
3.219999999999995310e+00 -2.409289289391805866e+00
3.229999999999995097e+00 -2.423003827454545345e+00
3.239999999999994884e+00 -2.436796174425330808e+00
3.249999999999994671e+00 -2.450666756166231419e+00
3.259999999999994458e+00 -2.464616001987591787e+00
3.269999999999994245e+00 -2.478644344648032405e+00
3.279999999999994031e+00 -2.492752220354450099e+00
3.289999999999993818e+00 -2.506940068762017138e+00
3.299999999999993605e+00 -2.521208332974182120e+00
3.309999999999993392e+00 -2.535557459542668646e+00
3.319999999999993179e+00 -2.549987898467477088e+00
3.329999999999992966e+00 -2.564500103196883263e+00
3.339999999999992752e+00 -2.579094530627438875e+00
3.349999999999992539e+00 -2.593771641103971515e+00
3.359999999999992326e+00 -2.608531898419584660e+00
3.369999999999992113e+00 -2.623375769815657677e+00
3.379999999999991900e+00 -2.638303725981845371e+00
3.389999999999991687e+00 -2.653316241056079328e+00
3.399999999999991473e+00 -2.668413792624566128e+00
3.409999999999991260e+00 -2.683596861721788684e+00
3.419999999999991047e+00 -2.698865932830505354e+00
3.429999999999990834e+00 -2.714221493881750824e+00
3.439999999999990621e+00 -2.729664036254835224e+00
3.449999999999990408e+00 -2.745194054777345016e+00
3.459999999999990195e+00 -2.760812047725142104e+00
3.469999999999989981e+00 -2.776518516822364280e+00
3.479999999999989768e+00 -2.792313967241425665e+00
3.489999999999989555e+00 -2.808198907603015826e+00
3.499999999999989342e+00 -2.824173849976100215e+00
3.509999999999989129e+00 -2.840239309877920171e+00
3.519999999999988916e+00 -2.856395806273992921e+00
3.529999999999988702e+00 -2.872643861578112023e+00
3.539999999999988489e+00 -2.888984001652346034e+00
3.549999999999988276e+00 -2.905416755807039841e+00
3.559999999999988063e+00 -2.921942656800813776e+00
3.569999999999987850e+00 -2.938562240840564943e+00
3.579999999999987637e+00 -2.955276047581465448e+00
3.589999999999987423e+00 -2.972084620126963728e+00
3.599999999999987210e+00 -2.988988505028783660e+00
3.609999999999986997e+00 -3.005988252286925455e+00
3.619999999999986784e+00 -3.023084415349665210e+00
3.629999999999986571e+00 -3.040277551113554466e+00
3.639999999999986358e+00 -3.057568219923420649e+00
3.649999999999986144e+00 -3.074956985572367074e+00
3.659999999999985931e+00 -3.092444415301773386e+00
3.669999999999985718e+00 -3.110031079801294673e+00
3.679999999999985505e+00 -3.127717553208861911e+00
3.689999999999985292e+00 -3.145504413110681963e+00
3.699999999999985079e+00 -3.163392240541237577e+00
3.709999999999984865e+00 -3.181381619983287390e+00
3.719999999999984652e+00 -3.199473139367865926e+00
3.729999999999984439e+00 -3.217667390074283595e+00
3.739999999999984226e+00 -3.235964966930126696e+00
3.749999999999984013e+00 -3.254366468211256969e+00
3.759999999999983800e+00 -3.272872495641812485e+00
3.769999999999983586e+00 -3.291483654394207203e+00
3.779999999999983373e+00 -3.310200553089130526e+00
3.789999999999983160e+00 -3.329023803795548186e+00
3.799999999999982947e+00 -3.347954022030701804e+00
3.809999999999982734e+00 -3.366991826760107998e+00
3.819999999999982521e+00 -3.386137840397560161e+00
3.829999999999982307e+00 -3.405392688805127577e+00
3.839999999999982094e+00 -3.424757001293154524e+00
3.849999999999981881e+00 -3.444231410620262057e+00
3.859999999999981668e+00 -3.463816552993346676e+00
3.869999999999981455e+00 -3.483513068067580765e+00
3.879999999999981242e+00 -3.503321598946412152e+00
3.889999999999981029e+00 -3.523242792181565441e+00
3.899999999999980815e+00 -3.543277297773040679e+00
3.909999999999980602e+00 -3.563425769169113799e+00
3.919999999999980389e+00 -3.583688863266336178e+00
3.929999999999980176e+00 -3.604067240409535522e+00
3.939999999999979963e+00 -3.624561564391815427e+00
3.949999999999979750e+00 -3.645172502454554930e+00
3.959999999999979536e+00 -3.665900725287409401e+00
3.969999999999979323e+00 -3.686746907028310094e+00
3.979999999999979110e+00 -3.707711725263463709e+00
3.989999999999978897e+00 -3.728795861027352831e+00
3.999999999999978684e+00 -3.749999998802735934e+00
4.009999999999979359e+00 -3.771324826520762841e+00
4.019999999999980034e+00 -3.792771035569010074e+00
4.029999999999980709e+00 -3.814339320818167067e+00
4.039999999999981384e+00 -3.836030380656165306e+00
4.049999999999982059e+00 -3.857844917022659637e+00
4.059999999999982734e+00 -3.879783635443512235e+00
4.069999999999983409e+00 -3.901847245065274805e+00
4.079999999999984084e+00 -3.924036458689671214e+00
4.089999999999984759e+00 -3.946351992808081022e+00
4.099999999999985434e+00 -3.968794567636021675e+00
4.109999999999986109e+00 -3.991364907147631147e+00
4.119999999999986784e+00 -4.014063739110150131e+00
4.129999999999987459e+00 -4.036891795118407344e+00
4.139999999999988134e+00 -4.059849810629298617e+00
4.149999999999988809e+00 -4.082938524996271745e+00
4.159999999999989484e+00 -4.106158681503810470e+00
4.169999999999990159e+00 -4.129511027401914447e+00
4.179999999999990834e+00 -4.152996313940582773e+00
4.189999999999991509e+00 -4.176615296404299293e+00
4.199999999999992184e+00 -4.200368734146511684e+00
4.209999999999992859e+00 -4.224257390624117647e+00
4.219999999999993534e+00 -4.248282033431943105e+00
4.229999999999994209e+00 -4.272443434337231061e+00
4.239999999999994884e+00 -4.296742369314118015e+00
4.249999999999995559e+00 -4.321179618578121939e+00
4.259999999999996234e+00 -4.345755966620622246e+00
4.269999999999996909e+00 -4.370472202243342430e+00
4.279999999999997584e+00 -4.395329118592835371e+00
4.289999999999998259e+00 -4.420327513194962421e+00
4.299999999999998934e+00 -4.445468187989378706e+00
4.309999999999999609e+00 -4.470751949364014877e+00
4.320000000000000284e+00 -4.496179608189561527e+00
4.330000000000000959e+00 -4.521751979853949166e+00
4.340000000000001634e+00 -4.547469884296832632e+00
4.350000000000002309e+00 -4.573334146044074622e+00
4.360000000000002984e+00 -4.599345594242226554e+00
4.370000000000003659e+00 -4.625505062693012093e+00
4.380000000000004334e+00 -4.651813389887811567e+00
4.390000000000005009e+00 -4.678271419042141943e+00
4.400000000000005684e+00 -4.704879998130140351e+00
4.410000000000006359e+00 -4.731639979919048500e+00
4.420000000000007034e+00 -4.758552222003694432e+00
4.430000000000007709e+00 -4.785617586840974269e+00
4.440000000000008384e+00 -4.812836941784336631e+00
4.450000000000009059e+00 -4.840211159118264383e+00
4.460000000000009734e+00 -4.867741116092757281e+00
4.470000000000010409e+00 -4.895427694957815490e+00
4.480000000000011084e+00 -4.923271782997921342e+00
4.490000000000011759e+00 -4.951274272566523749e+00
4.500000000000012434e+00 -4.979436061120519064e+00
4.510000000000013110e+00 -5.007758051254734610e+00
4.520000000000013785e+00 -5.036241150736411321e+00
4.530000000000014460e+00 -5.064886272539688150e+00
4.540000000000015135e+00 -5.093694334880081165e+00
4.550000000000015810e+00 -5.122666261248970621e+00
4.560000000000016485e+00 -5.151802980448080937e+00
4.570000000000017160e+00 -5.181105426623963339e+00
4.580000000000017835e+00 -5.210574539302479380e+00
4.590000000000018510e+00 -5.240211263423284471e+00
4.600000000000019185e+00 -5.270016549374310522e+00
4.610000000000019860e+00 -5.299991353026245910e+00
4.620000000000020535e+00 -5.330136635767022568e+00
4.630000000000021210e+00 -5.360453364536295062e+00
4.640000000000021885e+00 -5.390942511859925901e+00
4.650000000000022560e+00 -5.421605055884467284e+00
4.660000000000023235e+00 -5.452441980411642852e+00
4.670000000000023910e+00 -5.483454274932831218e+00
4.680000000000024585e+00 -5.514642934663550378e+00
4.690000000000025260e+00 -5.546008960577938574e+00
4.700000000000025935e+00 -5.577553359443236936e+00
4.710000000000026610e+00 -5.609277143854272119e+00
4.720000000000027285e+00 -5.641181332267941606e+00
4.730000000000027960e+00 -5.673266949037693685e+00
4.740000000000028635e+00 -5.705535024448010972e+00
4.750000000000029310e+00 -5.737986594748893054e+00
4.760000000000029985e+00 -5.770622702190340902e+00
4.770000000000030660e+00 -5.803444395056835958e+00
4.780000000000031335e+00 -5.836452727701827214e+00
4.790000000000032010e+00 -5.869648760582211189e+00
4.800000000000032685e+00 -5.903033560292815451e+00
4.810000000000033360e+00 -5.936608199600882152e+00
4.820000000000034035e+00 -5.970373757480547994e+00
4.830000000000034710e+00 -6.004331319147331314e+00
4.840000000000035385e+00 -6.038481976092610282e+00
4.850000000000036060e+00 -6.072826826118109977e+00
4.860000000000036735e+00 -6.107366973370381480e+00
4.870000000000037410e+00 -6.142103528375287169e+00
4.880000000000038085e+00 -6.177037608072482477e+00
4.890000000000038760e+00 -6.212170335849897640e+00
4.900000000000039435e+00 -6.247502841578222998e+00
4.910000000000040110e+00 -6.283036261645388976e+00
4.920000000000040785e+00 -6.318771738991051379e+00
4.930000000000041460e+00 -6.354710423141072262e+00
4.940000000000042135e+00 -6.390853470242002565e+00
4.950000000000042810e+00 -6.427202043095567419e+00
4.960000000000043485e+00 -6.463757311193146116e+00
4.970000000000044160e+00 -6.500520450750254753e+00
4.980000000000044835e+00 -6.537492644741032422e+00
4.990000000000021529e+00 -6.574675082932636805e+00
5.000000000000000000e+00 -6.612068961919980836e+00
