-1.000010000000000066e+00 6.206896551724137012e-01
-1.000000000000000000e+00 6.206896551724137012e-01
-9.899999999999999911e-01 6.206896551724135902e-01
-9.799999999999999822e-01 6.206896551724137012e-01
-9.699999999999999734e-01 6.206896551724137012e-01
-9.599999999999999645e-01 6.206896551724135902e-01
-9.499999999999999556e-01 6.206896551724135902e-01
-9.399999999999999467e-01 6.206896551724137012e-01
-9.299999999999999378e-01 6.206896551724137012e-01
-9.200000000000000400e-01 6.206896551724137012e-01
-9.100000000000000311e-01 6.206896551724138122e-01
-9.000000000000000222e-01 6.206896551724138122e-01
-8.900000000000000133e-01 6.206896551724138122e-01
-8.800000000000000044e-01 6.206896551724135902e-01
-8.699999999999999956e-01 6.206896551724137012e-01
-8.599999999999999867e-01 6.206896551724135902e-01
-8.499999999999999778e-01 6.206896551724139233e-01
-8.399999999999999689e-01 6.206896551724137012e-01
-8.299999999999999600e-01 6.206896551724137012e-01
-8.200000000000000622e-01 6.206896551724137012e-01
-8.100000000000000533e-01 6.206896551724137012e-01
-8.000000000000000444e-01 6.206896551724138122e-01
-7.900000000000000355e-01 6.206896551724137012e-01
-7.800000000000000266e-01 6.206896551724135902e-01
-7.700000000000000178e-01 6.206896551724135902e-01
-7.600000000000000089e-01 6.206896551724135902e-01
-7.500000000000000000e-01 6.206896551724135902e-01
-7.399999999999999911e-01 6.206896551724135902e-01
-7.299999999999999822e-01 6.206896551724135902e-01
-7.199999999999999734e-01 6.206896551724135902e-01
-7.099999999999999645e-01 6.206896551724135902e-01
-6.999999999999999556e-01 6.206896551724135902e-01
-6.899999999999999467e-01 6.206896551724135902e-01
-6.799999999999999378e-01 6.206896551724135902e-01
-6.699999999999999289e-01 6.206896551724135902e-01
-6.599999999999999201e-01 6.206896551724135902e-01
-6.499999999999999112e-01 6.206896551724137012e-01
-6.400000000000000133e-01 6.206896551724137012e-01
-6.300000000000000044e-01 6.206896551724137012e-01
-6.199999999999999956e-01 6.206896551724138122e-01
-6.099999999999999867e-01 6.206896551724137012e-01
-5.999999999999999778e-01 6.206896551724135902e-01
-5.899999999999999689e-01 6.206896551724137012e-01
-5.800000000000000711e-01 6.206896551724137012e-01
-5.700000000000000622e-01 6.206896551724137012e-01
-5.600000000000000533e-01 6.206896551724138122e-01
-5.500000000000000444e-01 6.206896551724137012e-01
-5.400000000000000355e-01 6.206896551724135902e-01
-5.300000000000000266e-01 6.206896551724135902e-01
-5.200000000000000178e-01 6.206896551724135902e-01
-5.100000000000000089e-01 6.206896551724135902e-01
-5.000000000000000000e-01 6.206896551724135902e-01
-4.899999999999999911e-01 6.206896551724135902e-01
-4.799999999999999822e-01 6.206896551724135902e-01
-4.699999999999999734e-01 6.206896551724135902e-01
-4.599999999999999645e-01 6.206896551724135902e-01
-4.499999999999999556e-01 6.206896551724135902e-01
-4.399999999999999467e-01 6.206896551724135902e-01
-4.299999999999999378e-01 6.206896551724137012e-01
-4.200000000000000400e-01 6.206896551724137012e-01
-4.100000000000000311e-01 6.206896551724137012e-01
-4.000000000000000222e-01 6.206896551724138122e-01
-3.900000000000000133e-01 6.206896551724137012e-01
-3.800000000000000044e-01 6.206896551724135902e-01
-3.699999999999999956e-01 6.206896551724135902e-01
-3.599999999999999867e-01 6.206896551724135902e-01
-3.499999999999999778e-01 6.206896551724135902e-01
-3.399999999999999689e-01 6.206896551724135902e-01
-3.299999999999999600e-01 6.206896551724135902e-01
-3.199999999999999512e-01 6.206896551724135902e-01
-3.099999999999999423e-01 6.206896551724135902e-01
-2.999999999999999334e-01 6.206896551724137012e-01
-2.900000000000000355e-01 6.206896551724137012e-01
-2.800000000000000266e-01 6.206896551724137012e-01
-2.700000000000000178e-01 6.206896551724138122e-01
-2.600000000000000089e-01 6.206896551724137012e-01
-2.500000000000000000e-01 6.206896551724135902e-01
-2.399999999999999911e-01 6.206896551724135902e-01
-2.299999999999999822e-01 6.206896551724135902e-01
-2.199999999999999734e-01 6.206896551724135902e-01
-2.099999999999999645e-01 6.206896551724135902e-01
-1.999999999999999556e-01 6.206896551724135902e-01
-1.899999999999999467e-01 6.206896551724135902e-01
-1.799999999999999378e-01 6.206896551724135902e-01
-1.699999999999999289e-01 6.206896551724137012e-01
-1.600000000000000311e-01 6.206896551724137012e-01
-1.500000000000000222e-01 6.206896551724137012e-01
-1.400000000000000133e-01 6.206896551724138122e-01
-1.300000000000000044e-01 6.206896551724137012e-01
-1.199999999999999956e-01 6.206896551724135902e-01
-1.099999999999999867e-01 6.206896551724135902e-01
-9.999999999999997780e-02 6.206896551724135902e-01
-8.999999999999996891e-02 6.206896551724135902e-01
-7.999999999999996003e-02 6.206896551724137012e-01
-6.999999999999995115e-02 6.206896551724135902e-01
-5.999999999999994227e-02 6.206896551724137012e-01
-4.999999999999993339e-02 6.206896551724135902e-01
-4.000000000000003553e-02 6.206896551724138122e-01
-3.000000000000002665e-02 6.206896551724137012e-01
-2.000000000000001776e-02 6.206896551724137012e-01
-1.000000000000000888e-02 6.206896551724138122e-01
0.000000000000000000e+00 6.206896551724137012e-01
9.999999999999999547e-07 6.206902758620688187e-01
1.000100000000000121e-02 6.268971724137929469e-01
2.000099999999999795e-02 6.331040689655170750e-01
3.000099999999999642e-02 6.393109655172412031e-01
4.000100000000000183e-02 6.455178620689653313e-01
5.000100000000000378e-02 6.517247586206894594e-01
6.000100000000000572e-02 6.579316551724135875e-01
7.000100000000000766e-02 6.641385517241377157e-01
8.000100000000001654e-02 6.703454482758618438e-01
9.000100000000002542e-02 6.765523448275859719e-01
1.000010000000000343e-01 6.827592413793101001e-01
1.100010000000000432e-01 6.889661379310342282e-01
1.200010000000000521e-01 6.951730344827583563e-01
1.300010000000000610e-01 7.013799310344824844e-01
1.400010000000000698e-01 7.075868275862066126e-01
1.500010000000000787e-01 7.137937241379307407e-01
1.600010000000000876e-01 7.200006206896548688e-01
1.700010000000000965e-01 7.262075172413789970e-01
1.800010000000001054e-01 7.324144137931031251e-01
1.900010000000001142e-01 7.386213103448272532e-01
2.000010000000001231e-01 7.448282068965513814e-01
2.100010000000001320e-01 7.510351034482755095e-01
2.200010000000001409e-01 7.572419999999996376e-01
2.300010000000001498e-01 7.634488965517237657e-01
2.400010000000001587e-01 7.696557931034478939e-01
2.500010000000001398e-01 7.758626896551720220e-01
2.600010000000001487e-01 7.820695862068961501e-01
2.700010000000001575e-01 7.882764827586202783e-01
2.800010000000001664e-01 7.944833793103444064e-01
2.900010000000001753e-01 8.006902758620685345e-01
3.000010000000001842e-01 8.068971724137926627e-01
3.100010000000001931e-01 8.131040689655167908e-01
3.200010000000002020e-01 8.193109655172409189e-01
3.300010000000002108e-01 8.255178620689650471e-01
3.400010000000002197e-01 8.317247586206891752e-01
3.500010000000002286e-01 8.379316551724133033e-01
3.600010000000002375e-01 8.441385517241374314e-01
3.700010000000002464e-01 8.503454482758615596e-01
3.800010000000002552e-01 8.565523448275856877e-01
3.900010000000002641e-01 8.627592413793098158e-01
4.000010000000002730e-01 8.689661379310339440e-01
4.100010000000002819e-01 8.751730344827580721e-01
4.200010000000002908e-01 8.813799310344822002e-01
4.300010000000002997e-01 8.875868275862063284e-01
4.400010000000003085e-01 8.937937241379304565e-01
4.500010000000003174e-01 9.000006206896545846e-01
4.600010000000003263e-01 9.062075172413787127e-01
4.700010000000003352e-01 9.124144137931028409e-01
4.800010000000003441e-01 9.186213103448269690e-01
4.900010000000003529e-01 9.248282068965510971e-01
5.000010000000003618e-01 9.310351034482752253e-01
5.100010000000002597e-01 9.372419999999993534e-01
5.200010000000001575e-01 9.434488965517234815e-01
5.300010000000000554e-01 9.496557931034476097e-01
5.400009999999999533e-01 9.558626896551717378e-01
5.500009999999998511e-01 9.620695862068958659e-01
5.600009999999997490e-01 9.682764827586199941e-01
5.700009999999996468e-01 9.744833793103441222e-01
5.800009999999995447e-01 9.806902758620682503e-01
5.900009999999994426e-01 9.868971724137923784e-01
6.000009999999993404e-01 9.931040689655165066e-01
6.100009999999992383e-01 9.993109655172406347e-01
6.200009999999991361e-01 1.005517862068964874e+00
6.300009999999990340e-01 1.011724758620689002e+00
6.400009999999989319e-01 1.017931655172413130e+00
6.500009999999988297e-01 1.024138551724137258e+00
6.600009999999987276e-01 1.030345448275861386e+00
6.700009999999986254e-01 1.036552344827585515e+00
6.800009999999985233e-01 1.042759241379309643e+00
6.900009999999984212e-01 1.048966137931033771e+00
7.000009999999983190e-01 1.055173034482757899e+00
7.100009999999982169e-01 1.061379931034482027e+00
7.200009999999981147e-01 1.067586827586206155e+00
7.300009999999980126e-01 1.073793724137930283e+00
7.400009999999979105e-01 1.080000620689654411e+00
7.500009999999978083e-01 1.086207517241378540e+00
7.600009999999977062e-01 1.092414413793102668e+00
7.700009999999976040e-01 1.098621310344826796e+00
7.800009999999975019e-01 1.104828206896550924e+00
7.900009999999973997e-01 1.111035103448275052e+00
8.000009999999972976e-01 1.117241999999999180e+00
8.100009999999971955e-01 1.123448896551723308e+00
8.200009999999970933e-01 1.129655793103447436e+00
8.300009999999969912e-01 1.135862689655171565e+00
8.400009999999968890e-01 1.142069586206895693e+00
8.500009999999967869e-01 1.148276482758619821e+00
8.600009999999966848e-01 1.154483379310343949e+00
8.700009999999965826e-01 1.160690275862068077e+00
8.800009999999964805e-01 1.166897172413792205e+00
8.900009999999963783e-01 1.173104068965516333e+00
9.000009999999962762e-01 1.179310965517240462e+00
9.100009999999961741e-01 1.185517862068964590e+00
9.200009999999960719e-01 1.191724758620688718e+00
9.300009999999959698e-01 1.197931655172412846e+00
9.400009999999958676e-01 1.204138551724136974e+00
9.500009999999957655e-01 1.210345448275861102e+00
9.600009999999956634e-01 1.216552344827585230e+00
9.700009999999955612e-01 1.222759241379309358e+00
9.800009999999954591e-01 1.228966137931033487e+00
9.900004999999978406e-01 1.235172724137931555e+00
1.000000000000000000e+00 1.241379310344829401e+00
1.009999999999999787e+00 1.247617241379312070e+00
1.019999999999999574e+00 1.253917241379312042e+00
1.029999999999999361e+00 1.260279310344829318e+00
1.039999999999999147e+00 1.266703448275863897e+00
1.049999999999998934e+00 1.273189655172415558e+00
1.059999999999998721e+00 1.279737931034484522e+00
1.069999999999998508e+00 1.286348275862070789e+00
1.079999999999998295e+00 1.293020689655174138e+00
1.089999999999998082e+00 1.299755172413794790e+00
1.099999999999997868e+00 1.306551724137932746e+00
1.109999999999997655e+00 1.313410344827588006e+00
1.119999999999997442e+00 1.320331034482760346e+00
1.129999999999997229e+00 1.327313793103449990e+00
1.139999999999997016e+00 1.334358620689656938e+00
1.149999999999996803e+00 1.341465517241380967e+00
1.159999999999996589e+00 1.348634482758622299e+00
1.169999999999996376e+00 1.355865517241380935e+00
1.179999999999996163e+00 1.363158620689656875e+00
1.189999999999995950e+00 1.370513793103449895e+00
1.199999999999995737e+00 1.377931034482760220e+00
1.209999999999995524e+00 1.385410344827587847e+00
1.219999999999995310e+00 1.392951724137932557e+00
1.229999999999995097e+00 1.400555172413794569e+00
1.239999999999994884e+00 1.408220689655173885e+00
1.249999999999994671e+00 1.415948275862070505e+00
1.259999999999994458e+00 1.423737931034484205e+00
1.269999999999994245e+00 1.431589655172415210e+00
1.279999999999994031e+00 1.439503448275863517e+00
1.289999999999993818e+00 1.447479310344828907e+00
1.299999999999993605e+00 1.455517241379311599e+00
1.309999999999993392e+00 1.463617241379311595e+00
1.319999999999993179e+00 1.471779310344828895e+00
1.329999999999992966e+00 1.480003448275863276e+00
1.339999999999992752e+00 1.488289655172414960e+00
1.349999999999992539e+00 1.496637931034483948e+00
1.359999999999992326e+00 1.505048275862070017e+00
1.369999999999992113e+00 1.513520689655173390e+00
1.379999999999991900e+00 1.522055172413794066e+00
1.389999999999991687e+00 1.530651724137932046e+00
1.399999999999991473e+00 1.539310344827587107e+00
1.409999999999991260e+00 1.548031034482759472e+00
1.419999999999991047e+00 1.556813793103449139e+00
1.429999999999990834e+00 1.565658620689655889e+00
1.439999999999990621e+00 1.574565517241379942e+00
1.449999999999990408e+00 1.583534482758621298e+00
1.459999999999990195e+00 1.592565517241379958e+00
1.469999999999989981e+00 1.601658620689655699e+00
1.479999999999989768e+00 1.610813793103448743e+00
1.489999999999989555e+00 1.620031034482759091e+00
1.499999999999989342e+00 1.629310344827586521e+00
1.509999999999989129e+00 1.638651724137931254e+00
1.519999999999988916e+00 1.648055172413793290e+00
1.529999999999988702e+00 1.657520689655172630e+00
1.539999999999988489e+00 1.667048275862069051e+00
1.549999999999988276e+00 1.676637931034482776e+00
1.559999999999988063e+00 1.686289655172413804e+00
1.569999999999987850e+00 1.696003448275861913e+00
1.579999999999987637e+00 1.705779310344827326e+00
1.589999999999987423e+00 1.715617241379310043e+00
1.599999999999987210e+00 1.725517241379310063e+00
1.609999999999986997e+00 1.735479310344827164e+00
1.619999999999986784e+00 1.745503448275861569e+00
1.629999999999986571e+00 1.755589655172413277e+00
1.639999999999986358e+00 1.765737931034482067e+00
1.649999999999986144e+00 1.775948275862068160e+00
1.659999999999985931e+00 1.786220689655171556e+00
1.669999999999985718e+00 1.796555172413792256e+00
1.679999999999985505e+00 1.806951724137930038e+00
1.689999999999985292e+00 1.817410344827585122e+00
1.699999999999985079e+00 1.827931034482757511e+00
1.709999999999984865e+00 1.838513793103446980e+00
1.719999999999984652e+00 1.849158620689653754e+00
1.729999999999984439e+00 1.859865517241377830e+00
1.739999999999984226e+00 1.870634482758619210e+00
1.749999999999984013e+00 1.881465517241377672e+00
1.759999999999983800e+00 1.892358620689653437e+00
1.769999999999983586e+00 1.903313793103446505e+00
1.779999999999983373e+00 1.914331034482756655e+00
1.789999999999983160e+00 1.925410344827584108e+00
1.799999999999982947e+00 1.936551724137928865e+00
1.809999999999982734e+00 1.947755172413790925e+00
1.819999999999982521e+00 1.959020689655170067e+00
1.829999999999982307e+00 1.970348275862066512e+00
1.839999999999982094e+00 1.981737931034480260e+00
1.849999999999981881e+00 1.993189655172411090e+00
1.859999999999981668e+00 2.004703448275859223e+00
1.869999999999981455e+00 2.016279310344824438e+00
1.879999999999981242e+00 2.027917241379307178e+00
1.889999999999981029e+00 2.039617241379307000e+00
1.899999999999980815e+00 2.051379310344824347e+00
1.909999999999980602e+00 2.063203448275858776e+00
1.919999999999980389e+00 2.075089655172410286e+00
1.929999999999980176e+00 2.087037931034479321e+00
1.939999999999979963e+00 2.099048275862065438e+00
1.949999999999979750e+00 2.111120689655168636e+00
1.959999999999979536e+00 2.123255172413789360e+00
1.969999999999979323e+00 2.135451724137927165e+00
1.979999999999979110e+00 2.147710344827582052e+00
1.989999999999978897e+00 2.160031034482754464e+00
1.994999999999989448e+00 2.166214655172422621e+00
2.000000000000000000e+00 2.172413793103470159e+00
2.009999999999999787e+00 2.184858724137952901e+00
2.019999999999999574e+00 2.197366344827607954e+00
2.029999999999999361e+00 2.209937275862090544e+00
2.039999999999999147e+00 2.222572137931055902e+00
2.049999999999998934e+00 2.235271551724159256e+00
2.059999999999998721e+00 2.248036137931055833e+00
2.069999999999998508e+00 2.260866517241400864e+00
2.079999999999998295e+00 2.273763310344849131e+00
2.089999999999998082e+00 2.286727137931055864e+00
2.099999999999997868e+00 2.299758620689676736e+00
2.109999999999997655e+00 2.312858379310366530e+00
2.119999999999997442e+00 2.326027034482780476e+00
2.129999999999997229e+00 2.339265206896573801e+00
2.139999999999997016e+00 2.352573517241401291e+00
2.149999999999996803e+00 2.365952586206918618e+00
2.159999999999996589e+00 2.379403034482780566e+00
2.169999999999996376e+00 2.392925482758642808e+00
2.179999999999996163e+00 2.406520551724160129e+00
2.189999999999995950e+00 2.420188862068987756e+00
2.199999999999995737e+00 2.433931034482780920e+00
2.209999999999995524e+00 2.447747689655194847e+00
2.219999999999995310e+00 2.461639448275884323e+00
2.229999999999995097e+00 2.475606931034505021e+00
2.239999999999994884e+00 2.489650758620711724e+00
2.249999999999994671e+00 2.503771551724160105e+00
2.259999999999994458e+00 2.517969931034504949e+00
2.269999999999994245e+00 2.532246517241401484e+00
2.279999999999994031e+00 2.546601931034504940e+00
2.289999999999993818e+00 2.561036793103470544e+00
2.299999999999993605e+00 2.575551724137953524e+00
2.309999999999993392e+00 2.590147344827608666e+00
2.319999999999993179e+00 2.604824275862091643e+00
2.329999999999992966e+00 2.619583137931057237e+00
2.339999999999992752e+00 2.634424551724160679e+00
2.349999999999992539e+00 2.649349137931057196e+00
2.359999999999992326e+00 2.664357517241402018e+00
2.369999999999992113e+00 2.679450310344850372e+00
2.379999999999991900e+00 2.694628137931057488e+00
2.389999999999991687e+00 2.709891620689678149e+00
2.399999999999991473e+00 2.725241379310368028e+00
2.409999999999991260e+00 2.740678034482781911e+00
2.419999999999991047e+00 2.756202206896575024e+00
2.429999999999990834e+00 2.771814517241402598e+00
2.439999999999990621e+00 2.787515586206919860e+00
2.449999999999990408e+00 2.803306034482782039e+00
2.459999999999990195e+00 2.819186482758643919e+00
2.469999999999989981e+00 2.835157551724161173e+00
2.479999999999989768e+00 2.851219862068988586e+00
2.489999999999989555e+00 2.867374034482781830e+00
2.499999999999989342e+00 2.883620689655195690e+00
2.509999999999989129e+00 2.899960448275885394e+00
2.519999999999988916e+00 2.916393931034506171e+00
2.529999999999988702e+00 2.932921758620713248e+00
2.539999999999988489e+00 2.949544551724161412e+00
2.549999999999988276e+00 2.966262931034506334e+00
2.559999999999988063e+00 2.983077517241402798e+00
2.569999999999987850e+00 2.999988931034506034e+00
2.579999999999987637e+00 3.016997793103471714e+00
2.589999999999987423e+00 3.034104724137954623e+00
2.599999999999987210e+00 3.051310344827609988e+00
2.609999999999986997e+00 3.068615275862092595e+00
2.619999999999986784e+00 3.086020137931058116e+00
2.629999999999986571e+00 3.103525551724161780e+00
2.639999999999986358e+00 3.121132137931058370e+00
2.649999999999986144e+00 3.138840517241403116e+00
2.659999999999985931e+00 3.156651310344851247e+00
2.669999999999985718e+00 3.174565137931057990e+00
2.679999999999985505e+00 3.192582620689678574e+00
2.689999999999985292e+00 3.210704379310368228e+00
2.699999999999985079e+00 3.228931034482782181e+00
2.709999999999984865e+00 3.247263206896575216e+00
2.719999999999984652e+00 3.265701517241403007e+00
2.729999999999984439e+00 3.284246586206920338e+00
2.739999999999984226e+00 3.302899034482782437e+00
2.749999999999984013e+00 3.321659482758644533e+00
2.759999999999983800e+00 3.340528551724161854e+00
2.769999999999983586e+00 3.359506862068989630e+00
2.779999999999983373e+00 3.378595034482782644e+00
2.789999999999983160e+00 3.397793689655196570e+00
2.799999999999982947e+00 3.417103448275886191e+00
2.809999999999982734e+00 3.436524931034506736e+00
2.819999999999982521e+00 3.456058758620713434e+00
2.829999999999982307e+00 3.475705551724161513e+00
2.839999999999982094e+00 3.495465931034506202e+00
2.849999999999981881e+00 3.515340517241402729e+00
2.859999999999981668e+00 3.535329931034506323e+00
2.869999999999981455e+00 3.555434793103471769e+00
2.879999999999981242e+00 3.575655724137954294e+00
2.889999999999981029e+00 3.595993344827609572e+00
2.899999999999980815e+00 3.616448275862092387e+00
2.909999999999980602e+00 3.637021137931057968e+00
2.919999999999980389e+00 3.657712551724161543e+00
2.929999999999980176e+00 3.678523137931057896e+00
2.939999999999979963e+00 3.699453517241402700e+00
2.949999999999979750e+00 3.720504310344850740e+00
2.959999999999979536e+00 3.741676137931057688e+00
2.969999999999979323e+00 3.762969620689678329e+00
2.979999999999979110e+00 3.784385379310367892e+00
2.989999999999978897e+00 3.805924034482781604e+00
2.994999999999989448e+00 3.816739642241425035e+00
3.000000000000000000e+00 3.827586206896620435e+00
3.009999999999999787e+00 3.849372517478517164e+00
3.019999999999999574e+00 3.871283590301793254e+00
3.029999999999999361e+00 3.893320055366448429e+00
3.039999999999999147e+00 3.915482548879379632e+00
3.049999999999998934e+00 3.937771713254379691e+00
3.059999999999998721e+00 3.960188197112138653e+00
3.069999999999998508e+00 3.982732655280242451e+00
3.079999999999998295e+00 4.005405748793173792e+00
3.089999999999998082e+00 4.028208144892311715e+00
3.099999999999997868e+00 4.051140517025932475e+00
3.109999999999997655e+00 4.074203544849208214e+00
3.119999999999997442e+00 4.097397914224208293e+00
3.129999999999997229e+00 4.120724317219898403e+00
3.139999999999997016e+00 4.144183452112139676e+00
3.149999999999996803e+00 4.167776023383691353e+00
3.159999999999996589e+00 4.191502741724209002e+00
3.169999999999996376e+00 4.215364324030243637e+00
3.179999999999996163e+00 4.239361493405243486e+00
3.189999999999995950e+00 4.263494979159553999e+00
3.199999999999995737e+00 4.287765516810416067e+00
3.209999999999995524e+00 4.312173848081967797e+00
3.219999999999995310e+00 4.336720720905243631e+00
3.229999999999995097e+00 4.361406889418175226e+00
3.239999999999994884e+00 4.386233113965589681e+00
3.249999999999994671e+00 4.411200161099210426e+00
3.259999999999994458e+00 4.436308803577658999e+00
3.269999999999994245e+00 4.461559820366452378e+00
3.279999999999994031e+00 4.486953996638004760e+00
3.289999999999993818e+00 4.512492123771625785e+00
3.299999999999993605e+00 4.538174999353522310e+00
3.309999999999993392e+00 4.564003427176798411e+00
3.319999999999993179e+00 4.589978217241453606e+00
3.329999999999992966e+00 4.616100185754384633e+00
3.339999999999992752e+00 4.642370155129384557e+00
3.349999999999992539e+00 4.668788953987143664e+00
3.359999999999992326e+00 4.695357417155247681e+00
3.369999999999992113e+00 4.722076385668178666e+00
3.379999999999991900e+00 4.748946706767316783e+00
3.389999999999991687e+00 4.775969233900937638e+00
3.399999999999991473e+00 4.803144826724214056e+00
3.409999999999991260e+00 4.830474351099214303e+00
3.419999999999991047e+00 4.857958679094903864e+00
3.429999999999990834e+00 4.885598688987145444e+00
3.439999999999990621e+00 4.913395265258697187e+00
3.449999999999990408e+00 4.941349298599214457e+00
3.459999999999990195e+00 4.969461685905248949e+00
3.469999999999989981e+00 4.997733330280249575e+00
3.479999999999989768e+00 5.026165141034559802e+00
3.489999999999989555e+00 5.054758033685422092e+00
3.499999999999989342e+00 5.083512929956974347e+00
3.509999999999989129e+00 5.112430757780250801e+00
3.519999999999988916e+00 5.141512451293182018e+00
3.529999999999988702e+00 5.170758950840595780e+00
3.539999999999988489e+00 5.200171202974217088e+00
3.549999999999988276e+00 5.229750160452665497e+00
3.559999999999988063e+00 5.259496782241458668e+00
3.569999999999987850e+00 5.289412033513010591e+00
3.579999999999987637e+00 5.319496885646631590e+00
3.589999999999987423e+00 5.349752316228528315e+00
3.599999999999987210e+00 5.380179309051804637e+00
3.609999999999986997e+00 5.410778854116459868e+00
3.619999999999986784e+00 5.441551947629391428e+00
3.629999999999986571e+00 5.472499592004391289e+00
3.639999999999986358e+00 5.503622795862150419e+00
3.649999999999986144e+00 5.534922574030254339e+00
3.659999999999985931e+00 5.566399947543185789e+00
3.669999999999985718e+00 5.598055943642323840e+00
3.679999999999985505e+00 5.629891595775944779e+00
3.689999999999985292e+00 5.661907943599221227e+00
3.699999999999985079e+00 5.694106032974221243e+00
3.709999999999984865e+00 5.726486915969910996e+00
3.719999999999984652e+00 5.759051650862152982e+00
3.729999999999984439e+00 5.791801302133705143e+00
3.739999999999984226e+00 5.824736940474222635e+00
3.749999999999984013e+00 5.857859642780256948e+00
3.759999999999983800e+00 5.891170492155256788e+00
3.769999999999983586e+00 5.924670577909567193e+00
3.779999999999983373e+00 5.958360995560429529e+00
3.789999999999983160e+00 5.992242846831981495e+00
3.799999999999982947e+00 6.026317239655258007e+00
3.809999999999982734e+00 6.060585288168189422e+00
3.819999999999982521e+00 6.095048112715603317e+00
3.829999999999982307e+00 6.129706839849224487e+00
3.839999999999982094e+00 6.164562602327673169e+00
3.849999999999981881e+00 6.199616539116466818e+00
3.859999999999981668e+00 6.234869795388018332e+00
3.869999999999981455e+00 6.270323522521639603e+00
3.879999999999981242e+00 6.305978878103536189e+00
3.889999999999981029e+00 6.341837025926812643e+00
3.899999999999980815e+00 6.377899135991468071e+00
3.909999999999980602e+00 6.414166384504399687e+00
3.919999999999980389e+00 6.450639953879400146e+00
3.929999999999980176e+00 6.487321032737159321e+00
3.939999999999979963e+00 6.524210815905263416e+00
3.949999999999979750e+00 6.561310504418194967e+00
3.959999999999979536e+00 6.598621305517332836e+00
3.969999999999979323e+00 6.636144432650953995e+00
3.979999999999979110e+00 6.673881105474229969e+00
3.989999999999978897e+00 6.711832549849230389e+00
3.999999999999978684e+00 6.749999997844920330e+00
4.009999999999979359e+00 6.788384687737368139e+00
4.019999999999980034e+00 6.826987864024212982e+00
4.029999999999980709e+00 6.865810777472695747e+00
4.039999999999981384e+00 6.904854685181092577e+00
4.049999999999982059e+00 6.944120850640782550e+00
4.059999999999982734e+00 6.983610543798317138e+00
4.069999999999983409e+00 7.023325041117489675e+00
4.079999999999984084e+00 7.063265625641403034e+00
4.089999999999984759e+00 7.103433587054540865e+00
4.099999999999985434e+00 7.143830221744834397e+00
4.109999999999986109e+00 7.184456832865731002e+00
4.119999999999986784e+00 7.225314730398265439e+00
4.129999999999987459e+00 7.266405231213127536e+00
4.139999999999988134e+00 7.307729659132730760e+00
4.149999999999988809e+00 7.349289344993282569e+00
4.159999999999989484e+00 7.391085626706852096e+00
4.169999999999990159e+00 7.433119849323438721e+00
4.179999999999990834e+00 7.475393365093042419e+00
4.189999999999991509e+00 7.517907533527732333e+00
4.199999999999992184e+00 7.560663721463715348e+00
4.209999999999992859e+00 7.603663303123405548e+00
4.219999999999993534e+00 7.646907660177491906e+00
4.229999999999994209e+00 7.690398181807009514e+00
4.239999999999994884e+00 7.734136264765406388e+00
4.249999999999995559e+00 7.778123313440613806e+00
4.259999999999996234e+00 7.822360739917114003e+00
4.269999999999996909e+00 7.866849964038011400e+00
4.279999999999997584e+00 7.911592413467097629e+00
4.289999999999998259e+00 7.956589523750925430e+00
4.299999999999998934e+00 8.001842738380874565e+00
4.309999999999999609e+00 8.047353508855220383e+00
4.320000000000000284e+00 8.093123294741204177e+00
4.330000000000000959e+00 8.139153563737101749e+00
4.340000000000001634e+00 8.185445791734291987e+00
4.350000000000002309e+00 8.232001462879326326e+00
4.360000000000002984e+00 8.278822069635999981e+00
4.370000000000003659e+00 8.325909112847414306e+00
4.380000000000004334e+00 8.373264101798053360e+00
4.390000000000005009e+00 8.420888554275848037e+00
4.400000000000005684e+00 8.468783996634245526e+00
4.410000000000006359e+00 8.516951963854280550e+00
4.420000000000007034e+00 8.565393999606643050e+00
4.430000000000007709e+00 8.614111656313747645e+00
4.440000000000008384e+00 8.663106495211799540e+00
4.450000000000009059e+00 8.712380086412869318e+00
4.460000000000009734e+00 8.761934008966957066e+00
4.470000000000010409e+00 8.811769850924061842e+00
4.480000000000011084e+00 8.861889209396252909e+00
4.490000000000011759e+00 8.912293690619737419e+00
4.500000000000012434e+00 8.962984910016928097e+00
4.510000000000013110e+00 9.013964492258516259e+00
4.520000000000013785e+00 9.065234071325534160e+00
4.530000000000014460e+00 9.116795290571431565e+00
4.540000000000015135e+00 9.168649802784139879e+00
4.550000000000015810e+00 9.220799270248141610e+00
4.560000000000016485e+00 9.273245364806539826e+00
4.570000000000017160e+00 9.325989767923127616e+00
4.580000000000017835e+00 9.379034170744455778e+00
4.590000000000018510e+00 9.432380274161905831e+00
4.600000000000019185e+00 9.486029788873752366e+00
4.610000000000019860e+00 9.539984435447236066e+00
4.620000000000020535e+00 9.594245944380634938e+00
4.630000000000021210e+00 9.648816056165326671e+00
4.640000000000021885e+00 9.703696521347863424e+00
4.650000000000022560e+00 9.758889100592037735e+00
4.660000000000023235e+00 9.814395564740953759e+00
4.670000000000023910e+00 9.870217694879093173e+00
4.680000000000024585e+00 9.926357282394388193e+00
4.690000000000025260e+00 9.982816129040285702e+00
4.700000000000025935e+00 1.003959604699782204e+01
4.710000000000026610e+00 1.009669885893768537e+01
4.720000000000027285e+00 1.015412639808229045e+01
4.730000000000027960e+00 1.021188050826784455e+01
4.740000000000028635e+00 1.026996304400641513e+01
4.750000000000029310e+00 1.032837587054800288e+01
4.760000000000029985e+00 1.038712086394260758e+01
4.770000000000030660e+00 1.044619991110229940e+01
4.780000000000031335e+00 1.050561490986328472e+01
4.790000000000032010e+00 1.056536776904797570e+01
4.800000000000032685e+00 1.062546040852706319e+01
4.810000000000033360e+00 1.068589475928158272e+01
4.820000000000034035e+00 1.074667276346498213e+01
4.830000000000034710e+00 1.080779637446519104e+01
4.840000000000035385e+00 1.086926755696669389e+01
4.850000000000036060e+00 1.093108828701259228e+01
4.860000000000036735e+00 1.099326055206668151e+01
4.870000000000037410e+00 1.105578635107551122e+01
4.880000000000038085e+00 1.111866769453046189e+01
4.890000000000038760e+00 1.118190660452980900e+01
4.900000000000039435e+00 1.124550511484079429e+01
4.910000000000040110e+00 1.130946527096169341e+01
4.920000000000040785e+00 1.137378913018388538e+01
4.930000000000041460e+00 1.143847876165392208e+01
4.940000000000042135e+00 1.150353624643559769e+01
4.950000000000042810e+00 1.156896367757201460e+01
4.960000000000043485e+00 1.163476316014765466e+01
4.970000000000044160e+00 1.170093681135045038e+01
4.980000000000044835e+00 1.176748676053384912e+01
4.990000000000021529e+00 1.183441514927873683e+01
5.000000000000000000e+00 1.190172413145595520e+01
