-1.000010000000000066e+00 2.149111922349118964e-01
-1.000000000000000000e+00 2.149704402110244050e-01
-9.899999999999999911e-01 2.737855705824499553e-01
-9.799999999999999822e-01 3.315934048324922223e-01
-9.699999999999999734e-01 3.881812597028557743e-01
-9.599999999999999645e-01 4.433409404131997134e-01
-9.499999999999999556e-01 4.968695066393927773e-01
-9.399999999999999467e-01 5.485700191598821274e-01
-9.299999999999999378e-01 5.982522644231482722e-01
-9.200000000000000400e-01 6.457334543704590368e-01
-9.100000000000000311e-01 6.908388989391843760e-01
-9.000000000000000222e-01 7.334026487724224497e-01
-8.900000000000000133e-01 7.732681057703261196e-01
-8.800000000000000044e-01 8.102885992368255019e-01
-8.699999999999999956e-01 8.443279255020155194e-01
-8.599999999999999867e-01 8.752608490348611214e-01
-8.499999999999999778e-01 9.029735632025621683e-01
-8.399999999999999689e-01 9.273641089813648986e-01
-8.299999999999999600e-01 9.483427500783405684e-01
-8.200000000000000622e-01 9.658323030839922607e-01
-8.100000000000000533e-01 9.797684214410121717e-01
-8.000000000000000444e-01 9.900998321844364236e-01
-7.900000000000000355e-01 9.967885245821872520e-01
-7.800000000000000266e-01 9.998098899819708452e-01
-7.700000000000000178e-01 9.991528123500168501e-01
-7.600000000000000089e-01 9.948197091685495597e-01
-7.500000000000000000e-01 9.868265225415261410e-01
-7.399999999999999911e-01 9.752026605413651739e-01
-7.299999999999999822e-01 9.599908890124592142e-01
-7.199999999999999734e-01 9.412471742295375199e-01
-7.099999999999999645e-01 9.190404769897715376e-01
-6.999999999999999556e-01 8.934524988961736192e-01
-6.899999999999999467e-01 8.645773817657609328e-01
-6.799999999999999378e-01 8.325213612683973752e-01
-6.699999999999999289e-01 7.974023760706289154e-01
-6.599999999999999201e-01 7.593496339225265235e-01
-6.499999999999999112e-01 7.185031362839620073e-01
-6.400000000000000133e-01 6.750131632392957215e-01
-6.300000000000000044e-01 6.290397205955297055e-01
-6.199999999999999956e-01 5.807519511981520388e-01
-6.099999999999999867e-01 5.303275126305077025e-01
-5.999999999999999778e-01 4.779519235862360049e-01
-5.899999999999999689e-01 4.238178813195697114e-01
-5.800000000000000711e-01 3.681245526846783633e-01
-5.700000000000000622e-01 3.110768413724365744e-01
-5.600000000000000533e-01 2.528846340405543902e-01
-5.500000000000000444e-01 1.937620281106584852e-01
-5.400000000000000355e-01 1.339265440733733159e-01
-5.300000000000000266e-01 7.359832519944849161e-02
-5.200000000000000178e-01 1.299932760129762083e-02
-5.100000000000000089e-01 -4.764749637515872105e-02
-5.000000000000000000e-01 -1.081190184239419205e-01
-4.899999999999999911e-01 -1.681927551998398385e-01
-4.799999999999999822e-01 -2.276476868663333264e-01
-4.699999999999999734e-01 -2.862650702590651131e-01
-4.599999999999999645e-01 -3.438292436731041346e-01
-4.499999999999999556e-01 -4.001284203130869299e-01
-4.399999999999999467e-01 -4.549554674870093240e-01
-4.299999999999999378e-01 -5.081086686769135108e-01
-4.200000000000000400e-01 -5.593924656826936292e-01
-4.100000000000000311e-01 -6.086181781085806541e-01
-4.000000000000000222e-01 -6.556046975451956804e-01
-3.900000000000000133e-01 -7.001791538931945169e-01
-3.800000000000000044e-01 -7.421775513769890420e-01
-3.699999999999999956e-01 -7.814453719085759920e-01
-3.599999999999999867e-01 -8.178381435815916811e-01
-3.499999999999999778e-01 -8.512219722040427206e-01
-3.399999999999999689e-01 -8.814740339141136083e-01
-3.299999999999999600e-01 -9.084830270666535146e-01
-3.199999999999999512e-01 -9.321495817277867246e-01
-3.099999999999999423e-01 -9.523866252710552205e-01
-2.999999999999999334e-01 -9.691197027300206823e-01
-2.900000000000000355e-01 -9.822872507286888322e-01
-2.800000000000000266e-01 -9.918408239819453964e-01
-2.700000000000000178e-01 -9.977452735326598487e-01
-2.600000000000000089e-01 -9.999788760697070344e-01
-2.500000000000000000e-01 -9.985334138511240409e-01
-2.399999999999999911e-01 -9.934142049383525297e-01
-2.299999999999999822e-01 -9.846400836303351722e-01
-2.199999999999999734e-01 -9.722433311694448355e-01
-2.099999999999999645e-01 -9.562695569741943569e-01
-1.999999999999999556e-01 -9.367775308356888209e-01
-1.899999999999999467e-01 -9.138389666951909351e-01
-1.799999999999999378e-01 -8.875382587983127181e-01
-1.699999999999999289e-01 -8.579721711965626607e-01
-1.600000000000000311e-01 -8.252494817386146764e-01
-1.500000000000000222e-01 -7.894905818611016590e-01
-1.400000000000000133e-01 -7.508270336513731547e-01
-1.300000000000000044e-01 -7.094010858118254825e-01
-1.199999999999999956e-01 -6.653651503066646544e-01
-1.099999999999999867e-01 -6.188812416165705432e-01
-9.999999999999997780e-02 -5.701203806643432292e-01
-8.999999999999996891e-02 -5.192619656045605048e-01
-7.999999999999996003e-02 -4.664931117922077042e-01
-6.999999999999995115e-02 -4.120079633586277712e-01
-5.999999999999994227e-02 -3.560069789276020802e-01
-4.999999999999993339e-02 -2.986961940995132014e-01
-4.000000000000003553e-02 -2.402864634170167879e-01
-3.000000000000002665e-02 -1.809926846011360446e-01
-2.000000000000001776e-02 -1.210330079119320140e-01
-1.000000000000000888e-02 -6.062803354261413202e-02
0.000000000000000000e+00 0.000000000000000000e+00
9.999999999999999547e-07 2.149734025886663828e-07
1.000100000000000121e-02 2.444811673549074013e-03
2.000099999999999795e-02 5.472700187330392999e-03
3.000099999999999642e-02 9.072741448754535754e-03
4.000100000000000183e-02 1.323169013393762396e-02
5.000100000000000378e-02 1.793424494757158913e-02
6.000100000000000572e-02 2.316310450189951534e-02
7.000100000000000766e-02 2.889903108263262160e-02
8.000100000000001654e-02 3.512092139732642115e-02
9.000100000000002542e-02 4.180588422541613863e-02
1.000010000000000343e-01 4.892932463613073463e-02
1.100010000000000432e-01 5.646503447732283826e-02
1.200010000000000521e-01 6.438528879884025669e-02
1.300010000000000610e-01 7.266094785660899558e-02
1.400010000000000698e-01 8.126156432189225731e-02
1.500010000000000787e-01 9.015549530135379130e-02
1.600010000000000876e-01 9.931001875576993265e-02
1.700010000000000965e-01 1.086914538890741688e-01
1.800010000000001054e-01 1.182652850648044096e-01
1.900010000000001142e-01 1.279962887940471750e-01
2.000010000000001231e-01 1.378486633276716222e-01
2.100010000000001320e-01 1.477861603760654841e-01
2.200010000000001409e-01 1.577722184717569587e-01
2.300010000000001498e-01 1.677700974842625536e-01
2.400010000000001587e-01 1.777430137922616227e-01
2.500010000000001398e-01 1.876542756157799918e-01
2.600010000000001487e-01 1.974674180104759591e-01
2.700010000000001575e-01 2.071463370273659288e-01
2.800010000000001664e-01 2.166554225443965143e-01
2.900010000000001753e-01 2.259596892811570890e-01
3.000010000000001842e-01 2.350249055147109467e-01
3.100010000000001931e-01 2.438177190229810498e-01
3.200010000000002020e-01 2.523057797923268231e-01
3.300010000000002108e-01 2.604578590378534564e-01
3.400010000000002197e-01 2.682439640985607721e-01
3.500010000000002286e-01 2.756354487846161549e-01
3.600010000000002375e-01 2.826051187707683265e-01
3.700010000000002464e-01 2.891273316481443589e-01
3.800010000000002552e-01 2.951780912663254375e-01
3.900010000000002641e-01 3.007351360186028555e-01
4.000010000000002730e-01 3.057780207456008981e-01
4.100010000000002819e-01 3.102881919559311585e-01
4.200010000000002908e-01 3.142490560871305516e-01
4.300010000000002997e-01 3.176460405557419153e-01
4.400010000000003085e-01 3.204666473719247066e-01
4.500010000000003174e-01 3.227004991213402452e-01
4.600010000000003263e-01 3.243393771451375529e-01
4.700010000000003352e-01 3.253772517775702644e-01
4.800010000000003441e-01 3.258103045299959866e-01
4.900010000000003529e-01 3.256369421396398955e-01
5.000010000000003618e-01 3.248578024314357493e-01
5.100010000000002597e-01 3.234757519713767904e-01
5.200010000000001575e-01 3.214958755200112983e-01
5.300010000000000554e-01 3.189254573248839209e-01
5.400009999999999533e-01 3.157739543207512267e-01
5.500009999999998511e-01 3.120529613361712751e-01
5.600009999999997490e-01 3.077761684344775817e-01
5.700009999999996468e-01 3.029593105460854363e-01
5.800009999999995447e-01 2.976201095774412830e-01
5.900009999999994426e-01 2.917782092096037894e-01
6.000009999999993404e-01 2.854551026263426605e-01
6.100009999999992383e-01 2.786740534376533907e-01
6.200009999999991361e-01 2.714600100896215062e-01
6.300009999999990340e-01 2.638395140755349644e-01
6.400009999999989319e-01 2.558406022859489592e-01
6.500009999999988297e-01 2.474927038569709747e-01
6.600009999999987276e-01 2.388265318962761730e-01
6.700009999999986254e-01 2.298739704852085231e-01
6.800009999999985233e-01 2.206679573727027832e-01
6.900009999999984212e-01 2.112423627926135195e-01
7.000009999999983190e-01 2.016318648502990751e-01
7.100009999999982169e-01 1.918718219369312528e-01
7.200009999999981147e-01 1.819981426409366110e-01
7.300009999999980126e-01 1.720471536351835251e-01
7.400009999999979105e-01 1.620554660259771740e-01
7.500009999999978083e-01 1.520598406555833393e-01
7.600009999999977062e-01 1.420970528538522404e-01
7.700009999999976040e-01 1.322037571365404784e-01
7.800009999999975019e-01 1.224163523481252847e-01
7.900009999999973997e-01 1.127708477452698393e-01
8.000009999999972976e-01 1.033027305136376139e-01
8.100009999999971955e-01 9.404683520548033637e-02
8.200009999999970933e-01 8.503721557835725031e-02
8.300009999999969912e-01 7.630701930650929388e-02
8.400009999999968890e-01 6.788836602584291668e-02
8.500009999999967869e-01 5.981222916121337052e-02
8.600009999999966848e-01 5.210832197078173883e-02
8.700009999999965826e-01 4.480498822670486714e-02
8.800009999999964805e-01 3.792909793435927240e-02
8.900009999999963783e-01 3.150594847376333996e-02
9.000009999999962762e-01 2.555917152691115912e-02
9.100009999999961741e-01 2.011064613345082963e-02
9.200009999999960719e-01 1.518041819456819944e-02
9.300009999999959698e-01 1.078662672130604669e-02
9.400009999999958676e-01 6.945437098387685637e-03
9.500009999999957655e-01 3.670981610099520627e-03
9.600009999999956634e-01 9.753074432297657338e-04
9.700009999999955612e-01 -1.131667627388599669e-03
9.800009999999954591e-01 -2.642191760848768868e-03
9.900004999999978406e-01 -3.550677136699046527e-03
1.000000000000000000e+00 -3.853872419467802013e-03
1.009999999999999787e+00 -3.842139540365972078e-03
1.019999999999999574e+00 -3.803036350008712641e-03
1.029999999999999361e+00 -3.730783843124252375e-03
1.039999999999999147e+00 -3.619724972469871068e-03
1.049999999999998934e+00 -3.464345465755751859e-03
1.059999999999998721e+00 -3.259294112409163828e-03
1.069999999999998508e+00 -2.999402451716341386e-03
1.079999999999998295e+00 -2.679703788251924096e-03
1.089999999999998082e+00 -2.295451465078850867e-03
1.099999999999997868e+00 -1.842136327370198735e-03
1.109999999999997655e+00 -1.315503312233647125e-03
1.119999999999997442e+00 -7.115671036937133102e-04
1.129999999999997229e+00 -2.662679523712948269e-05
1.139999999999997016e+00 7.427204940248402325e-04
1.149999999999996803e+00 1.599567099672782704e-03
1.159999999999996589e+00 2.546683434835960748e-03
1.169999999999996376e+00 3.586507797447698216e-03
1.179999999999996163e+00 4.721137399399891882e-03
1.189999999999995950e+00 5.952320650601662481e-03
1.199999999999995737e+00 7.281450726330198318e-03
1.209999999999995524e+00 8.709560441540418682e-03
1.219999999999995310e+00 1.023731845099160737e-02
1.229999999999995097e+00 1.186502678917128288e-02
1.239999999999994884e+00 1.359261975906729536e-02
1.249999999999994671e+00 1.541966417387648572e-02
1.259999999999994458e+00 1.734536095076065834e-02
1.269999999999994245e+00 1.936854805078618708e-02
1.279999999999994031e+00 2.148770475423081652e-02
1.289999999999993818e+00 2.370095725552817320e-02
1.299999999999993605e+00 2.600608555726542648e-02
1.309999999999993392e+00 2.840053163787004467e-02
1.319999999999993179e+00 3.088140886293562482e-02
1.329999999999992966e+00 3.344551260556113959e-02
1.339999999999992752e+00 3.608933203662986755e-02
1.349999999999992539e+00 3.880906304164993825e-02
1.359999999999992326e+00 4.160062221663352044e-02
1.369999999999992113e+00 4.445966189152186082e-02
1.379999999999991900e+00 4.738158612588286994e-02
1.389999999999991687e+00 5.036156761803077531e-02
1.399999999999991473e+00 5.339456546535678583e-02
1.409999999999991260e+00 5.647534371052796709e-02
1.419999999999991047e+00 5.959849060532027704e-02
1.429999999999990834e+00 6.275843852121129607e-02
1.439999999999990621e+00 6.594948443347882494e-02
1.449999999999990408e+00 6.916581090344132987e-02
1.459999999999990195e+00 7.240150748164372874e-02
1.469999999999989981e+00 7.565059245324297355e-02
1.479999999999989768e+00 7.890703484558923841e-02
1.489999999999989555e+00 8.216477661703351643e-02
1.499999999999989342e+00 8.541775494532598267e-02
1.509999999999989129e+00 8.865992453360282965e-02
1.519999999999988916e+00 9.188527985189472169e-02
1.529999999999988702e+00 9.508787723232718647e-02
1.539999999999988489e+00 9.826185673672153953e-02
1.549999999999988276e+00 1.014014637161423510e-01
1.559999999999988063e+00 1.045010699830707240e-01
1.569999999999987850e+00 1.075551945183080699e-01
1.579999999999987637e+00 1.105585236364266394e-01
1.589999999999987423e+00 1.135059305355752834e-01
1.599999999999987210e+00 1.163924941597138524e-01
1.609999999999986997e+00 1.192135173038795376e-01
1.619999999999986784e+00 1.219645438958731343e-01
1.629999999999986571e+00 1.246413753907835292e-01
1.639999999999986358e+00 1.272400862180326220e-01
1.649999999999986144e+00 1.297570382241087783e-01
1.659999999999985931e+00 1.321888940578519467e-01
1.669999999999985718e+00 1.345326294490440111e-01
1.679999999999985505e+00 1.367855443351298494e-01
1.689999999999985292e+00 1.389452727951321354e-01
1.699999999999985079e+00 1.410097917542117441e-01
1.709999999999984865e+00 1.429774284268482409e-01
1.719999999999984652e+00 1.448468664712561915e-01
1.729999999999984439e+00 1.466171508323941552e-01
1.739999999999984226e+00 1.482876912557481996e-01
1.749999999999984013e+00 1.498582644589623591e-01
1.759999999999983800e+00 1.513290149533262907e-01
1.769999999999983586e+00 1.527004545120975720e-01
1.779999999999983373e+00 1.539734602876150216e-01
1.789999999999983160e+00 1.551492715841302494e-01
1.799999999999982947e+00 1.562294852982308024e-01
1.809999999999982734e+00 1.572160500436300401e-01
1.819999999999982521e+00 1.581112589819396452e-01
1.829999999999982307e+00 1.589177413858014198e-01
1.839999999999982094e+00 1.596384529654185369e-01
1.849999999999981881e+00 1.602766649940766952e-01
1.859999999999981668e+00 1.608359522726635626e-01
1.869999999999981455e+00 1.613201799774669765e-01
1.879999999999981242e+00 1.617334894396407763e-01
1.889999999999981029e+00 1.620802829086573638e-01
1.899999999999980815e+00 1.623652073558047859e-01
1.909999999999980602e+00 1.625931373773172317e-01
1.919999999999980389e+00 1.627691572600409586e-01
1.929999999999980176e+00 1.628985422756187851e-01
1.939999999999979963e+00 1.629867392720135422e-01
1.949999999999979750e+00 1.630393466337805020e-01
1.959999999999979536e+00 1.630620936848051483e-01
1.969999999999979323e+00 1.630608196093335516e-01
1.979999999999979110e+00 1.630414519686723962e-01
1.989999999999978897e+00 1.630099848932384243e-01
1.994999999999989448e+00 1.629916000347848837e-01
2.000000000000000000e+00 1.629724570589521915e-01
2.009999999999999787e+00 1.629339564239163374e-01
2.019999999999999574e+00 1.628957051119827304e-01
2.029999999999999361e+00 1.628580058148521303e-01
2.039999999999999147e+00 1.628212184220240999e-01
2.049999999999998934e+00 1.627857586967107473e-01
2.059999999999998721e+00 1.627520967461850154e-01
2.069999999999998508e+00 1.627207552921889344e-01
2.079999999999998295e+00 1.626923077477659130e-01
2.089999999999998082e+00 1.626673761075923819e-01
2.099999999999997868e+00 1.626466286595708299e-01
2.109999999999997655e+00 1.626307775261034150e-01
2.119999999999997442e+00 1.626205760440920800e-01
2.129999999999997229e+00 1.626168159933048807e-01
2.139999999999997016e+00 1.626203246833053395e-01
2.149999999999996803e+00 1.626319619096627256e-01
2.159999999999996589e+00 1.626526167906416354e-01
2.169999999999996376e+00 1.626832044960092316e-01
2.179999999999996163e+00 1.627246628799952910e-01
2.189999999999995950e+00 1.627779490307928179e-01
2.199999999999995737e+00 1.628440357492943191e-01
2.209999999999995524e+00 1.629239079700186554e-01
2.219999999999995310e+00 1.630185591373966014e-01
2.229999999999995097e+00 1.631289875507473397e-01
2.239999999999994884e+00 1.632561926913929373e-01
2.249999999999994671e+00 1.634011715454241898e-01
2.259999999999994458e+00 1.635649149356467602e-01
2.269999999999994245e+00 1.637484038762029304e-01
2.279999999999994031e+00 1.639526059632807342e-01
2.289999999999993818e+00 1.641784718151898248e-01
2.299999999999993605e+00 1.644269315749012084e-01
2.309999999999993392e+00 1.646988914879187194e-01
2.319999999999993179e+00 1.649952305680727205e-01
2.329999999999992966e+00 1.653167973635030208e-01
2.339999999999992752e+00 1.656644068347293275e-01
2.349999999999992539e+00 1.660388373562954045e-01
2.359999999999992326e+00 1.664408278530181695e-01
2.369999999999992113e+00 1.668710750813781063e-01
2.379999999999991900e+00 1.673302310660528813e-01
2.389999999999991687e+00 1.678189007010255918e-01
2.399999999999991473e+00 1.683376395240936962e-01
2.409999999999991260e+00 1.688869516729662734e-01
2.419999999999991047e+00 1.694672880304695928e-01
2.429999999999990834e+00 1.700790445656849004e-01
2.439999999999990621e+00 1.707225608771217873e-01
2.449999999999990408e+00 1.713981189432869090e-01
2.459999999999990195e+00 1.721059420852448785e-01
2.469999999999989981e+00 1.728461941449882244e-01
2.479999999999989768e+00 1.736189788826393576e-01
2.489999999999989555e+00 1.744243395947023545e-01
2.499999999999989342e+00 1.752622589547688514e-01
2.509999999999989129e+00 1.761326590772644973e-01
2.519999999999988916e+00 1.770354018040009580e-01
2.529999999999988702e+00 1.779702892124796487e-01
2.539999999999988489e+00 1.789370643440767461e-01
2.549999999999988276e+00 1.799354121494306513e-01
2.559999999999988063e+00 1.809649606475534356e-01
2.569999999999987850e+00 1.820252822944018745e-01
2.579999999999987637e+00 1.831158955558729040e-01
2.589999999999987423e+00 1.842362666794362391e-01
2.599999999999987210e+00 1.853858116578859239e-01
2.609999999999986997e+00 1.865638983779860649e-01
2.619999999999986784e+00 1.877698489461054610e-01
2.629999999999986571e+00 1.890029421822849443e-01
2.639999999999986358e+00 1.902624162735610802e-01
2.649999999999986144e+00 1.915474715767846725e-01
2.659999999999985931e+00 1.928572735606218225e-01
2.669999999999985718e+00 1.941909558759136178e-01
2.679999999999985505e+00 1.955476235430980425e-01
2.689999999999985292e+00 1.969263562449674043e-01
2.699999999999985079e+00 1.983262117126464164e-01
2.709999999999984865e+00 1.997462291923336186e-01
2.719999999999984652e+00 2.011854329800515373e-01
2.729999999999984439e+00 2.026428360114005678e-01
2.739999999999984226e+00 2.041174434931095905e-01
2.749999999999984013e+00 2.056082565630221182e-01
2.759999999999983800e+00 2.071142759650525245e-01
2.769999999999983586e+00 2.086345057255914737e-01
2.779999999999983373e+00 2.101679568178347890e-01
2.789999999999983160e+00 2.117136508005539319e-01
2.799999999999982947e+00 2.132706234179207738e-01
2.809999999999982734e+00 2.148379281471420321e-01
2.819999999999982521e+00 2.164146396808515893e-01
2.829999999999982307e+00 2.179998573314480825e-01
2.839999999999982094e+00 2.195927083448528938e-01
2.849999999999981881e+00 2.211923511114968210e-01
2.859999999999981668e+00 2.227979782627215466e-01
2.869999999999981455e+00 2.244088196412039049e-01
2.879999999999981242e+00 2.260241451344744967e-01
2.889999999999981029e+00 2.276432673611054336e-01
2.899999999999980815e+00 2.292655441996845345e-01
2.909999999999980602e+00 2.308903811512715565e-01
2.919999999999980389e+00 2.325172335266443846e-01
2.929999999999980176e+00 2.341456084502883950e-01
2.939999999999979963e+00 2.357750666737556122e-01
2.949999999999979750e+00 2.374052241917223860e-01
2.959999999999979536e+00 2.390357536547996486e-01
2.969999999999979323e+00 2.406663855738979951e-01
2.979999999999979110e+00 2.422969093117163797e-01
2.989999999999978897e+00 2.439271738577068471e-01
2.994999999999989448e+00 2.447421782806221136e-01
3.000000000000000000e+00 2.455570885681695181e-01
3.009999999999999787e+00 2.471866205292368446e-01
3.019999999999999574e+00 2.488157685004595554e-01
3.029999999999999361e+00 2.504445364404077612e-01
3.039999999999999147e+00 2.520729316215812310e-01
3.049999999999998934e+00 2.537009651959402090e-01
3.059999999999998721e+00 2.553286527461631206e-01
3.069999999999998508e+00 2.569560148206031513e-01
3.079999999999998295e+00 2.585830774499752183e-01
3.089999999999998082e+00 2.602098726438726861e-01
3.099999999999997868e+00 2.618364388652869024e-01
3.109999999999997655e+00 2.634628214813837799e-01
3.119999999999997442e+00 2.650890731888788654e-01
3.129999999999997229e+00 2.667152544124460900e-01
3.139999999999997016e+00 2.683414336746940410e-01
3.149999999999996803e+00 2.699676879363490101e-01
3.159999999999996589e+00 2.715941029053928757e-01
3.169999999999996376e+00 2.732207733140186168e-01
3.179999999999996163e+00 2.748478031623844409e-01
3.189999999999995950e+00 2.764753059282698544e-01
3.199999999999995737e+00 2.781034047418620148e-01
3.209999999999995524e+00 2.797322325250296560e-01
3.219999999999995310e+00 2.813619320945720537e-01
3.229999999999995097e+00 2.829926562290629444e-01
3.239999999999994884e+00 2.846245676990438733e-01
3.249999999999994671e+00 2.862578392604555044e-01
3.259999999999994458e+00 2.878926536113313173e-01
3.269999999999994245e+00 2.895292033119128972e-01
3.279999999999994031e+00 2.911676906684807498e-01
3.289999999999993818e+00 2.928083275813280206e-01
3.299999999999993605e+00 2.944513353574366721e-01
3.309999999999993392e+00 2.960969444885446777e-01
3.319999999999993179e+00 2.977453943954218030e-01
3.329999999999992966e+00 2.993969331392935529e-01
3.339999999999992752e+00 3.010518171014761046e-01
3.349999999999992539e+00 3.027103106324004478e-01
3.359999999999992326e+00 3.043726856713165896e-01
3.369999999999992113e+00 3.060392213380778714e-01
3.379999999999991900e+00 3.077102034985066403e-01
3.389999999999991687e+00 3.093859243049405516e-01
3.399999999999991473e+00 3.110666817136497619e-01
3.409999999999991260e+00 3.127527789809009251e-01
3.419999999999991047e+00 3.144445241395214530e-01
3.429999999999990834e+00 3.161422294578902781e-01
3.439999999999990621e+00 3.178462108833453037e-01
3.449999999999990408e+00 3.195567874720557366e-01
3.459999999999990195e+00 3.212742808074560696e-01
3.469999999999989981e+00 3.229990144093825011e-01
3.479999999999989768e+00 3.247313131360844984e-01
3.489999999999989555e+00 3.264715025813125782e-01
3.499999999999989342e+00 3.282199084686998058e-01
3.509999999999989129e+00 3.299768560456655120e-01
3.519999999999988916e+00 3.317426694790712172e-01
3.529999999999988702e+00 3.335176712548517108e-01
3.539999999999988489e+00 3.353021815838310160e-01
3.549999999999988276e+00 3.370965178159083253e-01
3.559999999999988063e+00 3.389009938647700171e-01
3.569999999999987850e+00 3.407159196452438366e-01
3.579999999999987637e+00 3.425416005253653640e-01
3.589999999999987423e+00 3.443783367951730456e-01
3.599999999999987210e+00 3.462264231541856696e-01
3.609999999999986997e+00 3.480861482194483325e-01
3.619999999999986784e+00 3.499577940559563949e-01
3.629999999999986571e+00 3.518416357311857645e-01
3.639999999999986358e+00 3.537379408953678084e-01
3.649999999999986144e+00 3.556469693890532691e-01
3.659999999999985931e+00 3.575689728794093636e-01
3.669999999999985718e+00 3.595041945265878280e-01
3.679999999999985505e+00 3.614528686813914260e-01
3.689999999999985292e+00 3.634152206153513642e-01
3.699999999999985079e+00 3.653914662842084882e-01
3.709999999999984865e+00 3.673818121256689495e-01
3.719999999999984652e+00 3.693864548921776958e-01
3.729999999999984439e+00 3.714055815193256227e-01
3.739999999999984226e+00 3.734393690303743352e-01
3.749999999999984013e+00 3.754879844772496811e-01
3.759999999999983800e+00 3.775515849182213279e-01
3.769999999999983586e+00 3.796303174323503726e-01
3.779999999999983373e+00 3.817243191706519712e-01
3.789999999999983160e+00 3.838337174437845278e-01
3.799999999999982947e+00 3.859586298459430354e-01
3.809999999999982734e+00 3.880991644145007080e-01
3.819999999999982521e+00 3.902554198248114337e-01
3.829999999999982307e+00 3.924274856194565619e-01
3.839999999999982094e+00 3.946154424710922592e-01
3.849999999999981881e+00 3.968193624779308148e-01
3.859999999999981668e+00 3.990393094907682681e-01
3.869999999999981455e+00 4.012753394703558740e-01
3.879999999999981242e+00 4.035275008737996827e-01
3.889999999999981029e+00 4.057958350685673676e-01
3.899999999999980815e+00 4.080803767725789677e-01
3.909999999999980602e+00 4.103811545187618925e-01
3.919999999999980389e+00 4.126981911423616700e-01
3.929999999999980176e+00 4.150315042892153694e-01
3.939999999999979963e+00 4.173811069431171972e-01
3.949999999999979750e+00 4.197470079703367607e-01
3.959999999999979536e+00 4.221292126792862143e-01
3.969999999999979323e+00 4.245277233932772676e-01
3.979999999999979110e+00 4.269425400342606314e-01
3.989999999999978897e+00 4.293736607154007290e-01
3.999999999999978684e+00 4.318210823421921862e-01
4.009999999999979359e+00 4.342848012084735143e-01
4.019999999999980034e+00 4.367648134722427189e-01
4.029999999999980709e+00 4.392611153108517130e-01
4.039999999999981384e+00 4.417737029573315377e-01
4.049999999999982059e+00 4.443025727363704713e-01
4.059999999999982734e+00 4.468477211058776155e-01
4.069999999999983409e+00 4.494091447039794684e-01
4.079999999999984084e+00 4.519868404012761243e-01
4.089999999999984759e+00 4.545808053581650854e-01
4.099999999999985434e+00 4.571910370870219120e-01
4.109999999999986109e+00 4.598175335190085034e-01
4.119999999999986784e+00 4.624602930752636509e-01
4.129999999999987459e+00 4.651193147422137408e-01
4.139999999999988134e+00 4.677945981507265483e-01
4.149999999999988809e+00 4.704861436588168022e-01
4.159999999999989484e+00 4.731939524375996520e-01
4.169999999999990159e+00 4.759180265601750670e-01
4.179999999999990834e+00 4.786583690931169865e-01
4.189999999999991509e+00 4.814149841902299887e-01
4.199999999999992184e+00 4.841878771882286991e-01
4.209999999999992859e+00 4.869770547039882214e-01
4.219999999999993534e+00 4.897825247330073184e-01
4.229999999999994209e+00 4.926042967487224700e-01
4.239999999999994884e+00 4.954423818023071524e-01
4.249999999999995559e+00 4.982967926225893018e-01
4.259999999999996234e+00 5.011675437157193658e-01
4.269999999999996909e+00 5.040546514642221254e-01
4.279999999999997584e+00 5.069581342250680800e-01
4.289999999999998259e+00 5.098780124264032931e-01
4.299999999999998934e+00 5.128143086625821523e-01
4.309999999999999609e+00 5.157670477871526549e-01
4.320000000000000284e+00 5.187362570034537157e-01
4.330000000000000959e+00 5.217219659524890973e-01
4.340000000000001634e+00 5.247242067977562208e-01
4.350000000000002309e+00 5.277430143067171064e-01
4.360000000000002984e+00 5.307784259286119077e-01
4.370000000000003659e+00 5.338304818683287101e-01
4.380000000000004334e+00 5.368992251560574802e-01
4.390000000000005009e+00 5.399847017124725923e-01
4.400000000000005684e+00 5.430869604092035674e-01
4.410000000000006359e+00 5.462060531243714268e-01
4.420000000000007034e+00 5.493420347929872660e-01
4.430000000000007709e+00 5.524949634520263109e-01
4.440000000000008384e+00 5.556649002800124748e-01
4.450000000000009059e+00 5.588519096309679801e-01
4.460000000000009734e+00 5.620560590626020314e-01
4.470000000000010409e+00 5.652774193586360685e-01
4.480000000000011084e+00 5.685160645451829975e-01
4.490000000000011759e+00 5.717720719011194497e-01
4.500000000000012434e+00 5.750455219624143188e-01
4.510000000000013110e+00 5.783364985203963693e-01
4.520000000000013785e+00 5.816450886139677978e-01
4.530000000000014460e+00 5.849713825157927261e-01
4.540000000000015135e+00 5.883154737125105838e-01
4.550000000000015810e+00 5.916774588790483236e-01
4.560000000000016485e+00 5.950574378471246151e-01
4.570000000000017160e+00 5.984555135680633686e-01
4.580000000000017835e+00 6.018717920700521473e-01
4.590000000000018510e+00 6.053063824100033408e-01
4.600000000000019185e+00 6.087593966201950701e-01
4.610000000000019860e+00 6.122309496498885562e-01
4.620000000000020535e+00 6.157211593021358897e-01
4.630000000000021210e+00 6.192301461660112416e-01
4.640000000000021885e+00 6.227580335445149773e-01
4.650000000000022560e+00 6.263049473784156884e-01
4.660000000000023235e+00 6.298710161663101381e-01
4.670000000000023910e+00 6.334563708811958849e-01
4.680000000000024585e+00 6.370611448838626734e-01
4.690000000000025260e+00 6.406854738334218924e-01
4.700000000000025935e+00 6.443294955953029479e-01
4.710000000000026610e+00 6.479933501470555024e-01
4.720000000000027285e+00 6.516771794823030817e-01
4.730000000000027960e+00 6.553811275132029879e-01
4.740000000000028635e+00 6.591053399717698991e-01
4.750000000000029310e+00 6.628499643104269756e-01
4.760000000000029985e+00 6.666151496021504030e-01
4.770000000000030660e+00 6.704010464405744107e-01
4.780000000000031335e+00 6.742078068404243618e-01
4.790000000000032010e+00 6.780355841386447313e-01
4.800000000000032685e+00 6.818845328965845720e-01
4.810000000000033360e+00 6.857548088036019562e-01
4.820000000000034035e+00 6.896465685824405556e-01
4.830000000000034710e+00 6.935599698967271909e-01
4.840000000000035385e+00 6.974951712609313015e-01
4.850000000000036060e+00 7.014523319531158485e-01
4.860000000000036735e+00 7.054316119308023936e-01
4.870000000000037410e+00 7.094331717502592172e-01
4.880000000000038085e+00 7.134571724895091283e-01
4.890000000000038760e+00 7.175037756753409601e-01
4.900000000000039435e+00 7.215731432145924273e-01
4.910000000000040110e+00 7.256654373299578076e-01
4.920000000000040785e+00 7.297808205005563709e-01
4.930000000000041460e+00 7.339194554074804921e-01
4.940000000000042135e+00 7.380815048845230653e-01
4.950000000000042810e+00 7.422671318742665170e-01
4.960000000000043485e+00 7.464764993896941814e-01
4.970000000000044160e+00 7.507097704814652550e-01
4.980000000000044835e+00 7.549671082109746800e-01
4.990000000000021529e+00 7.592486756292862182e-01
5.000000000000000000e+00 7.635546357620734970e-01
