-1.000010000000000066e+00 1.586206896551724865e+00
-1.000000000000000000e+00 1.586206896551724643e+00
-9.899999999999999911e-01 1.586206896551724421e+00
-9.799999999999999822e-01 1.586206896551724643e+00
-9.699999999999999734e-01 1.586206896551724199e+00
-9.599999999999999645e-01 1.586206896551724199e+00
-9.499999999999999556e-01 1.586206896551723977e+00
-9.399999999999999467e-01 1.586206896551723977e+00
-9.299999999999999378e-01 1.586206896551724199e+00
-9.200000000000000400e-01 1.586206896551724199e+00
-9.100000000000000311e-01 1.586206896551723977e+00
-9.000000000000000222e-01 1.586206896551724421e+00
-8.900000000000000133e-01 1.586206896551724421e+00
-8.800000000000000044e-01 1.586206896551724421e+00
-8.699999999999999956e-01 1.586206896551723977e+00
-8.599999999999999867e-01 1.586206896551723533e+00
-8.499999999999999778e-01 1.586206896551724199e+00
-8.399999999999999689e-01 1.586206896551724643e+00
-8.299999999999999600e-01 1.586206896551724199e+00
-8.200000000000000622e-01 1.586206896551724199e+00
-8.100000000000000533e-01 1.586206896551724643e+00
-8.000000000000000444e-01 1.586206896551724199e+00
-7.900000000000000355e-01 1.586206896551724421e+00
-7.800000000000000266e-01 1.586206896551723977e+00
-7.700000000000000178e-01 1.586206896551724421e+00
-7.600000000000000089e-01 1.586206896551723977e+00
-7.500000000000000000e-01 1.586206896551724421e+00
-7.399999999999999911e-01 1.586206896551723977e+00
-7.299999999999999822e-01 1.586206896551724421e+00
-7.199999999999999734e-01 1.586206896551723977e+00
-7.099999999999999645e-01 1.586206896551724421e+00
-6.999999999999999556e-01 1.586206896551723977e+00
-6.899999999999999467e-01 1.586206896551724421e+00
-6.799999999999999378e-01 1.586206896551723977e+00
-6.699999999999999289e-01 1.586206896551724421e+00
-6.599999999999999201e-01 1.586206896551724199e+00
-6.499999999999999112e-01 1.586206896551724199e+00
-6.400000000000000133e-01 1.586206896551724199e+00
-6.300000000000000044e-01 1.586206896551724643e+00
-6.199999999999999956e-01 1.586206896551724199e+00
-6.099999999999999867e-01 1.586206896551724421e+00
-5.999999999999999778e-01 1.586206896551724199e+00
-5.899999999999999689e-01 1.586206896551724199e+00
-5.800000000000000711e-01 1.586206896551724199e+00
-5.700000000000000622e-01 1.586206896551724643e+00
-5.600000000000000533e-01 1.586206896551724199e+00
-5.500000000000000444e-01 1.586206896551724421e+00
-5.400000000000000355e-01 1.586206896551723977e+00
-5.300000000000000266e-01 1.586206896551724421e+00
-5.200000000000000178e-01 1.586206896551723977e+00
-5.100000000000000089e-01 1.586206896551724421e+00
-5.000000000000000000e-01 1.586206896551723977e+00
-4.899999999999999911e-01 1.586206896551724421e+00
-4.799999999999999822e-01 1.586206896551723977e+00
-4.699999999999999734e-01 1.586206896551724421e+00
-4.599999999999999645e-01 1.586206896551723977e+00
-4.499999999999999556e-01 1.586206896551724421e+00
-4.399999999999999467e-01 1.586206896551724199e+00
-4.299999999999999378e-01 1.586206896551724199e+00
-4.200000000000000400e-01 1.586206896551724199e+00
-4.100000000000000311e-01 1.586206896551724643e+00
-4.000000000000000222e-01 1.586206896551724643e+00
-3.900000000000000133e-01 1.586206896551723977e+00
-3.800000000000000044e-01 1.586206896551724421e+00
-3.699999999999999956e-01 1.586206896551723977e+00
-3.599999999999999867e-01 1.586206896551724421e+00
-3.499999999999999778e-01 1.586206896551723977e+00
-3.399999999999999689e-01 1.586206896551724421e+00
-3.299999999999999600e-01 1.586206896551723977e+00
-3.199999999999999512e-01 1.586206896551724421e+00
-3.099999999999999423e-01 1.586206896551724199e+00
-2.999999999999999334e-01 1.586206896551724199e+00
-2.900000000000000355e-01 1.586206896551724199e+00
-2.800000000000000266e-01 1.586206896551724643e+00
-2.700000000000000178e-01 1.586206896551724643e+00
-2.600000000000000089e-01 1.586206896551723977e+00
-2.500000000000000000e-01 1.586206896551724421e+00
-2.399999999999999911e-01 1.586206896551723977e+00
-2.299999999999999822e-01 1.586206896551724421e+00
-2.199999999999999734e-01 1.586206896551723977e+00
-2.099999999999999645e-01 1.586206896551724421e+00
-1.999999999999999556e-01 1.586206896551723977e+00
-1.899999999999999467e-01 1.586206896551724421e+00
-1.799999999999999378e-01 1.586206896551724199e+00
-1.699999999999999289e-01 1.586206896551724199e+00
-1.600000000000000311e-01 1.586206896551724199e+00
-1.500000000000000222e-01 1.586206896551724643e+00
-1.400000000000000133e-01 1.586206896551724199e+00
-1.300000000000000044e-01 1.586206896551724421e+00
-1.199999999999999956e-01 1.586206896551723977e+00
-1.099999999999999867e-01 1.586206896551724421e+00
-9.999999999999997780e-02 1.586206896551723977e+00
-8.999999999999996891e-02 1.586206896551724421e+00
-7.999999999999996003e-02 1.586206896551723977e+00
-6.999999999999995115e-02 1.586206896551724421e+00
-5.999999999999994227e-02 1.586206896551724199e+00
-4.999999999999993339e-02 1.586206896551724199e+00
-4.000000000000003553e-02 1.586206896551724199e+00
-3.000000000000002665e-02 1.586206896551724421e+00
-2.000000000000001776e-02 1.586206896551724199e+00
-1.000000000000000888e-02 1.586206896551724199e+00
0.000000000000000000e+00 1.586206896551724199e+00
9.999999999999999547e-07 1.586208482758620697e+00
1.000100000000000121e-02 1.602070551724138037e+00
2.000099999999999795e-02 1.617932620689655376e+00
3.000099999999999642e-02 1.633794689655172716e+00
4.000100000000000183e-02 1.649656758620690056e+00
5.000100000000000378e-02 1.665518827586207395e+00
6.000100000000000572e-02 1.681380896551724735e+00
7.000100000000000766e-02 1.697242965517242075e+00
8.000100000000001654e-02 1.713105034482759415e+00
9.000100000000002542e-02 1.728967103448276754e+00
1.000010000000000343e-01 1.744829172413794094e+00
1.100010000000000432e-01 1.760691241379311434e+00
1.200010000000000521e-01 1.776553310344828773e+00
1.300010000000000610e-01 1.792415379310346113e+00
1.400010000000000698e-01 1.808277448275863453e+00
1.500010000000000787e-01 1.824139517241380792e+00
1.600010000000000876e-01 1.840001586206898132e+00
1.700010000000000965e-01 1.855863655172415472e+00
1.800010000000001054e-01 1.871725724137932811e+00
1.900010000000001142e-01 1.887587793103450151e+00
2.000010000000001231e-01 1.903449862068967491e+00
2.100010000000001320e-01 1.919311931034484831e+00
2.200010000000001409e-01 1.935174000000002170e+00
2.300010000000001498e-01 1.951036068965519510e+00
2.400010000000001587e-01 1.966898137931036850e+00
2.500010000000001398e-01 1.982760206896554189e+00
2.600010000000001487e-01 1.998622275862071529e+00
2.700010000000001575e-01 2.014484344827588647e+00
2.800010000000001664e-01 2.030346413793105764e+00
2.900010000000001753e-01 2.046208482758622882e+00
3.000010000000001842e-01 2.062070551724140000e+00
3.100010000000001931e-01 2.077932620689657117e+00
3.200010000000002020e-01 2.093794689655174235e+00
3.300010000000002108e-01 2.109656758620691352e+00
3.400010000000002197e-01 2.125518827586208470e+00
3.500010000000002286e-01 2.141380896551725588e+00
3.600010000000002375e-01 2.157242965517242705e+00
3.700010000000002464e-01 2.173105034482759823e+00
3.800010000000002552e-01 2.188967103448276941e+00
3.900010000000002641e-01 2.204829172413794058e+00
4.000010000000002730e-01 2.220691241379311176e+00
4.100010000000002819e-01 2.236553310344828294e+00
4.200010000000002908e-01 2.252415379310345411e+00
4.300010000000002997e-01 2.268277448275862529e+00
4.400010000000003085e-01 2.284139517241379647e+00
4.500010000000003174e-01 2.300001586206896764e+00
4.600010000000003263e-01 2.315863655172413882e+00
4.700010000000003352e-01 2.331725724137931000e+00
4.800010000000003441e-01 2.347587793103448117e+00
4.900010000000003529e-01 2.363449862068965235e+00
5.000010000000003618e-01 2.379311931034482352e+00
5.100010000000002597e-01 2.395173999999999470e+00
5.200010000000001575e-01 2.411036068965516588e+00
5.300010000000000554e-01 2.426898137931033705e+00
5.400009999999999533e-01 2.442760206896550823e+00
5.500009999999998511e-01 2.458622275862067941e+00
5.600009999999997490e-01 2.474484344827585058e+00
5.700009999999996468e-01 2.490346413793102176e+00
5.800009999999995447e-01 2.506208482758619294e+00
5.900009999999994426e-01 2.522070551724136411e+00
6.000009999999993404e-01 2.537932620689653529e+00
6.100009999999992383e-01 2.553794689655170647e+00
6.200009999999991361e-01 2.569656758620687764e+00
6.300009999999990340e-01 2.585518827586204882e+00
6.400009999999989319e-01 2.601380896551722000e+00
6.500009999999988297e-01 2.617242965517239117e+00
6.600009999999987276e-01 2.633105034482756235e+00
6.700009999999986254e-01 2.648967103448273352e+00
6.800009999999985233e-01 2.664829172413790470e+00
6.900009999999984212e-01 2.680691241379307588e+00
7.000009999999983190e-01 2.696553310344824705e+00
7.100009999999982169e-01 2.712415379310341823e+00
7.200009999999981147e-01 2.728277448275858941e+00
7.300009999999980126e-01 2.744139517241376058e+00
7.400009999999979105e-01 2.760001586206893176e+00
7.500009999999978083e-01 2.775863655172410294e+00
7.600009999999977062e-01 2.791725724137927411e+00
7.700009999999976040e-01 2.807587793103444529e+00
7.800009999999975019e-01 2.823449862068961647e+00
7.900009999999973997e-01 2.839311931034478764e+00
8.000009999999972976e-01 2.855173999999995882e+00
8.100009999999971955e-01 2.871036068965513000e+00
8.200009999999970933e-01 2.886898137931030117e+00
8.300009999999969912e-01 2.902760206896547235e+00
8.400009999999968890e-01 2.918622275862064352e+00
8.500009999999967869e-01 2.934484344827581470e+00
8.600009999999966848e-01 2.950346413793098588e+00
8.700009999999965826e-01 2.966208482758615705e+00
8.800009999999964805e-01 2.982070551724132823e+00
8.900009999999963783e-01 2.997932620689649941e+00
9.000009999999962762e-01 3.013794689655167058e+00
9.100009999999961741e-01 3.029656758620684176e+00
9.200009999999960719e-01 3.045518827586201294e+00
9.300009999999959698e-01 3.061380896551718411e+00
9.400009999999958676e-01 3.077242965517235529e+00
9.500009999999957655e-01 3.093105034482752647e+00
9.600009999999956634e-01 3.108967103448269764e+00
9.700009999999955612e-01 3.124829172413786882e+00
9.800009999999954591e-01 3.140691241379304000e+00
9.900004999999978406e-01 3.156552517241376421e+00
1.000000000000000000e+00 3.172413793103448842e+00
1.009999999999999787e+00 3.188355172413793515e+00
1.019999999999999574e+00 3.204455172413793296e+00
1.029999999999999361e+00 3.220713793103448630e+00
1.039999999999999147e+00 3.237131034482759073e+00
1.049999999999998934e+00 3.253706896551724626e+00
1.059999999999998721e+00 3.270441379310345287e+00
1.069999999999998508e+00 3.287334482758621057e+00
1.079999999999998295e+00 3.304386206896551936e+00
1.089999999999998082e+00 3.321596551724137925e+00
1.099999999999997868e+00 3.338965517241379466e+00
1.109999999999997655e+00 3.356493103448276116e+00
1.119999999999997442e+00 3.374179310344827876e+00
1.129999999999997229e+00 3.392024137931034744e+00
1.139999999999997016e+00 3.410027586206896721e+00
1.149999999999996803e+00 3.428189655172413808e+00
1.159999999999996589e+00 3.446510344827586003e+00
1.169999999999996376e+00 3.464989655172413752e+00
1.179999999999996163e+00 3.483627586206896609e+00
1.189999999999995950e+00 3.502424137931034576e+00
1.199999999999995737e+00 3.521379310344827651e+00
1.209999999999995524e+00 3.540493103448275836e+00
1.219999999999995310e+00 3.559765517241379129e+00
1.229999999999995097e+00 3.579196551724137532e+00
1.239999999999994884e+00 3.598786206896551043e+00
1.249999999999994671e+00 3.618534482758620108e+00
1.259999999999994458e+00 3.638441379310344281e+00
1.269999999999994245e+00 3.658506896551723564e+00
1.279999999999994031e+00 3.678731034482757956e+00
1.289999999999993818e+00 3.699113793103447456e+00
1.299999999999993605e+00 3.719655172413792066e+00
1.309999999999993392e+00 3.740355172413791784e+00
1.319999999999993179e+00 3.761213793103447056e+00
1.329999999999992966e+00 3.782231034482757437e+00
1.339999999999992752e+00 3.803406896551722927e+00
1.349999999999992539e+00 3.824741379310343525e+00
1.359999999999992326e+00 3.846234482758619233e+00
1.369999999999992113e+00 3.867886206896550050e+00
1.379999999999991900e+00 3.889696551724135976e+00
1.389999999999991687e+00 3.911665517241377010e+00
1.399999999999991473e+00 3.933793103448273598e+00
1.409999999999991260e+00 3.956079310344825295e+00
1.419999999999991047e+00 3.978524137931032101e+00
1.429999999999990834e+00 4.001127586206894016e+00
1.439999999999990621e+00 4.023889655172411040e+00
1.449999999999990408e+00 4.046810344827583172e+00
1.459999999999990195e+00 4.069889655172410414e+00
1.469999999999989981e+00 4.093127586206892765e+00
1.479999999999989768e+00 4.116524137931030225e+00
1.489999999999989555e+00 4.140079310344822794e+00
1.499999999999989342e+00 4.163793103448270472e+00
1.509999999999989129e+00 4.187665517241374147e+00
1.519999999999988916e+00 4.211696551724132931e+00
1.529999999999988702e+00 4.235886206896546824e+00
1.539999999999988489e+00 4.260234482758615826e+00
1.549999999999988276e+00 4.284741379310339937e+00
1.559999999999988063e+00 4.309406896551719157e+00
1.569999999999987850e+00 4.334231034482753486e+00
1.579999999999987637e+00 4.359213793103442924e+00
1.589999999999987423e+00 4.384355172413787471e+00
1.599999999999987210e+00 4.409655172413787128e+00
1.609999999999986997e+00 4.435113793103441893e+00
1.619999999999986784e+00 4.460731034482751767e+00
1.629999999999986571e+00 4.486506896551716750e+00
1.639999999999986358e+00 4.512441379310336842e+00
1.649999999999986144e+00 4.538534482758612043e+00
1.659999999999985931e+00 4.564786206896543241e+00
1.669999999999985718e+00 4.591196551724129549e+00
1.679999999999985505e+00 4.617765517241370965e+00
1.689999999999985292e+00 4.644493103448267490e+00
1.699999999999985079e+00 4.671379310344819125e+00
1.709999999999984865e+00 4.698424137931025868e+00
1.719999999999984652e+00 4.725627586206887720e+00
1.729999999999984439e+00 4.752989655172404682e+00
1.739999999999984226e+00 4.780510344827576752e+00
1.749999999999984013e+00 4.808189655172403931e+00
1.759999999999983800e+00 4.836027586206886220e+00
1.769999999999983586e+00 4.864024137931023617e+00
1.779999999999983373e+00 4.892179310344816123e+00
1.789999999999983160e+00 4.920493103448263739e+00
1.799999999999982947e+00 4.948965517241367351e+00
1.809999999999982734e+00 4.977596551724126073e+00
1.819999999999982521e+00 5.006386206896539903e+00
1.829999999999982307e+00 5.035334482758608843e+00
1.839999999999982094e+00 5.064441379310332891e+00
1.849999999999981881e+00 5.093706896551712049e+00
1.859999999999981668e+00 5.123131034482746315e+00
1.869999999999981455e+00 5.152713793103435691e+00
1.879999999999981242e+00 5.182455172413780176e+00
1.889999999999981029e+00 5.212355172413779769e+00
1.899999999999980815e+00 5.242413793103434472e+00
1.909999999999980602e+00 5.272631034482744283e+00
1.919999999999980389e+00 5.303006896551709204e+00
1.929999999999980176e+00 5.333541379310329233e+00
1.939999999999979963e+00 5.364234482758604372e+00
1.949999999999979750e+00 5.395086206896535508e+00
1.959999999999979536e+00 5.426096551724121753e+00
1.969999999999979323e+00 5.457265517241363106e+00
1.979999999999979110e+00 5.488593103448259569e+00
1.989999999999978897e+00 5.520079310344811141e+00
1.994999999999989448e+00 5.535881896551741121e+00
2.000000000000000000e+00 5.551724137931084435e+00
2.009999999999999787e+00 5.583527850574762752e+00
2.019999999999999574e+00 5.615491770114992676e+00
2.029999999999999361e+00 5.647617482758670704e+00
2.039999999999999147e+00 5.679906574712693335e+00
2.049999999999998934e+00 5.712360632183957954e+00
2.059999999999998721e+00 5.744981241379360171e+00
2.069999999999998508e+00 5.777769988505797372e+00
2.079999999999998295e+00 5.810728459770165166e+00
2.089999999999998082e+00 5.843858241379360940e+00
2.099999999999997868e+00 5.877160919540280304e+00
2.109999999999997655e+00 5.910638080459820642e+00
2.119999999999997442e+00 5.944291310344878454e+00
2.129999999999997229e+00 5.978122195402349348e+00
2.139999999999997016e+00 6.012132321839130711e+00
2.149999999999996803e+00 6.046323275862119040e+00
2.159999999999996589e+00 6.080696643678210833e+00
2.169999999999996376e+00 6.115254011494302588e+00
2.179999999999996163e+00 6.149996965517290803e+00
2.189999999999995950e+00 6.184927091954071976e+00
2.199999999999995737e+00 6.220045977011543492e+00
2.209999999999995524e+00 6.255355206896600961e+00
2.219999999999995310e+00 6.290856367816140882e+00
2.229999999999995097e+00 6.326551045977060639e+00
2.239999999999994884e+00 6.362440827586255843e+00
2.249999999999994671e+00 6.398527298850623879e+00
2.259999999999994458e+00 6.434812045977060357e+00
2.269999999999994245e+00 6.471296655172462664e+00
2.279999999999994031e+00 6.507982712643727297e+00
2.289999999999993818e+00 6.544871804597749865e+00
2.299999999999993605e+00 6.581965517241427754e+00
2.309999999999993392e+00 6.619265436781657463e+00
2.319999999999993179e+00 6.656773149425335490e+00
2.329999999999992966e+00 6.694490241379358331e+00
2.339999999999992752e+00 6.732418298850622485e+00
2.349999999999992539e+00 6.770558908046024449e+00
2.359999999999992326e+00 6.808913655172461610e+00
2.369999999999992113e+00 6.847484126436829577e+00
2.379999999999991900e+00 6.886271908046024848e+00
2.389999999999991687e+00 6.925278586206944809e+00
2.399999999999991473e+00 6.964505747126485069e+00
2.409999999999991260e+00 7.003954977011542127e+00
2.419999999999991047e+00 7.043627862069013368e+00
2.429999999999990834e+00 7.083525988505795290e+00
2.439999999999990621e+00 7.123650942528783503e+00
2.449999999999990408e+00 7.164004310344875393e+00
2.459999999999990195e+00 7.204587678160967457e+00
2.469999999999989981e+00 7.245402632183956193e+00
2.479999999999989768e+00 7.286450758620738100e+00
2.489999999999989555e+00 7.327733643678209674e+00
2.499999999999989342e+00 7.369252873563267414e+00
2.509999999999989129e+00 7.411010034482807818e+00
2.519999999999988916e+00 7.453006712643727383e+00
2.529999999999988702e+00 7.495244494252922607e+00
2.539999999999988489e+00 7.537724965517289988e+00
2.549999999999988276e+00 7.580449712643726912e+00
2.559999999999988063e+00 7.623420321839128988e+00
2.569999999999987850e+00 7.666638379310393603e+00
2.579999999999987637e+00 7.710105471264416366e+00
2.589999999999987423e+00 7.753823183908094663e+00
2.599999999999987210e+00 7.797793103448324104e+00
2.609999999999986997e+00 7.842016816092002074e+00
2.619999999999986784e+00 7.886495908046025072e+00
2.629999999999986571e+00 7.931231965517289595e+00
2.639999999999986358e+00 7.976226574712692141e+00
2.649999999999986144e+00 8.021481321839129208e+00
2.659999999999985931e+00 8.066997793103496406e+00
2.669999999999985718e+00 8.112777574712691120e+00
2.679999999999985505e+00 8.158822252873610736e+00
2.689999999999985292e+00 8.205133413793150865e+00
2.699999999999985079e+00 8.251712643678208892e+00
2.709999999999984865e+00 8.298561528735680426e+00
2.719999999999984652e+00 8.345681655172461078e+00
2.729999999999984439e+00 8.393074609195450009e+00
2.739999999999984226e+00 8.440741977011541053e+00
2.749999999999984013e+00 8.488685344827633372e+00
2.759999999999983800e+00 8.536906298850622576e+00
2.769999999999983586e+00 8.585406425287404275e+00
2.779999999999983373e+00 8.634187310344875854e+00
2.789999999999983160e+00 8.683250540229932923e+00
2.799999999999982947e+00 8.732597701149472869e+00
2.809999999999982734e+00 8.782230379310393076e+00
2.819999999999982521e+00 8.832150160919589155e+00
2.829999999999982307e+00 8.882358632183956715e+00
2.839999999999982094e+00 8.932857379310393142e+00
2.849999999999981881e+00 8.983647988505795823e+00
2.859999999999981668e+00 9.034732045977060366e+00
2.869999999999981455e+00 9.086111137931082382e+00
2.879999999999981242e+00 9.137786850574761033e+00
2.889999999999981029e+00 9.189760770114990152e+00
2.899999999999980815e+00 9.242034482758668901e+00
2.909999999999980602e+00 9.294609574712691114e+00
2.919999999999980389e+00 9.347487632183955952e+00
2.929999999999980176e+00 9.400670241379357250e+00
2.939999999999979963e+00 9.454158988505794170e+00
2.949999999999979750e+00 9.507955459770162321e+00
2.959999999999979536e+00 9.562061241379357313e+00
2.969999999999979323e+00 9.616477919540276531e+00
2.979999999999979110e+00 9.671207080459817362e+00
2.989999999999978897e+00 9.726250310344875416e+00
2.994999999999989448e+00 9.753890196839186899e+00
3.000000000000000000e+00 9.781609195402463541e+00
3.009999999999999787e+00 9.837285322445088909e+00
3.019999999999999574e+00 9.893280286326794126e+00
3.029999999999999361e+00 9.949595697047580956e+00
3.039999999999999147e+00 1.000623318046951660e+01
3.049999999999998934e+00 1.006319437831673902e+01
3.059999999999998721e+00 1.012048094817545518e+01
3.069999999999998508e+00 1.017809456349394281e+01
3.079999999999998295e+00 1.023603691358254508e+01
3.089999999999998082e+00 1.029430970361367592e+01
3.099999999999997868e+00 1.035291465462181826e+01
3.109999999999997655e+00 1.041185350350352401e+01
3.119999999999997442e+00 1.047112800301741409e+01
3.129999999999997229e+00 1.053073992178417662e+01
3.139999999999997016e+00 1.059069104428657226e+01
3.149999999999996803e+00 1.065098317086942714e+01
3.159999999999996589e+00 1.071161811773963812e+01
3.169999999999996376e+00 1.077259771696617108e+01
3.179999999999996163e+00 1.083392381648006086e+01
3.189999999999995950e+00 1.089559828007440956e+01
3.199999999999995737e+00 1.095762298740439178e+01
3.209999999999995524e+00 1.101999983398724581e+01
3.219999999999995310e+00 1.108273073120228425e+01
3.229999999999995097e+00 1.114581760629088691e+01
3.239999999999994884e+00 1.120926240235650084e+01
3.249999999999994671e+00 1.127306707836464383e+01
3.259999999999994458e+00 1.133723360914290090e+01
3.269999999999994245e+00 1.140176398538092783e+01
3.279999999999994031e+00 1.146666021363044941e+01
3.289999999999993818e+00 1.153192431630525761e+01
3.299999999999993605e+00 1.159755833168121519e+01
3.309999999999993392e+00 1.166356431389625392e+01
3.319999999999993179e+00 1.172994433295037275e+01
3.329999999999992966e+00 1.179670047470564143e+01
3.339999999999992752e+00 1.186383484088619689e+01
3.349999999999992539e+00 1.193134954907824685e+01
3.359999999999992326e+00 1.199924673273006803e+01
3.369999999999992113e+00 1.206752854115200257e+01
3.379999999999991900e+00 1.213619713951646695e+01
3.389999999999991687e+00 1.220525470885794306e+01
3.399999999999991473e+00 1.227470344607298181e+01
3.409999999999991260e+00 1.234454556392020486e+01
3.419999999999991047e+00 1.241478329102030109e+01
3.429999999999990834e+00 1.248541887185603017e+01
3.439999999999990621e+00 1.255645456677221894e+01
3.449999999999990408e+00 1.262789265197576327e+01
3.459999999999990195e+00 1.269973541953562979e+01
3.469999999999989981e+00 1.277198517738285233e+01
3.479999999999989768e+00 1.284464424931053550e+01
3.489999999999989555e+00 1.291771497497384935e+01
3.499999999999989342e+00 1.299119970989003825e+01
3.509999999999989129e+00 1.306510082543841023e+01
3.519999999999988916e+00 1.313942070886034585e+01
3.529999999999988702e+00 1.321416176325929293e+01
3.539999999999988489e+00 1.328932640760076822e+01
3.549999999999988276e+00 1.336491707671235929e+01
3.559999999999988063e+00 1.344093622128371912e+01
3.569999999999987850e+00 1.351738630786657325e+01
3.579999999999987637e+00 1.359426981887471619e+01
3.589999999999987423e+00 1.367158925258400792e+01
3.599999999999987210e+00 1.374934712313238094e+01
3.609999999999986997e+00 1.382754596051983320e+01
3.619999999999986784e+00 1.390618831060843519e+01
3.629999999999986571e+00 1.398527673512232461e+01
3.639999999999986358e+00 1.406481381164770816e+01
3.649999999999986144e+00 1.414480213363286154e+01
3.659999999999985931e+00 1.422524431038812942e+01
3.669999999999985718e+00 1.430614296708592725e+01
3.679999999999985505e+00 1.438750074476073593e+01
3.689999999999985292e+00 1.446932030030910887e+01
3.699999999999985079e+00 1.455160430648966496e+01
3.709999999999984865e+00 1.463435545192309384e+01
3.719999999999984652e+00 1.471757644109215590e+01
3.729999999999984439e+00 1.480126999434167701e+01
3.739999999999984226e+00 1.488543884787855553e+01
3.749999999999984013e+00 1.497008575377175532e+01
3.759999999999983800e+00 1.505521347995231096e+01
3.769999999999983586e+00 1.514082481021332605e+01
3.779999999999983373e+00 1.522692254420997315e+01
3.789999999999983160e+00 1.531350949745949386e+01
3.799999999999982947e+00 1.540058850134119872e+01
3.809999999999982734e+00 1.548816240309646730e+01
3.819999999999982521e+00 1.557623406582874814e+01
3.829999999999982307e+00 1.566480636850355701e+01
3.839999999999982094e+00 1.575388220594848043e+01
3.849999999999981881e+00 1.584346448885317393e+01
3.859999999999981668e+00 1.593355614376936202e+01
3.869999999999981455e+00 1.602416011311083821e+01
3.879999999999981242e+00 1.611527935515346144e+01
3.889999999999981029e+00 1.620691684403516675e+01
3.899999999999980815e+00 1.629907556975595284e+01
3.909999999999980602e+00 1.639175853817788919e+01
3.919999999999980389e+00 1.648496877102511249e+01
3.929999999999980176e+00 1.657870930588383018e+01
3.939999999999979963e+00 1.667298319620231695e+01
3.949999999999979750e+00 1.676779351129091822e+01
3.959999999999979536e+00 1.686314333632205020e+01
3.969999999999979323e+00 1.695903577233019277e+01
3.979999999999979110e+00 1.705547393621189656e+01
3.989999999999978897e+00 1.715246096072578652e+01
3.999999999999978684e+00 1.724999999449254773e+01
4.009999999999979359e+00 1.734809420199546892e+01
4.019999999999980034e+00 1.744674676361740495e+01
4.029999999999980709e+00 1.754596087576352659e+01
4.039999999999981384e+00 1.764573975101831849e+01
4.049999999999982059e+00 1.774608661830419010e+01
4.059999999999982734e+00 1.784700472304011143e+01
4.069999999999983409e+00 1.794849732730021685e+01
4.079999999999984084e+00 1.805056770997244087e+01
4.089999999999984759e+00 1.815321916691712545e+01
4.099999999999985434e+00 1.825645501112565228e+01
4.109999999999986109e+00 1.836027857287905363e+01
4.119999999999986784e+00 1.846469319990664104e+01
4.129999999999987459e+00 1.856970225754462334e+01
4.139999999999988134e+00 1.867530912889472106e+01
4.149999999999988809e+00 1.878151721498279869e+01
4.159999999999989484e+00 1.888832993491747558e+01
4.169999999999990159e+00 1.899575072604875103e+01
4.179999999999990834e+00 1.910378304412662587e+01
4.189999999999991509e+00 1.921243036345972044e+01
4.199999999999992184e+00 1.932169617707389975e+01
4.209999999999992859e+00 1.943158399687088433e+01
4.219999999999993534e+00 1.954209735378688251e+01
4.229999999999994209e+00 1.965323979795120479e+01
4.239999999999994884e+00 1.976501489884488549e+01
4.249999999999995559e+00 1.987742624545930425e+01
4.259999999999996234e+00 1.999047744645480407e+01
4.269999999999996909e+00 2.010417213031931993e+01
4.279999999999997584e+00 2.021851394552698622e+01
4.289999999999998259e+00 2.033350656069676887e+01
4.299999999999998934e+00 2.044915366475108343e+01
4.309999999999999609e+00 2.056545896707440946e+01
4.320000000000000284e+00 2.068242619767192281e+01
4.330000000000000959e+00 2.080005910732810293e+01
4.340000000000001634e+00 2.091836146776536509e+01
4.350000000000002309e+00 2.103733707180267842e+01
4.360000000000002984e+00 2.115698973351417678e+01
4.370000000000003659e+00 2.127732328838779097e+01
4.380000000000004334e+00 2.139834159348386677e+01
4.390000000000005009e+00 2.152004852759378295e+01
4.400000000000005684e+00 2.164244799139857633e+01
4.410000000000006359e+00 2.176554390762755631e+01
4.420000000000007034e+00 2.188934022121692635e+01
4.430000000000007709e+00 2.201384089946841627e+01
4.440000000000008384e+00 2.213904993220788242e+01
4.450000000000009059e+00 2.226497133194395062e+01
4.460000000000009734e+00 2.239160913402661635e+01
4.470000000000010409e+00 2.251896739680588411e+01
4.480000000000011084e+00 2.264705020179037120e+01
4.490000000000011759e+00 2.277586165380593997e+01
4.500000000000012434e+00 2.290540588115431575e+01
4.510000000000013110e+00 2.303568703577170496e+01
4.520000000000013785e+00 2.316670929338742013e+01
4.530000000000014460e+00 2.329847685368249088e+01
4.540000000000015135e+00 2.343099394044829964e+01
4.550000000000015810e+00 2.356426480174519256e+01
4.560000000000016485e+00 2.369829371006109753e+01
4.570000000000017160e+00 2.383308496247015285e+01
4.580000000000017835e+00 2.396864288079132521e+01
4.590000000000018510e+00 2.410497181174703130e+01
4.600000000000019185e+00 2.424207612712174864e+01
4.610000000000019860e+00 2.437996022392065143e+01
4.620000000000020535e+00 2.451862852452822494e+01
4.630000000000021210e+00 2.465808547686688001e+01
4.640000000000021885e+00 2.479833555455558169e+01
4.650000000000022560e+00 2.493938325706847081e+01
4.660000000000023235e+00 2.508123310989347843e+01
4.670000000000023910e+00 2.522388966469094740e+01
4.680000000000024585e+00 2.536735749945225749e+01
4.690000000000025260e+00 2.551164121865844336e+01
4.700000000000025935e+00 2.565674545343881263e+01
4.710000000000026610e+00 2.580267486172957447e+01
4.720000000000027285e+00 2.594943412843245412e+01
4.730000000000027960e+00 2.609702796557331439e+01
4.740000000000028635e+00 2.624546111246077373e+01
4.750000000000029310e+00 2.639473833584483131e+01
4.760000000000029985e+00 2.654486443007548857e+01
4.770000000000030660e+00 2.669584421726136725e+01
4.780000000000031335e+00 2.684768254742832738e+01
4.790000000000032010e+00 2.700038429867809597e+01
4.800000000000032685e+00 2.715395437734687789e+01
4.810000000000033360e+00 2.730839771816398454e+01
4.820000000000034035e+00 2.746371928441044830e+01
4.830000000000034710e+00 2.761992406807764766e+01
4.840000000000035385e+00 2.777701709002593233e+01
4.850000000000036060e+00 2.793500340014323058e+01
4.860000000000036735e+00 2.809388807750367789e+01
4.870000000000037410e+00 2.825367623052624211e+01
4.880000000000038085e+00 2.841437299713333786e+01
4.890000000000038760e+00 2.857598354490944814e+01
4.900000000000039435e+00 2.873851307125974230e+01
4.910000000000040110e+00 2.890196680356870829e+01
4.920000000000040785e+00 2.906634999935875641e+01
4.930000000000041460e+00 2.923166794644885158e+01
4.940000000000042135e+00 2.939792596311313133e+01
4.950000000000042810e+00 2.956512939823953090e+01
4.960000000000043485e+00 2.973328363148839060e+01
4.970000000000044160e+00 2.990239407345109157e+01
4.980000000000044835e+00 3.007246616580866672e+01
4.990000000000021529e+00 3.024350538149004564e+01
5.000000000000000000e+00 3.041551722483182729e+01
