9.990000000000004432e-01
9.989989989989992436e-01
9.989979959919845776e-01
9.989969909729192743e-01
9.989959839357426263e-01
9.989949748743712776e-01
9.989939637826955598e-01
9.989929506545820459e-01
9.989919354838717735e-01
9.989909182643805785e-01
9.989898989898980952e-01
9.989888776541967497e-01
9.989878542510125525e-01
9.989868287740631958e-01
9.989858012170386159e-01
9.989847715736034361e-01
9.989837398373991872e-01
9.989827060020338712e-01
9.989816700610991695e-01
9.989806320081554558e-01
9.989795918367357919e-01
9.989785495403468163e-01
9.989775051124731853e-01
9.989764585465716884e-01
9.989754098360651424e-01
9.989743589743583785e-01
9.989733059548265848e-01
9.989722507708121979e-01
9.989711934156368933e-01
9.989701338825943688e-01
9.989690721649472360e-01
9.989680082559343477e-01
9.989669421487613610e-01
9.989658738366086199e-01
9.989648033126298232e-01
9.989637305699475833e-01
9.989626556016589776e-01
9.989615784008307742e-01
9.989604989604997654e-01
9.989594172736738775e-01
9.989583333333338366e-01
9.989572471324302816e-01
9.989561586638822099e-01
9.989550679205839723e-01
9.989539748953980558e-01
9.989528795811520867e-01
9.989517819706486002e-01
9.989506820566639300e-01
9.989495798319318887e-01
9.989484752891685249e-01
9.989473684210516957e-01
9.989462592202325020e-01
9.989451476793241858e-01
9.989440337909195611e-01
9.989429175475682543e-01
9.989417989417995747e-01
9.989406779661021973e-01
9.989395546129381520e-01
9.989384288747352736e-01
9.989373007438898666e-01
9.989361702127653730e-01
9.989350372736960360e-01
9.989339019189761304e-01
9.989327641408750624e-01
9.989316239316247126e-01
9.989304812834229885e-01
9.989293361884373779e-01
9.989281886387998410e-01
9.989270386266096979e-01
9.989258861439301862e-01
9.989247311827962328e-01
9.989235737351981337e-01
9.989224137931033143e-01
9.989212513484351241e-01
9.989200863930896013e-01
9.989189189189181528e-01
9.989177489177483160e-01
9.989165763813638854e-01
9.989154013015172362e-01
9.989142236699231070e-01
9.989130434782608203e-01
9.989118607181731724e-01
9.989106753812627693e-01
9.989094874591066819e-01
9.989082969432323544e-01
9.989071038251374768e-01
9.989059080962809922e-01
9.989047097480825421e-01
9.989035087719310146e-01
9.989023051591651159e-01
9.989010989011001262e-01
9.988998899889982575e-01
9.988986784140956310e-01
9.988974641675844035e-01
9.988962472406176518e-01
9.988950276243090398e-01
9.988938053097343728e-01
9.988925802879292659e-01
9.988913525498896995e-01
9.988901220865712416e-01
9.988888888888900475e-01
9.988876529477203059e-01
9.988864142538963486e-01
9.988851727982174245e-01
9.988839285714289362e-01
9.988826815642464219e-01
9.988814317673374577e-01
9.988801791713318723e-01
9.988789237668167509e-01
9.988776655443326602e-01
9.988764044943819753e-01
9.988751406074242167e-01
9.988738738738743850e-01
9.988726042841028496e-01
9.988713318284417886e-01
9.988700564971751961e-01
9.988687782805435456e-01
9.988674971687437898e-01
9.988662131519275844e-01
9.988649262202051737e-01
9.988636363636369531e-01
9.988623435722415733e-01
9.988610478359896128e-01
9.988597491448126808e-01
9.988584474885849884e-01
9.988571428571423327e-01
9.988558352402754359e-01
9.988545246277191758e-01
9.988532110091749017e-01
9.988518943742831224e-01
9.988505747126431578e-01
9.988492520138101405e-01
9.988479262672811387e-01
9.988465974625150290e-01
9.988452655889138443e-01
9.988439306358375402e-01
9.988425925925931148e-01
9.988412514484346083e-01
9.988399071925754269e-01
9.988385598141692467e-01
9.988372093023248910e-01
9.988358556460995574e-01
9.988344988344981523e-01
9.988331388564760660e-01
9.988317757009353981e-01
9.988304093567258457e-01
9.988290398126474789e-01
9.988276670574429694e-01
9.988262910798133554e-01
9.988249118683897310e-01
9.988235294117653318e-01
9.988221436984687784e-01
9.988207547169808409e-01
9.988193624557267780e-01
9.988179669030737839e-01
9.988165680473380936e-01
9.988151658767775443e-01
9.988137603795972375e-01
9.988123515439419897e-01
9.988109393579077677e-01
9.988095238095247019e-01
9.988081048867699652e-01
9.988066825775659963e-01
9.988052568697726175e-01
9.988038277511961383e-01
9.988023952095802516e-01
9.988009592326130281e-01
9.987995198079241410e-01
9.987980769230779821e-01
9.987966305655840982e-01
9.987951807228919732e-01
9.987937273823894735e-01
9.987922705314015159e-01
9.987908101571955077e-01
9.987893462469729089e-01
9.987878787878794462e-01
9.987864077669906804e-01
9.987849331713239964e-01
9.987834549878350510e-01
9.987819732034091125e-01
9.987804878048787138e-01
9.987789987790001156e-01
9.987775061124685161e-01
9.987760097919227142e-01
9.987745098039222391e-01
9.987730061349685551e-01
9.987714987714982895e-01
9.987699876998781257e-01
9.987684729064051359e-01
9.987669543773113334e-01
9.987654320987648937e-01
9.987639060568599403e-01
9.987623762376233172e-01
9.987608426270141448e-01
9.987593052109177139e-01
9.987577639751559211e-01
9.987562189054720596e-01
9.987546699875474721e-01
9.987531172069813445e-01
9.987515605493139104e-01
9.987500000000006928e-01
9.987484355444299355e-01
9.987468671679189391e-01
9.987452948557090648e-01
9.987437185929642913e-01
9.987421383647806516e-01
9.987405541561712452e-01
9.987389659520803376e-01
9.987373737373723692e-01
9.987357774968400603e-01
9.987341772151906438e-01
9.987325728770598543e-01
9.987309644670055997e-01
9.987293519695036315e-01
9.987277353689573145e-01
9.987261146496826392e-01
9.987244897959185463e-01
9.987228607918274825e-01
9.987212276214826323e-01
9.987195902688855709e-01
9.987179487179481674e-01
9.987163029525025770e-01
9.987146529562971331e-01
9.987129987129980124e-01
9.987113402061852385e-01
9.987096774193554571e-01
9.987080103359174954e-01
9.987063389391984680e-01
9.987046632124360057e-01
9.987029831387821410e-01
9.987012987012987564e-01
9.986996098829642454e-01
9.986979166666661856e-01
9.986962190352026703e-01
9.986945169712787562e-01
9.986928104575150122e-01
9.986910994764390814e-01
9.986893840104843489e-01
9.986876640419949380e-01
9.986859395532193817e-01
9.986842105263152858e-01
9.986824769433458870e-01
9.986807387862789431e-01
9.986789960369878427e-01
9.986772486772482749e-01
9.986754966887408935e-01
9.986737400530502073e-01
9.986719787516592506e-01
9.986702127659582429e-01
9.986684420772314885e-01
9.986666666666655923e-01
9.986648865153546772e-01
9.986631016042787357e-01
9.986613119143251671e-01
9.986595174262741237e-01
9.986577181208050602e-01
9.986559139784952910e-01
9.986541049798117742e-01
9.986522911051219920e-01
9.986504723346817380e-01
9.986486486486475522e-01
9.986468200270627316e-01
9.986449864498632145e-01
9.986431478968786912e-01
9.986413043478262752e-01
9.986394557823122797e-01
9.986376021798356595e-01
9.986357435197824595e-01
9.986338797814210411e-01
9.986320109439129622e-01
9.986301369863005428e-01
9.986282578875175231e-01
9.986263736263728541e-01
9.986244841815689055e-01
9.986225895316799273e-01
9.986206896551714784e-01
9.986187845303861055e-01
9.986168741355476719e-01
9.986149584487543640e-01
9.986130374479885718e-01
9.986111111111104499e-01
9.986091794158561408e-01
9.986072423398320019e-01
9.986052998605293718e-01
9.986033519553081383e-01
9.986013986013994037e-01
9.985994397759091479e-01
9.985974754558193389e-01
9.985955056179774969e-01
9.985935302390990254e-01
9.985915492957745387e-01
9.985895627644576500e-01
9.985875706214687453e-01
9.985855728429983147e-01
9.985835694050991806e-01
9.985815602836888294e-01
9.985795454545461913e-01
9.985775248933138615e-01
9.985754985754980995e-01
9.985734664764628343e-01
9.985714285714289984e-01
9.985693848354787461e-01
9.985673352435520123e-01
9.985652797704455130e-01
9.985632183908049742e-01
9.985611510791371215e-01
9.985590778097992448e-01
9.985569985569990870e-01
9.985549132947970641e-01
9.985528219971064878e-01
9.985507246376811308e-01
9.985486211901313247e-01
9.985465116279071962e-01
9.985443959243077705e-01
9.985422740524775298e-01
9.985401459854016393e-01
9.985380116959063912e-01
9.985358711566617584e-01
9.985337243401767315e-01
9.985315712187964321e-01
9.985294117647066647e-01
9.985272459499276998e-01
9.985250737463130521e-01
9.985228951255537000e-01
9.985207100591728668e-01
9.985185185185178058e-01
9.985163204747776744e-01
9.985141158989585541e-01
9.985119047619049892e-01
9.985096870342781150e-01
9.985074626865677594e-01
9.985052316890876689e-01
9.985029940119766190e-01
9.985007496251868675e-01
9.984984984984989209e-01
9.984962406015042147e-01
9.984939759036138840e-01
9.984917043740586529e-01
9.984894259818730688e-01
9.984871406959144879e-01
9.984848484848493078e-01
9.984825493171461952e-01
9.984802431610950713e-01
9.984779299847800216e-01
9.984756097560983923e-01
9.984732824427474673e-01
9.984709480122332392e-01
9.984686064318517573e-01
9.984662576687105551e-01
9.984639016897086661e-01
9.984615384615390665e-01
9.984591679506925610e-01
9.984567901234561171e-01
9.984544049459036508e-01
9.984520123839005779e-01
9.984496124031001507e-01
9.984472049689450124e-01
9.984447900466554282e-01
9.984423676012448290e-01
9.984399375975031576e-01
9.984375000000008660e-01
9.984350547730828085e-01
9.984326018808785674e-01
9.984301412872848003e-01
9.984276729559750096e-01
9.984251968503931041e-01
9.984227129337531759e-01
9.984202211690350603e-01
9.984177215189881105e-01
9.984152139461173192e-01
9.984126984126996396e-01
9.984101748807624466e-01
9.984076433121010785e-01
9.984051036682615177e-01
9.984025559105441650e-01
9.983999999999988439e-01
9.983974358974362362e-01
9.983948635634033453e-01
9.983922829581998171e-01
9.983896940418687249e-01
9.983870967741944602e-01
9.983844911147007339e-01
9.983818770226525752e-01
9.983792544570495586e-01
9.983766233766223630e-01
9.983739837398383221e-01
9.983713355048853266e-01
9.983686786296891436e-01
9.983660130718946535e-01
9.983633387888702915e-01
9.983606557377057156e-01
9.983579638752057006e-01
9.983552631578952452e-01
9.983525535420106900e-01
9.983498349834986074e-01
9.983471074380153576e-01
9.983443708609271994e-01
9.983416252072961905e-01
9.983388704318939544e-01
9.983361064891839165e-01
9.983333333333342940e-01
9.983305509181973347e-01
9.983277591973238607e-01
9.983249581239523884e-01
9.983221476510074632e-01
9.983193277310937752e-01
9.983164983164982687e-01
9.983136593591906971e-01
9.983108108108118550e-01
9.983079526226741329e-01
9.983050847457639598e-01
9.983022071307293688e-01
9.982993197278914321e-01
9.982964224872225012e-01
9.982935153583624155e-01
9.982905982905969644e-01
9.982876712328754287e-01
9.982847341337902636e-01
9.982817869415819834e-01
9.982788296041315013e-01
9.982758620689652362e-01
9.982728842832463423e-01
9.982698961937707116e-01
9.982668977469663085e-01
9.982638888888879514e-01
9.982608695652167574e-01
9.982578397212548138e-01
9.982547993019187382e-01
9.982517482517471175e-01
9.982486865148859634e-01
9.982456140350869367e-01
9.982425307557112326e-01
9.982394366197192559e-01
9.982363315696646255e-01
9.982332155477018354e-01
9.982300884955749298e-01
9.982269503546086220e-01
9.982238010657197291e-01
9.982206405693946349e-01
9.982174688057051659e-01
9.982142857142851655e-01
9.982110912343463704e-01
9.982078853046588707e-01
9.982046678635542181e-01
9.982014388489214296e-01
9.981981981981976615e-01
9.981949458483754256e-01
9.981916817359866023e-01
9.981884057971014412e-01
9.981851179673314478e-01
9.981818181818192803e-01
9.981785063752272036e-01
9.981751824817520768e-01
9.981718464350995967e-01
9.981684981684969538e-01
9.981651376146777332e-01
9.981617647058834697e-01
9.981583793738484367e-01
9.981549815498164113e-01
9.981515711645109201e-01
9.981481481481472295e-01
9.981447124304260177e-01
9.981412639405199405e-01
9.981378026070758525e-01
9.981343283582098103e-01
9.981308411214945275e-01
9.981273408239700329e-01
9.981238273921205773e-01
9.981203007518790749e-01
9.981167608286246606e-01
9.981132075471704779e-01
9.981096408317573498e-01
9.981060606060617735e-01
9.981024667931700511e-01
9.980988593155898370e-01
9.980952380952387015e-01
9.980916030534339178e-01
9.980879541108998998e-01
9.980842911877391144e-01
9.980806142034542860e-01
9.980384615384612079e-01
9.980346820809259389e-01
9.980308880308877972e-01
9.979883945841386828e-01
9.979844961240312839e-01
9.979805825242725748e-01
9.979766536964970181e-01
9.979727095516568447e-01
9.979296874999999956e-01
9.979256360078276877e-01
9.979215686274518493e-01
9.979174852652255012e-01
9.979133858267720258e-01
9.979092702169619633e-01
9.979051383399221153e-01
9.979009900990105653e-01
9.978968253968257818e-01
9.978926441351880783e-01
9.978884462151387247e-01
9.978842315369255145e-01
9.978799999999994341e-01
9.978757515030064473e-01
9.978714859437743945e-01
9.978672032193152130e-01
9.978225806451612723e-01
9.978181818181810492e-01
9.978137651821867848e-01
9.978093306288035036e-01
9.978048780487804859e-01
9.978004073319752809e-01
9.977959183673479338e-01
9.977914110429447758e-01
9.977868852459024218e-01
9.977823408624240109e-01
9.977777777777783186e-01
9.977731958762876552e-01
9.977685950413232030e-01
9.977639751552787040e-01
9.977593360995843375e-01
9.977546777546786316e-01
9.977500000000000258e-01
9.977453027139882025e-01
9.976987447698736355e-01
9.976939203354296959e-01
9.976890756302527752e-01
9.976842105263163951e-01
9.976793248945154957e-01
9.976744186046516694e-01
9.976694915254232798e-01
9.976645435244152482e-01
9.976595744680843980e-01
9.976545842217490190e-01
9.976495726495732130e-01
9.976445396145605660e-01
9.976394849785399366e-01
9.976344086021506907e-01
9.976293103448271582e-01
9.976241900647943028e-01
9.976190476190472944e-01
9.976138828633395184e-01
9.975652173913043264e-01
9.975599128540311167e-01
9.975545851528377916e-01
9.975492341356667625e-01
9.975438596491240650e-01
9.974945054945064671e-01
9.974889867841408853e-01
9.974834437086098626e-01
9.974778761061944277e-01
9.975166297117519232e-01
9.975111111111109041e-01
9.975055679287296861e-01
9.974999999999991651e-01
9.974944071588361938e-01
9.974887892376684828e-01
9.974831460674157269e-01
9.974774774774769481e-01
9.974717832957119557e-01
9.973755656108589385e-01
9.973696145124719692e-01
9.973636363636367852e-01
9.973576309794988104e-01
9.973515981735154856e-01
9.973455377574367287e-01
9.973394495412839511e-01
9.973333333333335160e-01
9.973271889400920909e-01
9.973210161662819928e-01
9.973148148148146541e-01
9.972621809744781629e-01
9.972558139534887234e-01
9.972960372960367748e-01
9.972897196261684138e-01
9.972833723653405924e-01
9.972300469483564855e-01
9.971764705882355528e-01
9.971698113207542180e-01
9.971631205673755494e-01
9.971090047393370570e-01
9.971021377672214525e-01
9.970952380952375904e-01
9.970405727923631334e-01
9.970334928229666049e-01
9.970263788968830587e-01
9.970192307692303801e-01
9.970120481927705614e-01
9.970048309178741741e-01
9.969975786924933914e-01
9.969902912621353419e-01
9.969829683698298028e-01
9.969756097560977803e-01
9.968704156479213374e-01
9.968627450980394045e-01
9.968058968058971514e-01
9.966995073891630197e-01
9.966913580246914428e-01
9.966831683168321243e-01
9.966749379652600771e-01
9.966666666666675889e-01
9.966583541147128189e-01
9.966000000000001524e-01
9.965914786967422501e-01
9.965829145728645200e-01
9.965743073047859113e-01
9.965656565656566546e-01
9.965569620253174055e-01
9.965482233502541698e-01
9.964885496183204516e-01
9.964285714285717743e-01
9.963682864450136289e-01
9.963589743589748027e-01
9.963496143958872064e-01
9.963402061855662906e-01
9.963307493540055626e-01
9.963212435233171904e-01
9.962597402597406226e-01
9.963020833333334769e-01
9.962924281984334440e-01
9.962827225130890252e-01
9.962204724409453593e-01
9.961578947368423531e-01
9.961477572559374050e-01
9.961375661375665436e-01
9.961273209549067476e-01
9.961170212765958487e-01
9.961066666666661407e-01
9.960962566844923094e-01
9.960857908847186026e-01
9.960215053763442627e-01
9.960107816711593065e-01
9.959459459459454322e-01
9.959349593495935293e-01
9.959239130434776044e-01
9.958583106267036023e-01
9.957923497267756607e-01
9.958356164383560527e-01
9.958791208791207827e-01
9.958126721763080891e-01
9.958011049723749508e-01
9.957894736842106687e-01
9.957222222222223973e-01
9.956545961002789547e-01
9.956424581005579588e-01
9.956302521008402184e-01
9.956179775280900035e-01
9.955492957746473470e-01
9.954802259887012283e-01
9.954107648725211144e-01
9.953977272727275727e-01
9.953276353276347965e-01
9.951999999999995294e-01
9.951289398280807053e-01
9.951149425287353356e-01
9.951008645533135910e-01
9.950289017341039655e-01
9.950144927536233030e-01
9.950000000000004396e-01
9.949271137026246548e-01
9.948538011695906569e-01
9.947800586510262555e-01
9.946470588235293286e-01
9.945132743362828931e-01
9.944970414201182995e-01
9.944807121661726201e-01
9.945238095238100318e-01
9.945671641791044015e-01
9.945508982035922152e-01
9.943543543543549301e-01
9.942771084337347354e-01
9.941993957703927354e-01
9.940000000000002167e-01
9.939817629179329428e-01
9.938414634146343074e-01
9.938226299694187249e-01
9.938650306748461061e-01
9.936615384615384849e-01
9.935185185185182455e-01
9.934984520123835150e-01
9.934161490683223183e-01
9.934579439252337885e-01
9.933750000000002300e-01
9.933542319749214533e-01
9.933962264150936194e-01
9.933123028391164233e-01
9.932278481012657423e-01
9.931428571428575491e-01
9.930573248407645881e-01
9.929712460063899737e-01
9.929487179487178627e-01
9.929260450160777296e-01
9.929032258064516281e-01
9.926860841423943427e-01
9.924675324675322763e-01
9.925081433224753891e-01
9.925490196078428085e-01
9.925245901639340174e-01
9.925000000000002709e-01
9.923432343234320774e-01
9.922516556291391954e-01
9.922259136212631114e-01
9.920666666666668743e-01
9.918394648829430560e-01
9.915436241610737778e-01
9.914478114478113557e-01
9.912837837837833455e-01
9.911864406779657966e-01
9.910884353741502562e-01
9.908532423208192830e-01
9.906164383561645304e-01
9.905154639175257625e-01
9.902068965517236698e-01
9.901730103806228867e-01
9.900694444444450015e-01
9.898954703832752999e-01
9.897202797202795388e-01
9.896140350877192793e-01
9.894366197183100953e-01
9.891166077738514639e-01
9.890070921985817387e-01
9.886832740213524762e-01
9.882142857142856007e-01
9.880286738351251596e-01
9.880575539568344778e-01
9.877978339350178549e-01
9.876811594202904443e-01
9.874181818181818615e-01
9.872992700729927851e-01
9.871062271062268634e-01
9.869852941176469052e-01
9.869372693726939927e-01
9.863703703703703418e-01
9.863940520446096150e-01
9.859701492537316092e-01
9.859925093632964099e-01
9.858646616541352214e-01
9.858113207547168910e-01
9.856818181818184366e-01
9.856273764258554060e-01
9.854961832061074345e-01
9.852107279693488318e-01
9.846923076923078666e-01
9.844015444015442595e-01
9.841085271317828731e-01
9.838910505836573339e-01
9.835937500000000444e-01
9.832156862745096149e-01
9.829133858267716795e-01
9.827667984189716321e-01
9.826984126984125156e-01
9.823904382470118879e-01
9.822400000000000020e-01
9.819277108433737133e-01
9.814516129032254677e-01
9.814574898785427548e-01
9.809756097560972110e-01
9.803265306122446177e-01
9.799999999999999822e-01
9.797530864197530054e-01
9.795041322314054222e-01
9.790041493775928361e-01
9.784999999999999254e-01
9.782426778242674370e-01
9.780672268907560918e-01
9.772995780590718606e-01
9.766949152542372392e-01
9.760851063829786289e-01
9.756410256410249504e-01
9.746781115879832313e-01
9.744827586206896708e-01
9.741991341991345088e-01
9.738260869565223965e-01
9.737117903930126994e-01
9.731578947368416665e-01
9.729515418502210355e-01
9.724778761061949606e-01
9.719111111111111700e-01
9.711607142857140440e-01
9.708520179372196468e-01
9.707207207207207977e-01
9.706787330316737350e-01
9.698181818181821345e-01
9.692237442922375656e-01
9.690825688073391175e-01
9.687557603686640650e-01
9.675925925925926707e-01
9.666046511627903737e-01
9.659813084112152115e-01
9.651643192488263967e-01
9.645283018867921720e-01
9.636966824644552787e-01
9.625714285714280782e-01
9.617224880382769792e-01
9.616346153846155875e-01
9.604830917874399576e-01
9.597087378640778432e-01
9.593170731707316712e-01
9.587254901960778897e-01
9.578325123152704457e-01
9.563366336633662979e-01
9.547263681592039752e-01
9.538000000000002032e-01
9.522613065326632764e-01
9.504040404040398071e-01
9.497461928934007869e-01
9.483673469387753352e-01
9.460512820512816390e-01
9.448453608247420199e-01
9.435233160621768755e-01
9.422916666666665275e-01
9.408376963350782995e-01
9.393684210526314082e-01
9.374603174603176603e-01
9.352127659574466234e-01
9.337967914438499717e-01
9.326881720430104661e-01
9.315675675675675338e-01
9.302173913043477738e-01
9.288524590163936834e-01
9.270329670329666705e-01
9.250828729281768137e-01
9.232222222222222774e-01
9.223463687150836865e-01
9.199999999999995959e-01
9.175141242937853159e-01
9.145454545454547723e-01
9.122285714285713887e-01
9.110344827586207561e-01
9.091329479768783806e-01
9.076744186046512564e-01
9.050292397660816279e-01
9.029411764705880250e-01
9.007100591715975213e-01
8.971428571428572418e-01
8.942514970059882717e-01
8.915662650602408368e-01
8.887272727272724770e-01
8.853658536585364836e-01
8.819631901840491173e-01
8.807407407407407129e-01
8.777639751552795966e-01
8.753750000000002363e-01
8.725786163522011307e-01
8.673417721518984491e-01
8.635668789808917944e-01
8.632051282051278474e-01
8.612903225806448626e-01
8.568831168831168021e-01
8.488888888888890261e-01
8.460526315789472784e-01
8.409271523178806218e-01
8.360000000000001874e-01
8.320805369127519668e-01
8.291891891891887134e-01
8.221768707482991489e-01
8.172602739726023691e-01
8.140689655172415051e-01
8.062500000000000222e-01
7.980419580419579884e-01
7.929577464788732932e-01
7.872340425531916264e-01
7.808571428571429163e-01
7.728057553956837467e-01
7.634782608695651618e-01
7.543065693430657248e-01
7.394117647058823239e-01
7.271111111111109304e-01
7.170149253731342709e-01
7.090225563909773321e-01
6.949999999999999512e-01
6.778625954198475023e-01
6.652307692307694031e-01
6.452713178294574581e-01
6.296874999999999556e-01
6.108661417322835963e-01
5.973015873015873334e-01
5.857599999999999474e-01
5.625806451612903603e-01
5.484552845528453124e-01
5.285245901639342714e-01
5.097520661157023403e-01
4.906666666666666954e-01
4.657142857142858583e-01
4.364406779661018088e-01
4.252991452991453647e-01
4.048275862068965170e-01
3.874782608695651609e-01
3.645614035087719196e-01
3.359292035398230292e-01
3.219642857142857584e-01
3.045045045045045584e-01
2.881818181818182056e-01
2.660550458715595368e-01
2.401851851851852515e-01
2.186915887850467421e-01
2.024528301886792669e-01
1.853333333333332389e-01
1.617307692307692613e-01
1.368932038834952403e-01
1.209803921568626817e-01
1.112871287128713305e-01
1.079999999999999294e-01
9.656565656565656297e-02
8.795918367346938771e-02
8.226804123711335681e-02
8.083333333333329873e-02
6.968421052631580681e-02
6.468085106382975846e-02
6.451612903225804885e-02
5.956521739130431203e-02
5.538461538461538630e-02
5.044444444444443065e-02
4.786516853932584747e-02
4.431818181818183988e-02
3.770114942528737800e-02
3.697674418604652430e-02
3.458823529411763492e-02
3.380952380952379627e-02
3.397590361445781970e-02
3.292682926829269829e-02
3.283950617283951795e-02
3.324999999999998790e-02
3.367088607594936889e-02
3.410256410256409104e-02
2.467532467532466967e-02
2.499999999999999445e-02
2.533333333333333270e-02
2.513513513513513514e-02
2.493150684931507918e-02
2.527777777777776014e-02
2.507042253521125572e-02
2.542857142857140804e-02
2.289855072463767294e-02
2.323529411764703803e-02
2.238805970149255337e-02
1.999999999999999001e-02
2.030769230769229744e-02
2.000000000000000042e-02
1.809523809523808438e-02
1.838709677419353775e-02
1.868852459016394699e-02
1.766666666666667773e-02
1.796610169491524509e-02
1.758620689655172528e-02
1.719298245614035714e-02
1.678571428571428922e-02
1.636363636363636839e-02
1.666666666666665950e-02
1.660377358490565738e-02
1.692307692307692610e-02
1.725490196078431626e-02
1.760000000000000800e-02
1.795918367346939840e-02
1.791666666666666755e-02
1.702127659574467766e-02
1.739130434782607676e-02
1.777777777777777776e-02
1.772727272727271652e-02
1.767441860465116671e-02
1.809523809523810520e-02
1.756097560975610622e-02
1.800000000000000905e-02
1.794871794871795434e-02
1.842105263157893871e-02
1.783783783783783258e-02
1.777777777777778470e-02
1.828571428571429056e-02
1.882352941176470770e-02
1.878787878787877702e-02
1.812499999999999875e-02
1.806451612903224591e-02
1.533333333333333250e-02
1.517241379310344494e-02
1.499999999999999598e-02
1.555555555555554990e-02
1.615384615384615058e-02
1.600000000000000380e-02
1.583333333333333121e-02
1.478260869565217218e-02
1.454545454545454544e-02
1.523809523809523808e-02
1.600000000000000033e-02
1.684210526315789436e-02
1.666666666666666990e-02
1.764705882352941499e-02
1.750000000000000167e-02
1.733333333333333254e-02
1.714285714285714024e-02
1.692307692307692610e-02
1.499999999999999944e-02
1.454545454545454891e-02
1.399999999999999856e-02
1.333333333333333419e-02
1.250000000000000069e-02
1.142857142857142856e-02
1.000000000000000021e-02
1.200000000000000198e-02
1.000000000000000021e-02
1.333333333333333245e-02
0.000000000000000000e+00
0.000000000000000000e+00
