9.990000000000004432e-01
9.989989989989992436e-01
9.989979959919845776e-01
9.989969909729192743e-01
9.989959839357426263e-01
9.989949748743712776e-01
9.989939637826955598e-01
9.989929506545820459e-01
9.989919354838717735e-01
9.989909182643805785e-01
9.989898989898980952e-01
9.989888776541967497e-01
9.989878542510125525e-01
9.989868287740631958e-01
9.989858012170386159e-01
9.989847715736034361e-01
9.989837398373991872e-01
9.989827060020338712e-01
9.989816700610991695e-01
9.989806320081554558e-01
9.989795918367357919e-01
9.989785495403468163e-01
9.989775051124731853e-01
9.989764585465716884e-01
9.989754098360651424e-01
9.989743589743583785e-01
9.989733059548265848e-01
9.989722507708121979e-01
9.989711934156368933e-01
9.989701338825943688e-01
9.989690721649472360e-01
9.989680082559343477e-01
9.989669421487613610e-01
9.989658738366086199e-01
9.989648033126298232e-01
9.989637305699475833e-01
9.989626556016589776e-01
9.989615784008307742e-01
9.989604989604997654e-01
9.989594172736738775e-01
9.989583333333338366e-01
9.989572471324302816e-01
9.989561586638822099e-01
9.989550679205839723e-01
9.989539748953980558e-01
9.989528795811520867e-01
9.989517819706486002e-01
9.989506820566639300e-01
9.989495798319318887e-01
9.989484752891685249e-01
9.989473684210516957e-01
9.989462592202325020e-01
9.989451476793241858e-01
9.989440337909195611e-01
9.989429175475682543e-01
9.989417989417995747e-01
9.989406779661021973e-01
9.989395546129381520e-01
9.989384288747352736e-01
9.989373007438898666e-01
9.989361702127653730e-01
9.989350372736960360e-01
9.989339019189761304e-01
9.989327641408750624e-01
9.989316239316247126e-01
9.989304812834229885e-01
9.989293361884373779e-01
9.989281886387998410e-01
9.989270386266096979e-01
9.989258861439301862e-01
9.989247311827962328e-01
9.989235737351981337e-01
9.989224137931033143e-01
9.989212513484351241e-01
9.989200863930896013e-01
9.989189189189181528e-01
9.989177489177483160e-01
9.989165763813638854e-01
9.989154013015172362e-01
9.989142236699231070e-01
9.989130434782608203e-01
9.989118607181731724e-01
9.989106753812627693e-01
9.989094874591066819e-01
9.989082969432323544e-01
9.989071038251374768e-01
9.989059080962809922e-01
9.989047097480825421e-01
9.989035087719310146e-01
9.989023051591651159e-01
9.989010989011001262e-01
9.988998899889982575e-01
9.988986784140956310e-01
9.988974641675844035e-01
9.988962472406176518e-01
9.988950276243090398e-01
9.988938053097343728e-01
9.988925802879292659e-01
9.988913525498896995e-01
9.988901220865712416e-01
9.988888888888900475e-01
9.988876529477203059e-01
9.988864142538963486e-01
9.988851727982174245e-01
9.988839285714289362e-01
9.988826815642464219e-01
9.988814317673374577e-01
9.988801791713318723e-01
9.988789237668167509e-01
9.988776655443326602e-01
9.988764044943819753e-01
9.988751406074242167e-01
9.988738738738743850e-01
9.988726042841028496e-01
9.988713318284417886e-01
9.988700564971751961e-01
9.988687782805435456e-01
9.988674971687437898e-01
9.988662131519275844e-01
9.988649262202051737e-01
9.988636363636369531e-01
9.988623435722415733e-01
9.988610478359896128e-01
9.988597491448126808e-01
9.988584474885849884e-01
9.988571428571423327e-01
9.988558352402754359e-01
9.988545246277191758e-01
9.988532110091749017e-01
9.988518943742831224e-01
9.988505747126431578e-01
9.988492520138101405e-01
9.988479262672811387e-01
9.988465974625150290e-01
9.988452655889138443e-01
9.988439306358375402e-01
9.988425925925931148e-01
9.988412514484346083e-01
9.988399071925754269e-01
9.988385598141692467e-01
9.988372093023248910e-01
9.988358556460995574e-01
9.988344988344981523e-01
9.988331388564760660e-01
9.988317757009353981e-01
9.988304093567258457e-01
9.988290398126474789e-01
9.988276670574429694e-01
9.988262910798133554e-01
9.988249118683897310e-01
9.988235294117653318e-01
9.988221436984687784e-01
9.988207547169808409e-01
9.988193624557267780e-01
9.988179669030737839e-01
9.988165680473380936e-01
9.988151658767775443e-01
9.988137603795972375e-01
9.988123515439419897e-01
9.988109393579077677e-01
9.988095238095247019e-01
9.988081048867699652e-01
9.988066825775659963e-01
9.988052568697726175e-01
9.988038277511961383e-01
9.988023952095802516e-01
9.988009592326130281e-01
9.987995198079241410e-01
9.987980769230779821e-01
9.987966305655840982e-01
9.987951807228919732e-01
9.987937273823894735e-01
9.987922705314015159e-01
9.987908101571955077e-01
9.987893462469729089e-01
9.987878787878794462e-01
9.987864077669906804e-01
9.987849331713239964e-01
9.987834549878350510e-01
9.987819732034091125e-01
9.987804878048787138e-01
9.987789987790001156e-01
9.987775061124685161e-01
9.987760097919227142e-01
9.987745098039222391e-01
9.987730061349685551e-01
9.987714987714982895e-01
9.987699876998781257e-01
9.987684729064051359e-01
9.987669543773113334e-01
9.987654320987648937e-01
9.987639060568599403e-01
9.987623762376233172e-01
9.987608426270141448e-01
9.987593052109177139e-01
9.987577639751559211e-01
9.987562189054720596e-01
9.987546699875474721e-01
9.987531172069813445e-01
9.987515605493139104e-01
9.987500000000006928e-01
9.987484355444299355e-01
9.987468671679189391e-01
9.987452948557090648e-01
9.987437185929642913e-01
9.987421383647806516e-01
9.987405541561712452e-01
9.987389659520803376e-01
9.987373737373723692e-01
9.987357774968400603e-01
9.987341772151906438e-01
9.987325728770598543e-01
9.987309644670055997e-01
9.987293519695036315e-01
9.987277353689573145e-01
9.987261146496826392e-01
9.987244897959185463e-01
9.987228607918274825e-01
9.987212276214826323e-01
9.987195902688855709e-01
9.987179487179481674e-01
9.987163029525025770e-01
9.987146529562971331e-01
9.987129987129980124e-01
9.987113402061852385e-01
9.987096774193554571e-01
9.987080103359174954e-01
9.987063389391984680e-01
9.987046632124360057e-01
9.987029831387821410e-01
9.987012987012987564e-01
9.986996098829642454e-01
9.986979166666661856e-01
9.986962190352026703e-01
9.986945169712787562e-01
9.986928104575150122e-01
9.986910994764390814e-01
9.986893840104843489e-01
9.986876640419949380e-01
9.986859395532193817e-01
9.986842105263152858e-01
9.986824769433458870e-01
9.986807387862789431e-01
9.986789960369878427e-01
9.986772486772482749e-01
9.986754966887408935e-01
9.986737400530502073e-01
9.986719787516592506e-01
9.986702127659582429e-01
9.986684420772314885e-01
9.986666666666655923e-01
9.986648865153546772e-01
9.986631016042787357e-01
9.986613119143251671e-01
9.986595174262741237e-01
9.986577181208050602e-01
9.986559139784952910e-01
9.986541049798117742e-01
9.986522911051219920e-01
9.986504723346817380e-01
9.986486486486475522e-01
9.986468200270627316e-01
9.986449864498632145e-01
9.986431478968786912e-01
9.986413043478262752e-01
9.986394557823122797e-01
9.986376021798356595e-01
9.986357435197824595e-01
9.986338797814210411e-01
9.986320109439129622e-01
9.986301369863005428e-01
9.986282578875175231e-01
9.986263736263728541e-01
9.986244841815689055e-01
9.986225895316799273e-01
9.986206896551714784e-01
9.986187845303861055e-01
9.986168741355476719e-01
9.986149584487543640e-01
9.986130374479885718e-01
9.986111111111104499e-01
9.986091794158561408e-01
9.986072423398320019e-01
9.986052998605293718e-01
9.986033519553081383e-01
9.986013986013994037e-01
9.985994397759091479e-01
9.985974754558193389e-01
9.985955056179774969e-01
9.985935302390990254e-01
9.985915492957745387e-01
9.985895627644576500e-01
9.985875706214687453e-01
9.985855728429983147e-01
9.985835694050991806e-01
9.985815602836888294e-01
9.985795454545461913e-01
9.985775248933138615e-01
9.985754985754980995e-01
9.985734664764628343e-01
9.985714285714289984e-01
9.985693848354787461e-01
9.985673352435520123e-01
9.985652797704455130e-01
9.985632183908049742e-01
9.985611510791371215e-01
9.985590778097992448e-01
9.985569985569990870e-01
9.985549132947970641e-01
9.985528219971064878e-01
9.985507246376811308e-01
9.985486211901313247e-01
9.985465116279071962e-01
9.985443959243077705e-01
9.985422740524775298e-01
9.985401459854016393e-01
9.985380116959063912e-01
9.985358711566617584e-01
9.985337243401767315e-01
9.985315712187964321e-01
9.985294117647066647e-01
9.985272459499276998e-01
9.985250737463130521e-01
9.985228951255537000e-01
9.985207100591728668e-01
9.985185185185178058e-01
9.985163204747776744e-01
9.985141158989585541e-01
9.985119047619049892e-01
9.985096870342781150e-01
9.985074626865677594e-01
9.985052316890876689e-01
9.985029940119766190e-01
9.985007496251868675e-01
9.984984984984989209e-01
9.984962406015042147e-01
9.984939759036138840e-01
9.984917043740586529e-01
9.984894259818730688e-01
9.984871406959144879e-01
9.984848484848493078e-01
9.984825493171461952e-01
9.984802431610950713e-01
9.984779299847800216e-01
9.984756097560983923e-01
9.984732824427474673e-01
9.984709480122332392e-01
9.984686064318517573e-01
9.984662576687105551e-01
9.984639016897086661e-01
9.984615384615390665e-01
9.984591679506925610e-01
9.984567901234561171e-01
9.984544049459036508e-01
9.984520123839005779e-01
9.984496124031001507e-01
9.984472049689450124e-01
9.984447900466554282e-01
9.984423676012448290e-01
9.984399375975031576e-01
9.984375000000008660e-01
9.984350547730828085e-01
9.984326018808785674e-01
9.984301412872848003e-01
9.984276729559750096e-01
9.984251968503931041e-01
9.984227129337531759e-01
9.984202211690350603e-01
9.984177215189881105e-01
9.984152139461173192e-01
9.984126984126996396e-01
9.984101748807624466e-01
9.984076433121010785e-01
9.984051036682615177e-01
9.984025559105441650e-01
9.983999999999988439e-01
9.983974358974362362e-01
9.983948635634033453e-01
9.983922829581998171e-01
9.983896940418687249e-01
9.983870967741944602e-01
9.983844911147007339e-01
9.983818770226525752e-01
9.983792544570495586e-01
9.983766233766223630e-01
9.983739837398383221e-01
9.983713355048853266e-01
9.983686786296891436e-01
9.983660130718946535e-01
9.983633387888702915e-01
9.983606557377057156e-01
9.983579638752057006e-01
9.983552631578952452e-01
9.983525535420106900e-01
9.983498349834986074e-01
9.983471074380153576e-01
9.983443708609271994e-01
9.983416252072961905e-01
9.983388704318939544e-01
9.983361064891839165e-01
9.983333333333342940e-01
9.983305509181973347e-01
9.983277591973238607e-01
9.983249581239523884e-01
9.983221476510074632e-01
9.983193277310937752e-01
9.983164983164982687e-01
9.983136593591906971e-01
9.983108108108118550e-01
9.983079526226741329e-01
9.983050847457639598e-01
9.983022071307293688e-01
9.982993197278914321e-01
9.982964224872225012e-01
9.982935153583624155e-01
9.982905982905969644e-01
9.982876712328754287e-01
9.982847341337902636e-01
9.982817869415819834e-01
9.982788296041315013e-01
9.982758620689652362e-01
9.982728842832463423e-01
9.982698961937707116e-01
9.982668977469663085e-01
9.982638888888879514e-01
9.982608695652167574e-01
9.982578397212548138e-01
9.982547993019187382e-01
9.982517482517471175e-01
9.982486865148859634e-01
9.982456140350869367e-01
9.982425307557112326e-01
9.982394366197192559e-01
9.982363315696646255e-01
9.982332155477018354e-01
9.982300884955749298e-01
9.982269503546086220e-01
9.982238010657197291e-01
9.982206405693946349e-01
9.982174688057051659e-01
9.982142857142851655e-01
9.982110912343463704e-01
9.982078853046588707e-01
9.982046678635542181e-01
9.982014388489214296e-01
9.981981981981976615e-01
9.981949458483754256e-01
9.981916817359866023e-01
9.981884057971014412e-01
9.981851179673314478e-01
9.981818181818192803e-01
9.981785063752272036e-01
9.981751824817520768e-01
9.981718464350995967e-01
9.981684981684969538e-01
9.981651376146777332e-01
9.981617647058834697e-01
9.981583793738484367e-01
9.981549815498164113e-01
9.981515711645109201e-01
9.981481481481472295e-01
9.981447124304260177e-01
9.981412639405199405e-01
9.981378026070758525e-01
9.981343283582098103e-01
9.981308411214945275e-01
9.981273408239700329e-01
9.981238273921205773e-01
9.981203007518790749e-01
9.981167608286246606e-01
9.981132075471704779e-01
9.981096408317573498e-01
9.981060606060617735e-01
9.981024667931700511e-01
9.980988593155898370e-01
9.980952380952387015e-01
9.980916030534339178e-01
9.980879541108998998e-01
9.980842911877391144e-01
9.980806142034542860e-01
9.980769230769227507e-01
9.980732177263980098e-01
9.980694980694978513e-01
9.980657640232101224e-01
9.980620155038762986e-01
9.980582524271851552e-01
9.980544747081699919e-01
9.980506822612085216e-01
9.980468750000000000e-01
9.980430528375733301e-01
9.980392156862757380e-01
9.980353634577597832e-01
9.980314960629924625e-01
9.980276134122282317e-01
9.980237154150208845e-01
9.980198019801987952e-01
9.980158730158733560e-01
9.980119284294225457e-01
9.980079681274892645e-01
9.980039920159673450e-01
9.979999999999994431e-01
9.979959919839683780e-01
9.979919678714851417e-01
9.979879275653918969e-01
9.979838709677421038e-01
9.979797979797971896e-01
9.979757085020248830e-01
9.979716024340773428e-01
9.979674796747969312e-01
9.979633401221991162e-01
9.979591836734704735e-01
9.979550102249489241e-01
9.979508196721319502e-01
9.979466119096520593e-01
9.979423868312763402e-01
9.979381443298955823e-01
9.979338842975216117e-01
9.979296066252579811e-01
9.979253112033182882e-01
9.979209979209991976e-01
9.979166666666668961e-01
9.979123173277669734e-01
9.979079497907937801e-01
9.979035639412997538e-01
9.978991596638663308e-01
9.978947368421059450e-01
9.978902953586507030e-01
9.978858350951379519e-01
9.978813559322027293e-01
9.978768577494682157e-01
9.978723404255310792e-01
9.978678038379537041e-01
9.978632478632484260e-01
9.978586723768730904e-01
9.978540772532178416e-01
9.978494623655916884e-01
9.978448275862065175e-01
9.978401727861766490e-01
9.978354978354974092e-01
9.978308026030355826e-01
9.978260869565217517e-01
9.978213507625278700e-01
9.978165938864621554e-01
9.978118161925594309e-01
9.978070175438609191e-01
9.978021978021991423e-01
9.977973568281938155e-01
9.977924944812367469e-01
9.977876106194686345e-01
9.977827050997786218e-01
9.977777777777775414e-01
9.977728285077938075e-01
9.977678571428562071e-01
9.977628635346748043e-01
9.977578475336327246e-01
9.977528089887640617e-01
9.977477477477471046e-01
9.977426636568859086e-01
9.977375565610847596e-01
9.977324263038552798e-01
9.977272727272731290e-01
9.977220956719817790e-01
9.977168949771685336e-01
9.977116704805486513e-01
9.977064220183481380e-01
9.977011494252875368e-01
9.976958525345621664e-01
9.976905311778293539e-01
9.976851851851850084e-01
9.976798143851509648e-01
9.976744186046514473e-01
9.976689976689970818e-01
9.976635514018693529e-01
9.976580796252938477e-01
9.976525821596241572e-01
9.976470588235298864e-01
9.976415094339615708e-01
9.976359338061461246e-01
9.976303317535551995e-01
9.976247030878865329e-01
9.976190476190468504e-01
9.976133651551317705e-01
9.976076555023923875e-01
9.976019184652286098e-01
9.975961538461534106e-01
9.975903614457825030e-01
9.975845410628013665e-01
9.975786924939460398e-01
9.975728155339799175e-01
9.975669099756688807e-01
9.975609756097566505e-01
9.975550122249380314e-01
9.975490196078437011e-01
9.975429975429982443e-01
9.975369458128091615e-01
9.975308641975305646e-01
9.975247524752482997e-01
9.975186104218356498e-01
9.975124378109464507e-01
9.975062344139637993e-01
9.975000000000006084e-01
9.974937343358400987e-01
9.974874371859309141e-01
9.974811083123426014e-01
9.974747474747475140e-01
9.974683544303809546e-01
9.974619289340099781e-01
9.974554707379129637e-01
9.974489795918372037e-01
9.974424552429675961e-01
9.974358974358986663e-01
9.974293059125968197e-01
9.974226804123703660e-01
9.974160206718351018e-01
9.974093264248716784e-01
9.974025974025976238e-01
9.973958333333338144e-01
9.973890339425591778e-01
9.973821989528791621e-01
9.973753280839899871e-01
9.973684210526322369e-01
9.973614775725602177e-01
9.973544973544982151e-01
9.973474801061003037e-01
9.973404255319161527e-01
9.973333333333322948e-01
9.973262032085566942e-01
9.973190348525465820e-01
9.973118279569898048e-01
9.973045822102423186e-01
9.972972972972962147e-01
9.972899728997289825e-01
9.972826086956509961e-01
9.972752043596736504e-01
9.972677595628405278e-01
9.972602739726020848e-01
9.972527472527467074e-01
9.972451790633610758e-01
9.972375690607725440e-01
9.972299168975077288e-01
9.972222222222216770e-01
9.972144846796665574e-01
9.972067039106137232e-01
9.971988795518194060e-01
9.971910112359551048e-01
9.971830985915489665e-01
9.971751412429390449e-01
9.971671388101982503e-01
9.971590909090916055e-01
9.971509971509965320e-01
9.971428571428565535e-01
9.971346704871065780e-01
9.971264367816082830e-01
9.971181556195959361e-01
9.971098265895949053e-01
9.971014492753623726e-01
9.970930232558145034e-01
9.970845481049573911e-01
9.970760233918128934e-01
9.970674486803524639e-01
9.970588235294123303e-01
9.970501474926244390e-01
9.970414201183431802e-01
9.970326409495554598e-01
9.970238095238100895e-01
9.970149253731347416e-01
9.970059880239509065e-01
9.969969969969976198e-01
9.969879518072281011e-01
9.969788519637462487e-01
9.969696969696976163e-01
9.969604863221879221e-01
9.969512195121957854e-01
9.969418960244650352e-01
9.969325153374222204e-01
9.969230769230764677e-01
9.969135802469130114e-01
9.969040247678010447e-01
9.968944099378874713e-01
9.968847352024922115e-01
9.968750000000007327e-01
9.968652037617556916e-01
9.968553459119484650e-01
9.968454258675073509e-01
9.968354430379738895e-01
9.968253968253981689e-01
9.968152866242044885e-01
9.968051118210872197e-01
9.967948717948709181e-01
9.967845659163994121e-01
9.967741935483879212e-01
9.967637540453062606e-01
9.967532467532458362e-01
9.967426710097714304e-01
9.967320261437896400e-01
9.967213114754110981e-01
9.967105263157892692e-01
9.966996699669956605e-01
9.966887417218542877e-01
9.966777408637880198e-01
9.966666666666675889e-01
9.966555183946484986e-01
9.966442953020125950e-01
9.966329966329966483e-01
9.966216216216211565e-01
9.966101694915253661e-01
9.965986394557829753e-01
9.965870307167244979e-01
9.965753424657534110e-01
9.965635738831628565e-01
9.965517241379303615e-01
9.965397923875438657e-01
9.965277777777784562e-01
9.965156794425094056e-01
9.965034965034953451e-01
9.964912280701762048e-01
9.964788732394375126e-01
9.964664310954063353e-01
9.964539007092199085e-01
9.964412811387909352e-01
9.964285714285719964e-01
9.964157706093180744e-01
9.964028776978411939e-01
9.963898916967508512e-01
9.963768115942029935e-01
9.963636363636374504e-01
9.963503649635042647e-01
9.963369963369950177e-01
9.963235294117658292e-01
9.963099630996318234e-01
9.962962962962954583e-01
9.962825278810411023e-01
9.962686567164174001e-01
9.962546816479401768e-01
9.962406015037589269e-01
9.962264150943406227e-01
9.962121212121224367e-01
9.961977186311793409e-01
9.961832061068703892e-01
9.961685823754797831e-01
9.961538461538453904e-01
9.961389961389955916e-01
9.961240310077527083e-01
9.961089494163410940e-01
9.960937500000000000e-01
9.960784313725503658e-01
9.960629921259850361e-01
9.960474308300392154e-01
9.960317460317468230e-01
9.960159362549795281e-01
9.960000000000005516e-01
9.959839357429706164e-01
9.959677419354826533e-01
9.959514170040489889e-01
9.959349593495923081e-01
9.959183673469383935e-01
9.959016393442615689e-01
9.958847736625523472e-01
9.958677685950406699e-01
9.958506224066376866e-01
9.958333333333322379e-01
9.958158995815886705e-01
9.957983193277323286e-01
9.957805907173004067e-01
9.957627118644077902e-01
9.957446808510631575e-01
9.957264957264945204e-01
9.957081545064382366e-01
9.956896551724132571e-01
9.956709956709964837e-01
9.956521739130436144e-01
9.956331877729246438e-01
9.956140350877192846e-01
9.955947136563877420e-01
9.954867256637162098e-01
9.954666666666660557e-01
9.954464285714291760e-01
9.954260089686092217e-01
9.954054054054064515e-01
9.953846153846143130e-01
9.953636363636355622e-01
9.953424657534252207e-01
9.953211009174317558e-01
9.952995391705069528e-01
9.952777777777788160e-01
9.952558139534875004e-01
9.952336448598120278e-01
9.952112676056331653e-01
9.951886792452819819e-01
9.951658767772522118e-01
9.951428571428558856e-01
9.951196172248804039e-01
9.950961538461531308e-01
9.950724637681163109e-01
9.950485436893206082e-01
9.950243902439019905e-01
9.949999999999995515e-01
9.949753694581281449e-01
9.949504950495041689e-01
9.949253731343294938e-01
9.948999999999993404e-01
9.948743718592953922e-01
9.947474747474747137e-01
9.947208121827422200e-01
9.946938775510210107e-01
9.946666666666678092e-01
9.946391752577309342e-01
9.946113989637317410e-01
9.944791666666661367e-01
9.944502617801053157e-01
9.944210526315779841e-01
9.943915343915337157e-01
9.942553191489349462e-01
9.942245989304808740e-01
9.941935483870963930e-01
9.940540540540544479e-01
9.940217391304350114e-01
9.939890710382519590e-01
9.939560439560449767e-01
9.938121546961319330e-01
9.938888888888893769e-01
9.937430167597756103e-01
9.935955056179777145e-01
9.935593220338980736e-01
9.931818181818182767e-01
9.932571428571429495e-01
9.931034482758626103e-01
9.928323699421969240e-01
9.927906976744194090e-01
9.925146198830409050e-01
9.923529411764698827e-01
9.923076923076921130e-01
9.917857142857150476e-01
9.916167664670649806e-01
9.914457831325299564e-01
9.913939393939383837e-01
9.912195121951209442e-01
9.911656441717795474e-01
9.912345679012344313e-01
9.910559006211169253e-01
9.906249999999988676e-01
9.904402515723272904e-01
9.902531645569619956e-01
9.900636942675157259e-01
9.898717948717955517e-01
9.898064516129022605e-01
9.896103896103903841e-01
9.892810457516340028e-01
9.888157894736846476e-01
9.884768211920531567e-01
9.878666666666658935e-01
9.877852348993287901e-01
9.877027027027017736e-01
9.873469387755109405e-01
9.873972602739727877e-01
9.870344827586198244e-01
9.869444444444451792e-01
9.868531468531474005e-01
9.864788732394358384e-01
9.863829787234043023e-01
9.862857142857143211e-01
9.860431654676256041e-01
9.859420289855077568e-01
9.858394160583947574e-01
9.854411764705877097e-01
9.851851851851854969e-01
9.846268656716425927e-01
9.839097744360900677e-01
9.837878787878784337e-01
9.830534351145044925e-01
9.829230769230765663e-01
9.823255813953489790e-01
9.817187499999999734e-01
9.809448818897634759e-01
9.803174603174596990e-01
9.803200000000000802e-01
9.793548387096777663e-01
9.782113821138215259e-01
9.777049180327866962e-01
9.775206611570245174e-01
9.763333333333341635e-01
9.759663865546214234e-01
9.749152542372878649e-01
9.741880341880336802e-01
9.725862068965521745e-01
9.716521739130442592e-01
9.710526315789469454e-01
9.699115044247789141e-01
9.685714285714286387e-01
9.673873873873874984e-01
9.663636363636366466e-01
9.642201834862383913e-01
9.633333333333327086e-01
9.622429906542063760e-01
9.603773584905660465e-01
9.588571428571421862e-01
9.574999999999999067e-01
9.543689320388346609e-01
9.533333333333326998e-01
9.508910891089109585e-01
9.485999999999996657e-01
9.472727272727264891e-01
9.455102040816326658e-01
9.426804123711332029e-01
9.387499999999999734e-01
9.368421052631584756e-01
9.348936170212772678e-01
9.324731182795699125e-01
9.308695652173907265e-01
9.259340659340655755e-01
9.222222222222218324e-01
9.182022471910109562e-01
9.140909090909090651e-01
9.101149425287353711e-01
9.072093023255815014e-01
9.042352941176468040e-01
8.997619047619046517e-01
8.903614457831326989e-01
8.836585365853656393e-01
8.795061728395061618e-01
8.742500000000000826e-01
8.693670886075953730e-01
8.615384615384613642e-01
8.535064935064934355e-01
8.457894736842108685e-01
8.373333333333334849e-01
8.243243243243243423e-01
8.134246575342463093e-01
8.019444444444444597e-01
7.876056338028170067e-01
7.708571428571429074e-01
7.484057971014493882e-01
7.326470588235295400e-01
7.044776119402983428e-01
6.763636363636362780e-01
6.486153846153850377e-01
6.212499999999999689e-01
5.793650793650795272e-01
5.525806451612901293e-01
5.091803278688522560e-01
4.703333333333333255e-01
4.410169491525424701e-01
4.010344827586206362e-01
3.708771929824560831e-01
3.396428571428571352e-01
2.883636363636363775e-01
2.629629629629628984e-01
2.460377358490566380e-01
2.184615384615384293e-01
1.858823529411763875e-01
1.647999999999999743e-01
1.502040816326530304e-01
1.374999999999999556e-01
1.336170212765957210e-01
1.286956521739130721e-01
1.195555555555554705e-01
1.009090909090909205e-01
8.139534883720933589e-02
7.142857142857141073e-02
6.634146341463416363e-02
6.749999999999996281e-02
5.487179487179484616e-02
5.052631578947366919e-02
4.918918918918917249e-02
4.388888888888887313e-02
4.399999999999998357e-02
4.529411764705880417e-02
4.545454545454544193e-02
4.562499999999999889e-02
4.645161290322578906e-02
4.333333333333334869e-02
4.413793103448275523e-02
4.285714285714287142e-02
4.370370370370369600e-02
4.461538461538461925e-02
4.640000000000001762e-02
4.000000000000000083e-02
3.913043478260868485e-02
3.999999999999999389e-02
3.714285714285715106e-02
3.900000000000001382e-02
3.894736842105262636e-02
4.000000000000000777e-02
3.529411764705882998e-02
3.624999999999999750e-02
3.733333333333332948e-02
3.428571428571427354e-02
3.692307692307691264e-02
3.499999999999999639e-02
3.090909090909090343e-02
3.000000000000000583e-02
2.888888888888889450e-02
2.750000000000000014e-02
3.142857142857142377e-02
2.666666666666666491e-02
2.400000000000000050e-02
1.499999999999999944e-02
1.333333333333333245e-02
0.000000000000000000e+00
0.000000000000000000e+00
