9.988800000000004342e-01
9.988788788788791617e-01
9.988777555110225359e-01
9.988766298896694096e-01
9.988755020080317681e-01
9.988743718592959508e-01
9.988732394366190981e-01
9.988721047331319269e-01
9.988709677419360666e-01
9.988698284561060570e-01
9.988686868686861287e-01
9.988675429727003063e-01
9.988663967611340899e-01
9.988652482269506638e-01
9.988640973630832365e-01
9.988629441624360394e-01
9.988617886178867700e-01
9.988606307222781533e-01
9.988594704684312653e-01
9.988583078491339862e-01
9.988571428571438870e-01
9.988559754851885630e-01
9.988548057259701851e-01
9.988536335721600601e-01
9.988524590163930794e-01
9.988512820512815971e-01
9.988501026694055485e-01
9.988489208633096750e-01
9.988477366255134049e-01
9.988465499485059684e-01
9.988453608247412907e-01
9.988235294117651097e-01
9.988223140495877672e-01
9.988210961737337135e-01
9.988198757763978586e-01
9.988186528497403627e-01
9.988174273858914098e-01
9.988161993769471003e-01
9.987941787941795324e-01
9.987929240374614492e-01
9.987916666666669663e-01
9.987695516162675702e-01
9.987682672233811898e-01
9.987669801462896180e-01
9.987656903765695926e-01
9.987643979057594379e-01
9.987631027253658367e-01
9.987618048268632753e-01
9.987605042016798329e-01
9.987592008412190525e-01
9.987578947368411786e-01
9.987565858798740370e-01
9.987552742616027102e-01
9.987539598732847468e-01
9.987526427061304002e-01
9.987513227513232783e-01
9.987500000000005818e-01
9.987486744432668706e-01
9.987473460721874030e-01
9.987460148777900226e-01
9.987446808510632712e-01
9.987433439829609405e-01
9.987420042643917473e-01
9.987406616862325448e-01
9.987179487179492776e-01
9.987165775401072310e-01
9.987152034261248534e-01
9.987138263665598092e-01
9.986909871244635806e-01
9.986895810955951358e-01
9.986881720430110798e-01
9.986867599569420051e-01
9.986853448275860856e-01
9.986839266450912023e-01
9.986609071274306082e-01
9.986594594594587759e-01
9.986580086580082449e-01
9.986348862405189930e-01
9.986334056399124304e-01
9.986319218241035411e-01
9.986304347826086003e-01
9.986289445048973645e-01
9.986274509803915178e-01
9.986259541984739974e-01
9.986244541484723403e-01
9.986229508196727833e-01
9.985995623632392126e-01
9.985980284775460847e-01
9.985964912280710370e-01
9.985949506037318235e-01
9.985934065934074511e-01
9.985918591859181959e-01
9.985903083700431448e-01
9.985887541345084273e-01
9.985871964679905455e-01
9.985856353591157086e-01
9.985840707964599439e-01
9.985603543743080124e-01
9.985587583148561874e-01
9.985571587125423587e-01
9.985555555555564178e-01
9.985539488320358537e-01
9.985523385300664190e-01
9.985507246376822410e-01
9.985491071428573839e-01
9.985474860335199487e-01
9.985458612975386394e-01
9.985442329227316449e-01
9.985426008968613099e-01
9.985409652076323583e-01
9.985393258426965568e-01
9.985376827896514929e-01
9.985360360360363563e-01
9.985343855693341597e-01
9.985327313769748470e-01
9.985310734463277438e-01
9.985294117647063317e-01
9.985277463193662495e-01
9.985260770975058486e-01
9.985471055618621028e-01
9.985454545454548470e-01
9.985437997724690984e-01
9.985421412300672372e-01
9.985176738882560743e-01
9.985159817351604294e-01
9.985142857142851325e-01
9.985125858123575782e-01
9.985108820160358833e-01
9.985091743119270946e-01
9.985074626865678704e-01
9.985057471264362494e-01
9.985040276179525387e-01
9.985023041474654359e-01
9.985005767012690159e-01
9.984757505773664832e-01
9.984739884393060150e-01
9.984259259259263830e-01
9.984241019698717468e-01
9.984222737819026250e-01
9.984204413472704820e-01
9.984186046511621671e-01
9.984167636786956956e-01
9.983916083916077877e-01
9.983897316219370044e-01
9.983644859813090022e-01
9.983391812865501924e-01
9.983372365339586718e-01
9.983352872215702778e-01
9.983333333333342940e-01
9.983313748531137399e-01
9.983294117647063537e-01
9.983274440518257187e-01
9.983254716981128096e-01
9.983234946871317739e-01
9.983215130023644912e-01
9.982958579881662242e-01
9.982938388625597348e-01
9.982918149466196711e-01
9.982897862232771313e-01
9.982639714625449745e-01
9.982619047619055719e-01
9.982598331346841380e-01
9.982338902147973592e-01
9.982317801672637714e-01
9.982057416267942074e-01
9.982035928143707659e-01
9.982014388489200973e-01
9.981992797118853789e-01
9.981971153846161959e-01
9.981949458483758697e-01
9.981686746987955550e-01
9.981423401688789276e-01
9.981400966183580081e-01
9.981378476420803558e-01
9.981355932203385128e-01
9.981333333333338720e-01
9.981310679611652414e-01
9.981287970838392809e-01
9.981265206812658386e-01
9.981242387332512900e-01
9.980975609756101985e-01
9.980952380952389236e-01
9.980929095354517111e-01
9.980905752753986837e-01
9.980882352941180535e-01
9.980858895705515543e-01
9.980835380835376691e-01
9.980811808118089656e-01
9.980788177339906531e-01
9.980517879161523442e-01
9.980493827160489273e-01
9.980222496909761931e-01
9.979950495049501047e-01
9.979677819083028201e-01
9.979900744416869696e-01
9.979627329192551910e-01
9.979601990049745686e-01
9.979576587795770948e-01
9.979551122194511015e-01
9.979525593008744533e-01
9.979250000000005061e-01
9.979224030037540105e-01
9.979197994987462073e-01
9.979171894604771387e-01
9.979145728643210589e-01
9.979119496855350935e-01
9.979093198992443625e-01
9.979066834804535269e-01
9.978535353535346042e-01
9.978508217446274697e-01
9.978481012658230176e-01
9.978200253485428606e-01
9.978172588832494583e-01
9.978144853875469122e-01
9.977862595419852987e-01
9.977834394904466775e-01
9.977806122448983350e-01
9.977777777777787627e-01
9.977493606138101434e-01
9.977464788732389733e-01
9.977179487179482775e-01
9.977150192554553598e-01
9.977120822622100871e-01
9.977091377091368285e-01
9.977061855670098511e-01
9.976774193548391123e-01
9.976227390180882892e-01
9.976196636481249325e-01
9.975906735751300936e-01
9.975616083009086754e-01
9.975584415584417552e-01
9.975292587776327657e-01
9.975260416666661412e-01
9.974967405475883009e-01
9.974934725848556560e-01
9.974901960784304800e-01
9.974607329842926084e-01
9.974574049803404119e-01
9.974278215223101318e-01
9.974244415243098683e-01
9.973947368421047788e-01
9.973649538866924402e-01
9.973614775725587744e-01
9.973579920739759075e-01
9.973544973544968828e-01
9.973245033112579927e-01
9.973209549071613278e-01
9.973173970783528741e-01
9.973138297872344848e-01
9.973102529960060636e-01
9.973066666666661195e-01
9.973030707610154311e-01
9.972994652406421690e-01
9.972690763052213248e-01
9.972386058981240753e-01
9.972348993288587815e-01
9.972311827956993335e-01
9.972274562584120261e-01
9.972237196765506573e-01
9.972199730094459813e-01
9.972162162162154786e-01
9.972124492557505882e-01
9.972357723577230937e-01
9.972591587516959066e-01
9.972554347826089183e-01
9.972517006802713579e-01
9.971934604904625354e-01
9.971896316507509184e-01
9.971857923497270404e-01
9.971819425444603535e-01
9.971780821917805016e-01
9.971467764060359951e-01
9.971428571428567755e-01
9.971389270976618313e-01
9.971074380165282358e-01
9.971034482758615036e-01
9.970718232044194496e-01
9.970677731673589506e-01
9.970637119113576752e-01
9.970319001386959146e-01
9.970277777777774020e-01
9.970236439499309267e-01
9.969359331476317365e-01
9.969037656903761979e-01
9.968994413407824551e-01
9.968951048951053551e-01
9.968347338935572566e-01
9.968302945301538154e-01
9.967696629213483872e-01
9.967651195499296346e-01
9.967605633802812948e-01
9.967559943582514626e-01
9.967514124293785915e-01
9.967185289957563032e-01
9.967138810198299392e-01
9.966524822695038699e-01
9.966193181818185920e-01
9.966145092460877430e-01
9.966096866096861850e-01
9.966048502139799314e-01
9.966000000000001524e-01
9.965951359084403993e-01
9.965902578796560496e-01
9.965853658536589776e-01
9.964655172413792172e-01
9.964028776978420820e-01
9.963400576368875994e-01
9.963059163059166945e-01
9.962716763005775578e-01
9.962373371924749810e-01
9.961739130434783540e-01
9.961683599419453028e-01
9.961337209302330020e-01
9.960989810771472275e-01
9.960641399416916286e-01
9.960291970802924721e-01
9.959649122807018307e-01
9.959297218155198639e-01
9.958944281524929609e-01
9.958590308370044442e-01
9.958235294117651071e-01
9.958173784977910614e-01
9.957817109144539991e-01
9.957754800590836730e-01
9.957692307692310729e-01
9.957629629629627388e-01
9.957566765578640400e-01
9.957206537890042064e-01
9.957142857142862180e-01
9.956780923994041910e-01
9.956716417910450589e-01
9.956651718983556831e-01
9.956586826347302299e-01
9.956521739130428372e-01
9.956456456456461712e-01
9.956390977443615453e-01
9.956325301204813627e-01
9.956259426847665628e-01
9.956193353474320773e-01
9.955824508320723076e-01
9.954545454545454808e-01
9.954476479514413612e-01
9.954103343465046105e-01
9.953729071537297246e-01
9.953658536585366923e-01
9.953587786259545656e-01
9.953211009174312007e-01
9.951914241960180263e-01
9.951533742331283294e-01
9.950844854070662882e-01
9.950461538461540245e-01
9.950385208012327842e-01
9.950000000000001066e-01
9.949922720247295072e-01
9.948916408668726508e-01
9.948217054263567283e-01
9.947826086956520486e-01
9.947744945567652541e-01
9.947040498442363265e-01
9.945709828393128893e-01
9.945624999999996829e-01
9.945539906103282313e-01
9.945454545454543993e-01
9.944113029827318373e-01
9.943396226415091022e-01
9.942992125984250196e-01
9.942586750788646732e-01
9.942180094786732258e-01
9.941772151898733423e-01
9.941362916006339923e-01
9.941269841269844143e-01
9.941494435612083791e-01
9.941401273885349665e-01
9.941307814992025316e-01
9.940894568690096245e-01
9.940479999999998206e-01
9.939743589743589292e-01
9.939646869983949085e-01
9.939549839228304373e-01
9.939130434782614820e-01
9.938064516129032633e-01
9.937964458804525725e-01
9.937216828478959707e-01
9.937115072933552229e-01
9.937337662337661914e-01
9.936585365853659590e-01
9.935504885993485802e-01
9.935073409461664395e-01
9.934967320261438584e-01
9.934860883797046460e-01
9.933770491803276537e-01
9.933333333333332904e-01
9.932894736842108330e-01
9.932784184514004133e-01
9.932013201320130102e-01
9.931239669421481064e-01
9.930794701986755957e-01
9.930348258706470643e-01
9.928903654485056185e-01
9.928452579034938719e-01
9.928333333333334565e-01
9.927879799666118332e-01
9.927090301003346218e-01
9.927303182579563234e-01
9.926845637583895376e-01
9.926386554621845493e-01
9.926262626262625233e-01
9.925463743676226080e-01
9.925000000000002709e-01
9.924534686971238084e-01
9.923728813559326012e-01
9.923599320882848795e-01
9.923129251700686382e-01
9.921976149914821796e-01
9.921843003412967876e-01
9.920683760683762786e-01
9.920205479452051112e-01
9.920068610634643624e-01
9.919243986254292489e-01
9.918072289156625310e-01
9.917586206896544798e-01
9.917098445595855516e-01
9.917301038062283913e-01
9.917157712305025852e-01
9.915972222222222410e-01
9.915826086956520680e-01
9.915331010452966831e-01
9.914485165794068022e-01
9.914335664335662823e-01
9.914535901926450068e-01
9.914736842105260628e-01
9.914586994727592195e-01
9.913380281690140627e-01
9.912874779541438475e-01
9.912367491166078626e-01
9.911504424778754263e-01
9.909929078014180215e-01
9.909058614564837386e-01
9.908896797153023961e-01
9.908377896613188573e-01
9.907142857142855474e-01
9.906261180679785117e-01
9.905734767025089482e-01
9.904847396768401424e-01
9.903956834532379183e-01
9.903423423423420857e-01
9.902166064981947624e-01
9.901627486437614145e-01
9.901086956521742977e-01
9.900907441016332244e-01
9.899999999999998801e-01
9.899817850637522287e-01
9.897810218978108088e-01
9.896892138939670236e-01
9.896336996336998482e-01
9.894311926605502405e-01
9.892279411764706154e-01
9.890976058931861825e-01
9.890405904059040854e-01
9.889463955637708414e-01
9.888518518518517597e-01
9.887940630797774633e-01
9.886617100371742906e-01
9.885661080074489293e-01
9.884701492537313339e-01
9.884112149532714442e-01
9.883146067415734537e-01
9.881425891181986332e-01
9.880827067669177843e-01
9.879849340866287966e-01
9.879999999999998783e-01
9.879773156899812614e-01
9.879166666666669983e-01
9.877798861480079351e-01
9.876425855513306651e-01
9.875428571428566116e-01
9.874809160305343392e-01
9.872657743785845375e-01
9.870881226053639379e-01
9.868330134357004013e-01
9.866923076923073133e-01
9.865510597302502571e-01
9.864864864864857363e-01
9.864216634429401331e-01
9.863178294573644589e-01
9.860582524271843674e-01
9.861089494163423064e-01
9.860818713450290041e-01
9.858984374999999467e-01
9.858317025440315184e-01
9.856470588235292096e-01
9.853045186640475572e-01
9.851968503937011956e-01
9.849704142011832531e-01
9.849407114624506576e-01
9.847128712871284772e-01
9.847222222222222765e-01
9.846123260437376068e-01
9.844621513944222801e-01
9.844710578842313931e-01
9.843199999999997507e-01
9.841683366733470217e-01
9.839357429718876835e-01
9.837022132796784391e-01
9.835080645161287105e-01
9.831919191919189505e-01
9.830769230769230704e-01
9.830425963488846897e-01
9.828861788617884176e-01
9.827698574338085136e-01
9.828163265306123497e-01
9.826175869120659101e-01
9.823360655737702896e-01
9.821765913757698474e-01
9.820164609053496640e-01
9.818969072164946965e-01
9.817355371900826633e-01
9.816149068322984617e-01
9.812863070539418198e-01
9.810395010395008830e-01
9.809583333333334876e-01
9.805845511482251808e-01
9.803765690376564645e-01
9.802096436058705953e-01
9.799579831932770935e-01
9.797894736842104324e-01
9.796624472573840503e-01
9.794080338266383245e-01
9.792372881355929648e-01
9.789808917197453386e-01
9.788085106382979905e-01
9.785501066098081235e-01
9.784615384615382716e-01
9.781584582441112952e-01
9.779828326180257658e-01
9.775913978494625844e-01
9.774137931034485582e-01
9.772354211663071277e-01
9.769696969696967104e-01
9.766594360086763293e-01
9.763913043478268383e-01
9.759477124183009167e-01
9.757205240174670058e-01
9.754923413566736201e-01
9.752631578947368318e-01
9.750329670329666021e-01
9.748017621145380618e-01
9.743487858719644956e-01
9.741150442477881644e-01
9.738802660753884677e-01
9.737333333333333396e-01
9.735412026726056878e-01
9.730357142857141151e-01
9.728411633109618206e-01
9.725560538116593268e-01
9.722247191011241796e-01
9.720270270270268131e-01
9.717381489841986353e-01
9.714479638009045903e-01
9.712471655328794862e-01
9.711363636363634644e-01
9.707972665148071334e-01
9.705022831050231780e-01
9.703432494279177201e-01
9.701376146788990296e-01
9.698390804597704085e-01
9.697235023041480551e-01
9.696535796766744264e-01
9.694907407407404865e-01
9.689559164733182461e-01
9.684186046511628065e-01
9.681118881118875308e-01
9.676635514018689932e-01
9.675409836065570479e-01
9.670892018779347898e-01
9.665411764705881259e-01
9.663207547169809786e-01
9.660520094562652371e-01
9.656398104265404569e-01
9.652731591448935333e-01
9.651428571428568581e-01
9.646778042959422983e-01
9.639234449760759604e-01
9.638848920863304359e-01
9.632692307692306555e-01
9.628915662650604501e-01
9.625120772946859082e-01
9.619854721549637722e-01
9.617475728155336911e-01
9.616058394160583722e-01
9.613658536585364400e-01
9.611735941320292964e-01
9.607352941176467986e-01
9.603439803439803857e-01
9.597044334975367574e-01
9.591111111111111365e-01
9.588613861386139359e-01
9.583126550868483751e-01
9.576616915422887510e-01
9.572069825436407831e-01
9.558500000000000885e-01
9.551378446115285081e-01
9.545728643216077058e-01
9.544584382871542649e-01
9.535858585858578707e-01
9.531139240506333321e-01
9.525888324873095225e-01
9.519592875318064751e-01
9.510714285714285676e-01
9.505370843989766616e-01
9.500512820512814205e-01
9.492544987146530611e-01
9.490206185567009456e-01
9.484754521963826290e-01
9.478238341968918679e-01
9.469090909090907004e-01
9.464583333333332904e-01
9.459007832898171930e-01
9.453926701570682933e-01
9.450393700787400597e-01
9.444736842105265762e-01
9.442216358839047308e-01
9.436507936507938510e-01
9.426525198938989769e-01
9.419680851063829685e-01
9.412266666666667669e-01
9.406951871657759368e-01
9.402680965147454106e-01
9.395698924731183954e-01
9.391374663072780127e-01
9.380540540540542871e-01
9.371815718157187058e-01
9.364673913043476405e-01
9.356403269754771657e-01
9.351912568306013362e-01
9.341369863013697650e-01
9.335164835164835306e-01
9.328374655647383440e-01
9.322099447513813031e-01
9.311911357340718620e-01
9.304999999999999938e-01
9.300278551532034088e-01
9.296089385474860523e-01
9.288515406162460852e-01
9.279775280898872047e-01
9.272676056338028383e-01
9.267231638418081952e-01
9.254957507082158807e-01
9.243750000000001688e-01
9.237037037037034715e-01
9.226285714285712425e-01
9.220630372492836235e-01
9.208045977011493077e-01
9.202305475504326537e-01
9.193641618497110368e-01
9.188405797101445449e-01
9.177906976744186762e-01
9.170845481049560988e-01
9.157309941520462848e-01
9.148973607038120015e-01
9.140588235294115904e-01
9.130383480825960962e-01
9.116568047337278990e-01
9.103264094955488828e-01
9.090476190476189933e-01
9.076417910447760473e-01
9.062275449101797609e-01
9.048648648648649484e-01
9.041566265060242413e-01
9.032024169184286189e-01
9.026666666666669503e-01
9.015805471124619386e-01
9.003048780487803437e-01
8.991437308868502898e-01
8.983435582822084653e-01
8.974153846153845038e-01
8.962345679012342359e-01
8.947987616099074559e-01
8.925465838509315519e-01
8.908411214953272372e-01
8.895624999999999227e-01
8.887147335423197791e-01
8.879874213836478347e-01
8.864984227129341088e-01
8.850632911392406488e-01
8.835555555555554275e-01
8.818471337579621983e-01
8.808306709265177892e-01
8.801282051282047769e-01
8.796141479099679472e-01
8.789032258064515268e-01
8.770226537216828655e-01
8.756493506493505663e-01
8.744625407166124464e-01
8.728104575163395662e-01
8.706229508196723366e-01
8.693421052631578050e-01
8.671947194719474838e-01
8.654966887417223642e-01
8.635880398671094138e-01
8.611333333333331952e-01
8.587959866220739036e-01
8.558389261744965282e-01
8.529966329966325311e-01
8.515540540540540437e-01
8.484745762711866091e-01
8.460544217687073765e-01
8.440955631399318371e-01
8.415753424657534953e-01
8.380756013745706001e-01
8.348965517241379031e-01
8.321107266435987526e-01
8.293749999999999734e-01
8.268989547038326782e-01
8.245454545454545814e-01
8.218245614035089019e-01
8.195070422535208898e-01
8.171024734982326176e-01
8.136170212765958532e-01
8.098932384341641644e-01
8.042857142857142705e-01
7.987096774193548354e-01
7.945323741007193075e-01
7.897472924187723953e-01
7.836231884057971442e-01
7.797090909090910182e-01
7.747445255474453285e-01
7.729670329670329521e-01
7.661764705882352366e-01
7.609594095940960257e-01
7.568148148148149401e-01
7.523420074349441711e-01
7.490298507462683775e-01
7.431460674157301938e-01
7.377443609022558135e-01
7.299622641509432297e-01
7.259848484848485661e-01
7.185551330798480851e-01
7.096183206106868591e-01
7.044444444444445397e-01
6.983076923076920739e-01
6.921235521235522548e-01
6.813178294573642990e-01
6.751750972762647907e-01
6.662500000000000089e-01
6.556862745098043233e-01
6.470078740157481079e-01
6.362055335968378467e-01
6.311904761904763017e-01
6.240637450199202352e-01
6.115200000000001745e-01
6.024096385542166976e-01
5.920161290322578651e-01
5.808097165991903399e-01
5.628455284552845717e-01
5.428571428571428159e-01
5.267213114754099035e-01
5.130041152263373760e-01
5.040495867768595151e-01
4.958506224066390744e-01
4.791666666666666297e-01
4.630962343096232670e-01
4.423529411764704489e-01
4.160337552742615075e-01
3.922033898305084532e-01
3.818723404255319198e-01
3.630769230769230749e-01
3.441201716738198080e-01
3.314655172413792927e-01
3.166233766233766400e-01
2.972173913043478222e-01
2.813100436681222893e-01
2.671929824561403710e-01
2.516299559471364411e-01
2.321238938053097889e-01
2.178666666666665697e-01
2.133035714285713424e-01
1.982959641255604977e-01
1.754954954954955348e-01
1.636199095022624062e-01
1.538181818181817984e-01
1.319634703196347070e-01
1.154128440366972153e-01
1.112442396313363946e-01
1.073148148148148490e-01
1.041860465116279388e-01
9.308411214953267454e-02
8.741784037558683607e-02
8.264150943396225690e-02
7.781990521327016019e-02
7.428571428571426050e-02
6.488038277511959384e-02
5.634615384615382361e-02
5.198067632850243008e-02
4.825242718446601936e-02
4.712195121951220228e-02
4.411764705882350451e-02
4.187192118226603504e-02
4.207920792079208883e-02
3.810945273631841795e-02
3.779999999999997251e-02
3.095477386934672101e-02
2.909090909090907701e-02
2.883248730964465059e-02
2.785714285714283381e-02
2.748717948717947432e-02
2.742268041237112125e-02
2.404145077720207940e-02
1.906250000000000305e-02
1.905759162303664184e-02
1.600000000000000380e-02
1.460317460317460403e-02
1.372340425531914758e-02
1.272727272727272943e-02
1.279569892473117823e-02
1.275675675675675379e-02
1.282608695652174419e-02
1.224043715846995228e-02
1.186813186813186378e-02
1.116022099447513440e-02
1.122222222222221850e-02
9.832402234636865995e-03
9.887640449438206761e-03
9.943502824858762787e-03
9.999999999999995004e-03
1.005714285714286518e-02
1.011494252873562649e-02
1.017341040462427411e-02
1.011627906976744588e-02
1.017543859649122813e-02
9.999999999999996739e-03
8.520710059171593756e-03
8.214285714285708695e-03
8.263473053892212219e-03
8.313253012048195389e-03
8.363636363636361287e-03
7.682926829268295170e-03
7.607361963190188182e-03
7.654320987654326426e-03
7.701863354037271486e-03
7.749999999999996475e-03
7.798742138364778836e-03
7.848101265822783612e-03
7.643312101910827196e-03
7.692307692307689265e-03
7.741935483870967735e-03
7.792207792207793936e-03
7.843137254901958941e-03
7.894736842105265148e-03
7.947019867549667133e-03
7.999999999999994962e-03
8.053691275167780897e-03
8.108108108108103354e-03
8.163265306122451451e-03
8.219178082191786958e-03
8.275862068965522678e-03
8.333333333333329748e-03
8.391608391608393336e-03
8.028169014084504326e-03
8.085106382978726747e-03
7.999999999999996697e-03
7.913669064748204973e-03
7.971014492753619382e-03
8.029197080291969324e-03
8.088235294117640875e-03
8.148148148148152622e-03
8.208955223880598506e-03
8.270676691729322502e-03
8.333333333333329748e-03
8.396946564885501840e-03
8.461538461538456110e-03
8.372093023255819735e-03
8.437500000000000555e-03
8.346456692913379813e-03
7.936507936507930863e-03
8.000000000000003636e-03
7.580645161290319213e-03
7.642276422764223733e-03
7.704918032786889359e-03
7.768595041322308090e-03
7.833333333333337978e-03
7.563025210084038837e-03
7.627118644067791726e-03
7.521367521367526565e-03
7.586206896551725941e-03
7.652173913043481060e-03
7.368421052631583985e-03
7.256637168141596810e-03
7.142857142857145236e-03
7.207207207207209920e-03
6.909090909090909866e-03
6.972477064220184220e-03
7.037037037037032622e-03
7.102803738317756306e-03
7.169811320754716083e-03
7.238095238095241385e-03
7.307692307692310180e-03
7.378640776699026821e-03
7.450980392156865417e-03
7.524752475247527099e-03
7.200000000000001538e-03
7.272727272727276190e-03
7.346938775510206306e-03
7.216494845360825992e-03
7.291666666666667650e-03
7.368421052631576179e-03
7.021276595744681791e-03
7.096774193548384055e-03
6.956521739130432438e-03
7.032967032967034696e-03
7.111111111111112319e-03
6.966292134831464367e-03
7.045454545454542250e-03
7.126436781609192181e-03
7.209302325581398545e-03
7.294117647058826794e-03
7.380952380952383873e-03
7.228915662650600010e-03
7.073170731707319886e-03
7.160493827160493291e-03
7.250000000000002970e-03
7.341772151898737393e-03
7.435897435897438276e-03
7.012987012987014282e-03
7.105263157894733429e-03
7.199999999999996333e-03
7.297297297297293886e-03
7.123287671232876421e-03
7.222222222222224493e-03
7.042253521126758987e-03
7.142857142857144369e-03
6.956521739130436775e-03
7.058823529411764955e-03
6.865671641791042459e-03
6.666666666666664492e-03
6.461538461538462140e-03
6.562499999999999757e-03
6.666666666666666227e-03
6.451612903225803844e-03
6.229508196721311904e-03
6.000000000000000125e-03
6.101694915254239106e-03
6.206896551724138539e-03
6.315789473684210384e-03
6.428571428571426723e-03
6.545454545454546143e-03
6.666666666666665360e-03
6.792452830188679125e-03
5.769230769230767816e-03
5.098039215686273051e-03
5.199999999999998894e-03
5.306122448979591275e-03
5.416666666666665984e-03
5.106382978723403993e-03
4.782608695652172844e-03
4.888888888888889665e-03
4.545454545454546101e-03
4.651162790697673487e-03
4.285714285714285060e-03
4.390243902439023953e-03
4.499999999999999660e-03
4.615384615384614947e-03
4.736842105263157354e-03
4.864864864864865482e-03
5.000000000000000971e-03
5.142857142857143460e-03
5.294117647058823282e-03
5.454545454545454107e-03
5.624999999999999792e-03
5.806451612903225368e-03
5.333333333333333155e-03
5.517241379310346139e-03
5.714285714285712546e-03
5.185185185185185036e-03
5.384615384615385261e-03
4.800000000000000447e-03
4.166666666666666609e-03
3.478260869565217087e-03
3.636363636363636360e-03
3.809523809523809521e-03
4.000000000000000083e-03
4.210526315789473589e-03
3.333333333333333114e-03
2.352941176470588029e-03
2.500000000000000052e-03
2.666666666666666578e-03
2.857142857142857140e-03
3.076923076923076920e-03
3.333333333333333114e-03
1.818181818181818180e-03
2.000000000000000042e-03
2.222222222222222220e-03
2.500000000000000052e-03
2.857142857142857140e-03
3.333333333333333114e-03
4.000000000000000083e-03
5.000000000000000104e-03
6.666666666666666227e-03
0.000000000000000000e+00
0.000000000000000000e+00
