9.993066666666660103e-01
9.993062041360897263e-01
9.993057409879849695e-01
9.993052772211095114e-01
9.993048128342251202e-01
9.993043478260861257e-01
9.993038821954480788e-01
9.993034159410576489e-01
9.993029490616629484e-01
9.993024815560019869e-01
9.993020134228193241e-01
9.993015446608458641e-01
9.993010752688177289e-01
9.993006052454599386e-01
9.993001345895017318e-01
9.992996632996642425e-01
9.992991913746627208e-01
9.992987188132163023e-01
9.992982456140354630e-01
9.992977717758259049e-01
9.992972972972977708e-01
9.992968221771466597e-01
9.992963464140725005e-01
9.992958700067692268e-01
9.992953929539285518e-01
9.992949152542367486e-01
9.992944369063778698e-01
9.992939579090286406e-01
9.992934782608703381e-01
9.992929979605711388e-01
9.992925170068019947e-01
9.992920353982300830e-01
9.992915531335151424e-01
9.992910702113160237e-01
9.992905866302873585e-01
9.992901023890792267e-01
9.992896174863393766e-01
9.992891319207102274e-01
9.992749658002734181e-01
9.992744695414107481e-01
9.992739726027402014e-01
9.992734749828648955e-01
9.992729766803841729e-01
9.992724776938923803e-01
9.992719780219785353e-01
9.992714776632312113e-01
9.992709766162305440e-01
9.992704748795594449e-01
9.992699724517898341e-01
9.992556857339759402e-01
9.992551724137919145e-01
9.992408557625956922e-01
9.992403314917133184e-01
9.992398064961993676e-01
9.992392807745515970e-01
9.992387543252596593e-01
9.992382271468150945e-01
9.992376992376996725e-01
9.992371705963947193e-01
9.992366412213740112e-01
9.992361111111115468e-01
9.992355802640722207e-01
9.992350486787203723e-01
9.992345163535142349e-01
9.992339832869070460e-01
9.992334494773530418e-01
9.992329149232910268e-01
9.992323796231689093e-01
9.992318435754199424e-01
9.992313067784768243e-01
9.992307692307691447e-01
9.992302309307207198e-01
9.992296918767509251e-01
9.992291520672738070e-01
9.992286115007010805e-01
9.992280701754387984e-01
9.992275280898869072e-01
9.992269852424447985e-01
9.992264416315052022e-01
9.992258972554539653e-01
9.992253521126770455e-01
9.992248062015511856e-01
9.992242595204509081e-01
9.992237120677494033e-01
9.992231638418072048e-01
9.992226148409890651e-01
9.992220650636491897e-01
9.992215145081382310e-01
9.992209631728045105e-01
9.992204110559887997e-01
9.992198581560280957e-01
9.992193044712571748e-01
9.992187500000005995e-01
9.992181947405818221e-01
9.992176386913236286e-01
9.992170818505330399e-01
9.992165242165249595e-01
9.992159657875987477e-01
9.992154065620540981e-01
9.992148465381880396e-01
9.992142857142854995e-01
9.992137240886339589e-01
9.992131616595130161e-01
9.992125984251977178e-01
9.992120343839531182e-01
9.992114695340490460e-01
9.992109038737452265e-01
9.992103374012926142e-01
9.992097701149421640e-01
9.992092020129405006e-01
9.992086330935243677e-01
9.992080633549315083e-01
9.992074927953901176e-01
9.992069214131227284e-01
9.992063492063486541e-01
9.992057761732852095e-01
9.991907514450862893e-01
9.991901663051345750e-01
9.991895803183801217e-01
9.991889934829844000e-01
9.991884057971014421e-01
9.991878172588836149e-01
9.991872278664726270e-01
9.991866376180104092e-01
9.991860465116279011e-01
9.991854545454544878e-01
9.991703056768558300e-01
9.991697013838315433e-01
9.991690962099126772e-01
9.991684901531726615e-01
9.991678832116788200e-01
9.991672753834909271e-01
9.991666666666659813e-01
9.991660570592540980e-01
9.991654465592972878e-01
9.991648351648345638e-01
9.991642228739007203e-01
9.991636096845196713e-01
9.991629955947135544e-01
9.991623806024980681e-01
9.991617647058828044e-01
9.991611479028703613e-01
9.991605301914592285e-01
9.991599115696394584e-01
9.991592920353978835e-01
9.991586715867157853e-01
9.991580502215665627e-01
9.991574279379161760e-01
9.991568047337271441e-01
9.991413767579560012e-01
9.991407407407407737e-01
9.991401037805790475e-01
9.991394658753709468e-01
9.991388270230149304e-01
9.991381872213955795e-01
9.991375464684011387e-01
9.991369047619039767e-01
9.991362620997754629e-01
9.991356184798805273e-01
9.991349739000743302e-01
9.991194029850740677e-01
9.991187453323374656e-01
9.991180866965625462e-01
9.991174270755425191e-01
9.991167664670658199e-01
9.991161048689138902e-01
9.991154422788612877e-01
9.991147786946735776e-01
9.991141141141133275e-01
9.991134485349364436e-01
9.991127819548865086e-01
9.991121143717084374e-01
9.991114457831322682e-01
9.991107761868874837e-01
9.991101055806947961e-01
9.991094339622637044e-01
9.991087613293051506e-01
9.991080876795161991e-01
9.991074130105895845e-01
9.991067373202109358e-01
9.991060606060611082e-01
9.991053828658071900e-01
9.991047040971161586e-01
9.991040242976464425e-01
9.991033434650465894e-01
9.991026615969577085e-01
9.991019786910192435e-01
9.991012947448583148e-01
9.991006097560980459e-01
9.990999237223491258e-01
9.990992366412205783e-01
9.990985485103129893e-01
9.990978593272166197e-01
9.990971690895179558e-01
9.990964777947938247e-01
9.990957854406135041e-01
9.990950920245391664e-01
9.990790483499627506e-01
9.990783410138246445e-01
9.990622598001530630e-01
9.990615384615392225e-01
9.990608160123159998e-01
9.990600924499233315e-01
9.990593677717815035e-01
9.990586419753081371e-01
9.990579150579145251e-01
9.990571870170011914e-01
9.990564578499612214e-01
9.990557275541803728e-01
9.990549961270326351e-01
9.990542635658919979e-01
9.990535298681142429e-01
9.990527950310560401e-01
9.990520590520601818e-01
9.990513219284606894e-01
9.990505836575869214e-01
9.990498442367591325e-01
9.990491036632894728e-01
9.990483619344778798e-01
9.990476190476197393e-01
9.990468749999996678e-01
9.990461297888970638e-01
9.990453834115805565e-01
9.990446358653095604e-01
9.990438871473358295e-01
9.990274509803928060e-01
9.990266875981170802e-01
9.990259230164967308e-01
9.990251572327041307e-01
9.990243902439029933e-01
9.990236220472432649e-01
9.990228526398732267e-01
9.990220820189279483e-01
9.990213101815302865e-01
9.990205371248027655e-01
9.990197628458505896e-01
9.990189873417730793e-01
9.990182106096594516e-01
9.989857369255150665e-01
9.989849325931794422e-01
9.989841269841267524e-01
9.989674344718022514e-01
9.989666136724951739e-01
9.989657915672238708e-01
9.989490445859872114e-01
9.989482071713148281e-01
9.989473684210525839e-01
9.989465283320043687e-01
9.989456869009590845e-01
9.989448441247003041e-01
9.989439999999996100e-01
9.989271417133711584e-01
9.989262820512817553e-01
9.989254210104254739e-01
9.989245585874806377e-01
9.989236947791159116e-01
9.989228295819928549e-01
9.989219629927602595e-01
9.989049919484697115e-01
9.989041095890414113e-01
9.989032258064521885e-01
9.989023405972555780e-01
9.989014539579968988e-01
9.989005658852069258e-01
9.988996763754038888e-01
9.988987854251010212e-01
9.988978930307936821e-01
9.988969991889711242e-01
9.988961038961040595e-01
9.988789601949633612e-01
9.988780487804883590e-01
9.988771358828320013e-01
9.988599348534197286e-01
9.988590057049724358e-01
9.988254486133761878e-01
9.988244897959190904e-01
9.988235294117652208e-01
9.988225674570739843e-01
9.988216039279875780e-01
9.988206388206394282e-01
9.988196721311470849e-01
9.988022969647252225e-01
9.988013136289005667e-01
9.988003286770755773e-01
9.987993421052629994e-01
9.987983539094662522e-01
9.987973640856673274e-01
9.987963726298443312e-01
9.987953795379543864e-01
9.987943848059464003e-01
9.987933884297522935e-01
9.987923904052933288e-01
9.987913907284774462e-01
9.987903893951943779e-01
9.987893864013269729e-01
9.987883817427379851e-01
9.987873754152825079e-01
9.987863674147970938e-01
9.987853577371054170e-01
9.987843463780181619e-01
9.987833333333339114e-01
9.987823185988335961e-01
9.987813021702840466e-01
9.987468671679199383e-01
9.987458193979930066e-01
9.987447698744770230e-01
9.987437185929652905e-01
9.987426655490354577e-01
9.987416107382558472e-01
9.987405541561713562e-01
9.987394957983204424e-01
9.987384356602188040e-01
9.987373737373737015e-01
9.987194608256099171e-01
9.987183811129840549e-01
9.987172995780595475e-01
9.987162162162164236e-01
9.987151310228238321e-01
9.987140439932313818e-01
9.987129551227776902e-01
9.987118644067807249e-01
9.986768447837144347e-01
9.986757215619693762e-01
9.986745964316056101e-01
9.986734693877552527e-01
9.986382978723404857e-01
9.986371379897789335e-01
9.986189258312023753e-01
9.986006825938560372e-01
9.985482493595216891e-01
9.985470085470080637e-01
9.985457656116335512e-01
9.985445205479447361e-01
9.985432733504714387e-01
9.985420240137217185e-01
9.985236051502144328e-01
9.985223367697591002e-01
9.985210662080830080e-01
9.985197934595529956e-01
9.985012919896639749e-01
9.984999999999998321e-01
9.984987057808464295e-01
9.984801381692577360e-01
9.984788245462397072e-01
9.984429065743942733e-01
9.984415584415584632e-01
9.984228769497401901e-01
9.984215091066775960e-01
9.984201388888881423e-01
9.984013900955691634e-01
9.983826086956517631e-01
9.983812010443871010e-01
9.983623693379787278e-01
9.983609415867483738e-01
9.983595113438038515e-01
9.983406113537114379e-01
9.983391608391599670e-01
9.983377077865269733e-01
9.983362521891414598e-01
9.983347940403155540e-01
9.983333333333328508e-01
9.983318700614575159e-01
9.983304042179264037e-01
9.983113456464383084e-01
9.983098591549296463e-01
9.983083700440533725e-01
9.983068783068788088e-01
9.983053839364522952e-01
9.982862190812717973e-01
9.982847038019447838e-01
9.982831858407077430e-01
9.982816651904343752e-01
9.982801418439712915e-01
9.982608695652173125e-01
9.982593250444052879e-01
9.982577777777781325e-01
9.982384341637013936e-01
9.982368655387354739e-01
9.982352941176479977e-01
9.982337198929525091e-01
9.982142857142853876e-01
9.982126899016978694e-01
9.981932021466906058e-01
9.981557743957018003e-01
9.981362007168459449e-01
9.980986547085197724e-01
9.980969479353681839e-01
9.980952380952381464e-01
9.980935251798562780e-01
9.980558055805575091e-01
9.980360360360357452e-01
9.979981965734896487e-01
9.979422382671476743e-01
9.979403794037939868e-01
9.979204339963839709e-01
9.979185520361992801e-01
9.979166666666663410e-01
9.978966455122393331e-01
9.978765880217785877e-01
9.978746594005446502e-01
9.978727272727280218e-01
9.978525932666059139e-01
9.978506375227683689e-01
9.978486782133090260e-01
9.978284671532843264e-01
9.978447488584474279e-01
9.978427787934178728e-01
9.978225068618483684e-01
9.978205128205120955e-01
9.978001833180570879e-01
9.977981651376138794e-01
9.977777777777784296e-01
9.977573529411774000e-01
9.977552897884089944e-01
9.977532228360952438e-01
9.977511520737324391e-01
9.977490774907756821e-01
9.977285318559558913e-01
9.977264325323477179e-01
9.977058279370948357e-01
9.976851851851844533e-01
9.976459684893416169e-01
9.976623376623373618e-01
9.976787372330552239e-01
9.976765799256503975e-01
9.976744186046505591e-01
9.976722532588450099e-01
9.976700838769799740e-01
9.976305970149256241e-01
9.976283846872080474e-01
9.976261682242983930e-01
9.976052385406917189e-01
9.975842696629213524e-01
9.975820056232421740e-01
9.975797373358353815e-01
9.975586854460091191e-01
9.975563909774429749e-01
9.975540921919094917e-01
9.975141242937852759e-01
9.974740810556084192e-01
9.974339622641507086e-01
9.974315391879129411e-01
9.974102079395078535e-01
9.973888363292338077e-01
9.973863636363640151e-01
9.973838862559246676e-01
9.973624288425051443e-01
9.973219373219370798e-01
9.973193916349815114e-01
9.973168411037104386e-01
9.973142857142854867e-01
9.972926596758820983e-01
9.972900763358774068e-01
9.972874880611272141e-01
9.972657743785856566e-01
9.972631578947367403e-01
9.972222222222216770e-01
9.972003835091082236e-01
9.971785028790784988e-01
9.971373679154656999e-01
9.971346153846150084e-01
9.970933589990373935e-01
9.970712909441235006e-01
9.970491803278690446e-01
9.970270270270268353e-01
9.970241545893721025e-01
9.970212765957441325e-01
9.970183930300093866e-01
9.969961240310081241e-01
9.969932104752672331e-01
9.969708737864084735e-01
9.969484936831879418e-01
9.969455252918283383e-01
9.969230769230776890e-01
9.969005847953215094e-01
9.968975609756103307e-01
9.968749999999999556e-01
9.968719452590426577e-01
9.968688845401173504e-01
9.968266405484824677e-01
9.968235294117653300e-01
9.968007850834144090e-01
9.967976424361486565e-01
9.967944936086523544e-01
9.967716535433075453e-01
9.967684729064042459e-01
9.967652859960550726e-01
9.967818361303060204e-01
9.967786561264826428e-01
9.967556874381804377e-01
9.967524752475246386e-01
9.967294350842413886e-01
9.966468253968259194e-01
9.966434955312812871e-01
9.966401590457257820e-01
9.966169154228861071e-01
9.966135458167333372e-01
9.966101694915259213e-01
9.966067864271452859e-01
9.966033966033962521e-01
9.965599999999998904e-01
9.965165165165171812e-01
9.965130260521047889e-01
9.964894684052159057e-01
9.965060240963850013e-01
9.965025125628135250e-01
9.964989939637822758e-01
9.964551863041289925e-01
9.964112903225806894e-01
9.963874873864787540e-01
9.963838383838387047e-01
9.963599595551060339e-01
9.963157894736847098e-01
9.962917933130698289e-01
9.962271805273837932e-01
9.962233502538065943e-01
9.962195121951219479e-01
9.961953204476092782e-01
9.961710794297350402e-01
9.961264016309893110e-01
9.961224489795916792e-01
9.961184882533191676e-01
9.961145194274023673e-01
9.961105424769703953e-01
9.961065573770490067e-01
9.960820512820505179e-01
9.960369609856262185e-01
9.960534429599183781e-01
9.960493827160492586e-01
9.960041194644699836e-01
9.959587628865979037e-01
9.959545923632612263e-01
9.959504132231404849e-01
9.959462254395033964e-01
9.959420289855074326e-01
9.958549222797923317e-01
9.958506224066386858e-01
9.958463136033229857e-01
9.958419958419959528e-01
9.958168574401665696e-01
9.958125000000001004e-01
9.957872784150154644e-01
9.957828810020875610e-01
9.957784743991636711e-01
9.957322175732220559e-01
9.957068062827222343e-01
9.956603773584901118e-01
9.956558237145857193e-01
9.956512605042017183e-01
9.956677181913774488e-01
9.956631578947369166e-01
9.957007376185461611e-01
9.956751054852318594e-01
9.956705385427662147e-01
9.956659619450320964e-01
9.956613756613756916e-01
9.956567796610167331e-01
9.956521739130433923e-01
9.956475583864119461e-01
9.956216790648250159e-01
9.955957446808503253e-01
9.955697550585731470e-01
9.955437100213224699e-01
9.954962646744927035e-01
9.954700854700851975e-01
9.954224598930478951e-01
9.953319057815847026e-01
9.952411575562707391e-01
9.952360515021457799e-01
9.951879699248118438e-01
9.951397849462361167e-01
9.950914962325080326e-01
9.950862068965510288e-01
9.950161812297737551e-01
9.949892008639306118e-01
9.950054054054056074e-01
9.949567099567100392e-01
9.949079089924158792e-01
9.948806941431665996e-01
9.947882736156352657e-01
9.946956521739132029e-01
9.946898803046786419e-01
9.946840958605664973e-01
9.946564885496180786e-01
9.946506550218338072e-01
9.946229508196720026e-01
9.945295404814002982e-01
9.944797371303395472e-01
9.944298245614039411e-01
9.943578485181123749e-01
9.943296703296702344e-01
9.942794279427944470e-01
9.942290748898676700e-01
9.941565600882026343e-01
9.940397350993375181e-01
9.939889502762433438e-01
9.939380530973442873e-01
9.939313399778524349e-01
9.938802660753879303e-01
9.938512763596007993e-01
9.938222222222219404e-01
9.937263626251386928e-01
9.937193763919816014e-01
9.936677814938689179e-01
9.936383928571427271e-01
9.936312849162010075e-01
9.936017897091720119e-01
9.935498320268753014e-01
9.935201793721972763e-01
9.934455667789003908e-01
9.933707865168541762e-01
9.933408323959512787e-01
9.933333333333336235e-01
9.933483652762120641e-01
9.933408577878105605e-01
9.933559322033896910e-01
9.933031674208143702e-01
9.932955832389578354e-01
9.932426303854883232e-01
9.932122587968217342e-01
9.931818181818179436e-01
9.931285551763369135e-01
9.930751708428243729e-01
9.930672748004559791e-01
9.930593607305938653e-01
9.930057142857138253e-01
9.929748283752859450e-01
9.930126002290953213e-01
9.929587155963307543e-01
9.929735935706085481e-01
9.929425287356319352e-01
9.928883774453391986e-01
9.928110599078341370e-01
9.927797001153397805e-01
9.926789838337183314e-01
9.926242774566472749e-01
9.925694444444442821e-01
9.926071842410196799e-01
9.925522041763347181e-01
9.925203252032517298e-01
9.924651162790699699e-01
9.923632130384166805e-01
9.923310023310023542e-01
9.923220536756121035e-01
9.922429906542052924e-01
9.921169590643270642e-01
9.920608899297422845e-01
9.920750293083240301e-01
9.920422535211266268e-01
9.920094007050528351e-01
9.918823529411766593e-01
9.918021201413427246e-01
9.917216981132074283e-01
9.916646989374260368e-01
9.916312056737591751e-01
9.915739644970412714e-01
9.915639810426541967e-01
9.915065243179123078e-01
9.914251781472684932e-01
9.913436385255649519e-01
9.912619047619046775e-01
9.912276519666264329e-01
9.912171837708831923e-01
9.911350059737155105e-01
9.911004784688993707e-01
9.910179640718564942e-01
9.909352517985610120e-01
9.909483793517407380e-01
9.909375000000000266e-01
9.909265944645003765e-01
9.908915662650598088e-01
9.907840772014475661e-01
9.907246376811597033e-01
9.906408706166868194e-01
9.905084745762714471e-01
9.904727272727271714e-01
9.903640776699024206e-01
9.903280680437427375e-01
9.903163017031624271e-01
9.902801461632160240e-01
9.902926829268291486e-01
9.902808302808303598e-01
9.902689486552566089e-01
9.901835985312115174e-01
9.901470588235293802e-01
9.901104294478524359e-01
9.900737100737100338e-01
9.900123001230010100e-01
9.899753694581286956e-01
9.898397040690508630e-01
9.897777777777777564e-01
9.896909765142148929e-01
9.895792079207921255e-01
9.895167286245348803e-01
9.894292803970227146e-01
9.893167701863354591e-01
9.892786069651740011e-01
9.892403486924036260e-01
9.891521197007474564e-01
9.890137328339578815e-01
9.889249999999997209e-01
9.887859824780972362e-01
9.886967418546365183e-01
9.886574654956090669e-01
9.885427135678392929e-01
9.884276729559751118e-01
9.883627204030230873e-01
9.883732660781839874e-01
9.883080808080809687e-01
9.881668773704170849e-01
9.880253164556965784e-01
9.878580481622306619e-01
9.878934010152283784e-01
9.878017789072426336e-01
9.877353689567432982e-01
9.876433121019109196e-01
9.875765306122454845e-01
9.875095785440610729e-01
9.874424552429666990e-01
9.873751600512163940e-01
9.872820512820511540e-01
9.871887034659821980e-01
9.871465295629822112e-01
9.870012870012871975e-01
9.869845360824746061e-01
9.868645161290323653e-01
9.868217054263570542e-01
9.867787839586030785e-01
9.867616580310881735e-01
9.865888456549931629e-01
9.864155844155849673e-01
9.863459037711309607e-01
9.862760416666663810e-01
9.862320730117343226e-01
9.860574412532637778e-01
9.859084967320262960e-01
9.857591623036647821e-01
9.856880733944951567e-01
9.855905511811026143e-01
9.855716162943488623e-01
9.854736842105260575e-01
9.853754940711462185e-01
9.852242744063326452e-01
9.852047556142666807e-01
9.851058201058202624e-01
9.849801324503312250e-01
9.849071618037131826e-01
9.848605577689240054e-01
9.848138297872338631e-01
9.847669773635152612e-01
9.846400000000002928e-01
9.845660881174903567e-01
9.844919786096256731e-01
9.842570281124503051e-01
9.841554959785523415e-01
9.840268456375840245e-01
9.838978494623655813e-01
9.837685060565274364e-01
9.836388140161724802e-01
9.835357624831309042e-01
9.834054054054051086e-01
9.833288227334234799e-01
9.832520325203248923e-01
9.831478968792400908e-01
9.830706521739129844e-01
9.830204081632656354e-01
9.828337874659398565e-01
9.827830832196454702e-01
9.827049180327865896e-01
9.826538987688101523e-01
9.824383561643837970e-01
9.823045267489708410e-01
9.821703296703294672e-01
9.820082530949107991e-01
9.820110192837467888e-01
9.818482758620689088e-01
9.817679558011046526e-01
9.816320885200550128e-01
9.815235457063711255e-01
9.813592233009713617e-01
9.812222222222224399e-01
9.811404728789986374e-01
9.809470752089137768e-01
9.808368200836818929e-01
9.806703910614527064e-01
9.805034965034964412e-01
9.803081232492989461e-01
9.801683029453019946e-01
9.801404494382027766e-01
9.801125175808723666e-01
9.799999999999997602e-01
9.798589562764453698e-01
9.798587570621473120e-01
9.796888260254603686e-01
9.794334277620390106e-01
9.793475177304966639e-01
9.792329545454546702e-01
9.790327169274537500e-01
9.789458689458687690e-01
9.786590584878743782e-01
9.785428571428572697e-01
9.783977110157366930e-01
9.783381088825212624e-01
9.783070301291251214e-01
9.782471264367815778e-01
9.780719424460430078e-01
9.779250720461099000e-01
9.777777777777778567e-01
9.776011560693640412e-01
9.773371924746746542e-01
9.771014492753630210e-01
9.770391872278662015e-01
9.768895348837202119e-01
9.767685589519653488e-01
9.764723032069972941e-01
9.763211678832114382e-01
9.758771929824555658e-01
9.756076134699860347e-01
9.753079178885631917e-01
9.752129221732748210e-01
9.749411764705882000e-01
9.747275405007355120e-01
9.745722713864306552e-01
9.743279172821276424e-01
9.741715976331364324e-01
9.740444444444443794e-01
9.740059347181005966e-01
9.738187221396722437e-01
9.735119047619045229e-01
9.731743666169895279e-01
9.730149253731346093e-01
9.729147982062776867e-01
9.727245508982036437e-01
9.726236881559218173e-01
9.724624624624627067e-01
9.721804511278198113e-01
9.719578313253012247e-01
9.717043740573145794e-01
9.714199395770387602e-01
9.711951588502267807e-01
9.709696969696969271e-01
9.708345978755690275e-01
9.708206686930092033e-01
9.706240487062405276e-01
9.704878048780486433e-01
9.701679389312976021e-01
9.699694189602448002e-01
9.697396630934149719e-01
9.695398773006133064e-01
9.693087557603691229e-01
9.690153846153843897e-01
9.687827426810475817e-01
9.687654320987653112e-01
9.686244204018547022e-01
9.683591331269347791e-01
9.681550387596900009e-01
9.677329192546586523e-01
9.674650077760494904e-01
9.674454828660435934e-01
9.670826833073321582e-01
9.668750000000001510e-01
9.664475743348986958e-01
9.661128526645766934e-01
9.659026687598115668e-01
9.658176100628931282e-01
9.654173228346456526e-01
9.649526813880124898e-01
9.647393364928905646e-01
9.643670886075951243e-01
9.640253565768627242e-01
9.634920634920633997e-01
9.632432432432433966e-01
9.630254777070064165e-01
9.626794258373199131e-01
9.623961661341853269e-01
9.621119999999998562e-01
9.618269230769236344e-01
9.615409309791328463e-01
9.612540192926043447e-01
9.609661835748795067e-01
9.604838709677416819e-01
9.603231017770597067e-01
9.601294498381878206e-01
9.597730956239870492e-01
9.594805194805193782e-01
9.592195121951218040e-01
9.590228013029313825e-01
9.586296900489398309e-01
9.583333333333330373e-01
9.581014729950902975e-01
9.580000000000000737e-01
9.577668308702789179e-01
9.574671052631579249e-01
9.571334431630973416e-01
9.567326732673266942e-01
9.564628099173557718e-01
9.561258278145702283e-01
9.554560530679936381e-01
9.552823920265783864e-01
9.550083194675543785e-01
9.547333333333334338e-01
9.544574290484139079e-01
9.541806020066888605e-01
9.538358458961471165e-01
9.534563758389262844e-01
9.530756302521002921e-01
9.527946127946119725e-01
9.525801011804381213e-01
9.520945945945946676e-01
9.514382402707275421e-01
9.513220338983053859e-01
9.508998302207126718e-01
9.507142857142859560e-01
9.503577512776830716e-01
9.500682593856653035e-01
9.494700854700852677e-01
9.491780821917811251e-01
9.487135506003429031e-01
9.482474226804119555e-01
9.480895008605852992e-01
9.477586206896555510e-01
9.474611398963732611e-01
9.470934256055362210e-01
9.466204506065859503e-01
9.460763888888888973e-01
9.457043478260870328e-01
9.455400696864110222e-01
9.451657940663176216e-01
9.446853146853148031e-01
9.438879159369526484e-01
9.434035087719297996e-01
9.428822495606327125e-01
9.420774647887322217e-01
9.416225749559085090e-01
9.409540636042406092e-01
9.402123893805309773e-01
9.395035460992907650e-01
9.392539964476024350e-01
9.384697508896797657e-01
9.380392156862743525e-01
9.375714285714285001e-01
9.370661896243290823e-01
9.366308243727601290e-01
9.359784560143622478e-01
9.352877697841723847e-01
9.348828828828830151e-01
9.345126353790608187e-01
9.338878842676308079e-01
9.330434782608691968e-01
9.325589836660616028e-01
9.321090909090908871e-01
9.318761384335154663e-01
9.312408759124086721e-01
9.307495429616088334e-01
9.300732600732598554e-01
9.297981651376148182e-01
9.293382352941172986e-01
9.288029465930018880e-01
9.284132841328416319e-01
9.276155268022179268e-01
9.266296296296296919e-01
9.261224489795917281e-01
9.256133828996280233e-01
9.250279329608938061e-01
9.246641791044776237e-01
9.239626168224299718e-01
9.231086142322090238e-01
9.228142589118200068e-01
9.223308270676692233e-01
9.219962335216574933e-01
9.213962264150946657e-01
9.208317580340260600e-01
9.201515151515153867e-01
9.198481973434534664e-01
9.193536121673001604e-01
9.190476190476192242e-01
9.183969465648857966e-01
9.174760994263864156e-01
9.169348659003830893e-01
9.162763915547025295e-01
9.157307692307693481e-01
9.149132947976876817e-01
9.145945945945945788e-01
9.141972920696326277e-01
9.134496124031005193e-01
9.128543689320389731e-01
9.122568093385212684e-01
9.113840155945415189e-01
9.104296874999999734e-01
9.095890410958905603e-01
9.085882352941172524e-01
9.078585461689584468e-01
9.072834645669292097e-01
9.066272189349113830e-01
9.058498023715411129e-01
9.051881188118816590e-01
9.042857142857144703e-01
9.035785288270377080e-01
9.029083665338646369e-01
9.022355289421157831e-01
9.014800000000002811e-01
9.009218436873748237e-01
9.002811244979922467e-01
8.995975855130781129e-01
8.987903225806448404e-01
8.978181818181818485e-01
8.968016194331985824e-01
8.959432048681540417e-01
8.950000000000000178e-01
8.941751527494906648e-01
8.929795918367346985e-01
8.921472392638040150e-01
8.911885245901638442e-01
8.905133470225873316e-01
8.897119341563787254e-01
8.889896907216493505e-01
8.878925619834706628e-01
8.866666666666670471e-01
8.856846473029043043e-01
8.846569646569646395e-01
8.840833333333332211e-01
8.829227557411271077e-01
8.814225941422598742e-01
8.800419287211735941e-01
8.794537815126052260e-01
8.789052631578949670e-01
8.779746835443037467e-01
8.772515856236786647e-01
8.763135593220341413e-01
8.749044585987258982e-01
8.732340425531913697e-01
8.723240938166310077e-01
8.707264957264955196e-01
8.696788008565312644e-01
8.682832618025748683e-01
8.670537634408604921e-01
8.659913793103446444e-01
8.648380129589632315e-01
8.634632034632037101e-01
8.625596529284166314e-01
8.616956521739131958e-01
8.606100217864925961e-01
8.599126637554583841e-01
8.591684901531728702e-01
8.582894736842106020e-01
8.567472527472524968e-01
8.548017621145372891e-01
8.535540838852100354e-01
8.516371681415929595e-01
8.501108647450109634e-01
8.485333333333331396e-01
8.469487750556790040e-01
8.451785714285713347e-01
8.434004474272929208e-01
8.419282511210761655e-01
8.392359550561800940e-01
8.375225225225227943e-01
8.356207674943566532e-01
8.336199095022626127e-01
8.319727891156460942e-01
8.308636363636366928e-01
8.293394077448749124e-01
8.272602739726029331e-01
8.251258581235693113e-01
8.243119266055048966e-01
8.230804597701150138e-01
8.217972350230411394e-01
8.206466512702079719e-01
8.196759259259261965e-01
8.175406032482598340e-01
8.154418604651161306e-01
8.138927738927738131e-01
8.108878504672896170e-01
8.090398126463699269e-01
8.065727699530518269e-01
8.028235294117643805e-01
8.005188679245285321e-01
7.983924349881800220e-01
7.965402843601894212e-01
7.942517814726838266e-01
7.930000000000003713e-01
7.902147971360382606e-01
7.881339712918662421e-01
7.862829736211028875e-01
7.845192307692309130e-01
7.808674698795178282e-01
7.781159420289851525e-01
7.755447941888620189e-01
7.722815533980580405e-01
7.681265206812653012e-01
7.655121951219513443e-01
7.622493887530563672e-01
7.593137254901961564e-01
7.570024570024572741e-01
7.544827586206895864e-01
7.522469135802469786e-01
7.515841584158414745e-01
7.486848635235731075e-01
7.461691542288558798e-01
7.433915211970075765e-01
7.412499999999998535e-01
7.386466165413536622e-01
7.338693467336682152e-01
7.307304785894207511e-01
7.267171717171716505e-01
7.223797468354428153e-01
7.180710659898477122e-01
7.128244274809160119e-01
7.087244897959185108e-01
7.042966751918158241e-01
6.997435897435899665e-01
6.968637532133673540e-01
6.906701030927834273e-01
6.848062015503876276e-01
6.792746113989638346e-01
6.749610389610389838e-01
6.694791666666667362e-01
6.641253263707572740e-01
6.583246073298429923e-01
6.537532808398949236e-01
6.490000000000000213e-01
6.429551451187335287e-01
6.383597883597883493e-01
6.294429708222809561e-01
6.223936170212766017e-01
6.125333333333334851e-01
6.077005347593583684e-01
6.020375335120643490e-01
5.956451612903225223e-01
5.875471698113207131e-01
5.787027027027025206e-01
5.711653116531166807e-01
5.548913043478264084e-01
5.501362397820165340e-01
5.322404371584700256e-01
5.202739726027398870e-01
5.041758241758241832e-01
4.919559228650139948e-01
4.806629834254143585e-01
4.649307479224377704e-01
4.451111111111111796e-01
4.380501392757663037e-01
4.288826815642457491e-01
4.211764705882352078e-01
4.083707865168538786e-01
3.987042253521126400e-01
3.864406779661017088e-01
3.785269121813032989e-01
3.642045454545456140e-01
3.455270655270654689e-01
3.295428571428571929e-01
3.010315186246417807e-01
2.865517241379310631e-01
2.721613832853026493e-01
2.483236994219653326e-01
2.311884057971014261e-01
2.191279069767441967e-01
2.144023323615160681e-01
2.005847953216374768e-01
1.824633431085044000e-01
1.691176470588235115e-01
1.604129793510324364e-01
1.511834319526627057e-01
1.459347181008902317e-01
1.414285714285714313e-01
1.330149253731343351e-01
1.231137724550897816e-01
1.141141141141141097e-01
1.089156626506024156e-01
1.041087613293051051e-01
9.739393939393937993e-02
8.413373860182367381e-02
7.646341463414633999e-02
7.027522935779816071e-02
5.386503067484662427e-02
4.541538461538460747e-02
4.506172839506174949e-02
4.167182662538701510e-02
3.708074534161490826e-02
3.233644859813080558e-02
2.418750000000000067e-02
2.407523510971786018e-02
2.415094339622643471e-02
2.422712933753943393e-02
2.069620253164558207e-02
1.999999999999999001e-02
1.496815286624203663e-02
1.501597444089457049e-02
1.506410256410255742e-02
1.331189710610933101e-02
1.322580645161289953e-02
1.184466019417475952e-02
1.129870129870129414e-02
1.127035830618892780e-02
1.130718954248365743e-02
1.081967213114753967e-02
1.085526315789473416e-02
1.089108910891089035e-02
1.052980132450331147e-02
9.900332225913620679e-03
9.866666666666665947e-03
9.498327759197322182e-03
9.530201342281875015e-03
9.562289562289563727e-03
9.594594594594598944e-03
9.627118644067797840e-03
9.591836734693881539e-03
9.419795221842998736e-03
9.452054794520549710e-03
9.347079037800683915e-03
9.379310344827591905e-03
9.342560553633215414e-03
8.680555555555552472e-03
8.710801393728229494e-03
8.741258741258738432e-03
8.771929824561406491e-03
8.802816901408445915e-03
8.833922261484100993e-03
8.794326241134754404e-03
8.825622775800710113e-03
8.857142857142853362e-03
7.956989247311830118e-03
6.618705035971224164e-03
6.642599277978337297e-03
6.666666666666662758e-03
6.690909090909091111e-03
6.715328467153281779e-03
6.007326007326002984e-03
6.029411764705877759e-03
6.051660516605169605e-03
6.000000000000002727e-03
6.022304832713757348e-03
5.223880597014927268e-03
5.243445692883897183e-03
5.263157894736842854e-03
5.207547169811321125e-03
5.227272727272724503e-03
5.247148288973385241e-03
5.267175572519087502e-03
5.287356321839081427e-03
5.307692307692306669e-03
5.328185328185327911e-03
5.348837209302328456e-03
5.369649805447469781e-03
5.390624999999999584e-03
5.411764705882351166e-03
5.433070866141729433e-03
5.375494071146244904e-03
5.396825396825395520e-03
5.418326693227088799e-03
5.440000000000002993e-03
5.461847389558230868e-03
5.483870967741932660e-03
5.425101214574900264e-03
5.447154471544714792e-03
5.469387755102039089e-03
5.409836065573772439e-03
5.267489711934156792e-03
5.289256198347105226e-03
5.311203319502077157e-03
5.333333333333335757e-03
5.355648535564855664e-03
5.378151260504203564e-03
5.316455696202533436e-03
5.254237288135590184e-03
5.276595744680852816e-03
5.299145299145301309e-03
5.321888412017167225e-03
5.344827586206897171e-03
5.194805194805195668e-03
5.217391304347827365e-03
5.240174672489083738e-03
5.263157894736843721e-03
5.110132158590310024e-03
5.132743362831860418e-03
5.155555555555555586e-03
5.089285714285716328e-03
5.112107623318389374e-03
5.135135135135137328e-03
5.067873303167423106e-03
5.000000000000000971e-03
5.022831050228310397e-03
5.045871559633028670e-03
5.069124423963134070e-03
4.999999999999998369e-03
5.023255813953486984e-03
5.046728971962616619e-03
4.882629107981223231e-03
4.905660377358489997e-03
4.928909952606632880e-03
4.952380952380955499e-03
4.880382775119615144e-03
4.903846153846156200e-03
4.830917874396132433e-03
4.854368932038833663e-03
4.878048780487806609e-03
4.705882352941179528e-03
4.729064039408864030e-03
4.752475247524754094e-03
4.676616915422887426e-03
4.700000000000001919e-03
4.723618090452258271e-03
4.747474747474749422e-03
4.670050761421316865e-03
4.693877551020410668e-03
4.717948717948720026e-03
4.742268041237115289e-03
4.766839378238340100e-03
4.791666666666668899e-03
4.816753926701573124e-03
4.842105263157892373e-03
4.867724867724867142e-03
4.787234042553192327e-03
4.812834224598927339e-03
4.838709677419353317e-03
4.864864864864865482e-03
4.782608695652171976e-03
4.808743169398909702e-03
4.725274725274727222e-03
4.640883977900549760e-03
4.666666666666668788e-03
4.692737430167595765e-03
4.719101123595508679e-03
4.632768361581923039e-03
4.659090909090907867e-03
4.571428571428574374e-03
4.482758620689653202e-03
4.508670520231212488e-03
4.534883720930234750e-03
4.561403508771929433e-03
4.588235294117649909e-03
4.497041420118344859e-03
4.523809523809525432e-03
4.550898203592813017e-03
4.578313253012046731e-03
4.606060606060607444e-03
4.634146341463416148e-03
4.539877300613496224e-03
4.444444444444444441e-03
4.472049689440995256e-03
4.500000000000001395e-03
4.402515723270440141e-03
4.430379746835444964e-03
4.331210191082801760e-03
4.358974358974360488e-03
4.387096774193546996e-03
4.415584415584416882e-03
4.444444444444445308e-03
4.473684210526313737e-03
4.503311258278147426e-03
4.533333333333331057e-03
4.563758389261743723e-03
4.594594594594592768e-03
4.625850340136055533e-03
4.383561643835616126e-03
4.413793103448276911e-03
4.444444444444445308e-03
4.475524475524478123e-03
4.366197183098589722e-03
3.971631205673759914e-03
4.000000000000000951e-03
4.028776978417266882e-03
3.913043478260869873e-03
3.941605839416057432e-03
3.970588235294118112e-03
4.000000000000000951e-03
3.880597014925371655e-03
3.759398496240601295e-03
3.636363636363634626e-03
3.664122137404581328e-03
3.692307692307692651e-03
3.720930232558140611e-03
3.749999999999999861e-03
3.779527559055116843e-03
3.809523809523809521e-03
3.840000000000001832e-03
3.709677419354837080e-03
3.089430894308942653e-03
3.114754098360655952e-03
3.140495867768594920e-03
3.166666666666666588e-03
3.193277310924369592e-03
3.220338983050848296e-03
3.247863247863247427e-03
3.275862068965516502e-03
3.304347826086957533e-03
3.333333333333333114e-03
3.362831858407080380e-03
3.392857142857141906e-03
3.243243243243242209e-03
3.090909090909091210e-03
3.119266055045871820e-03
3.148148148148147748e-03
2.990654205607476499e-03
3.018867924528301737e-03
3.047619047619047269e-03
3.076923076923076487e-03
3.106796116504853718e-03
3.137254901960783750e-03
2.970297029702970767e-03
3.000000000000000496e-03
3.030303030303030734e-03
2.857142857142857574e-03
2.886597938144329443e-03
2.916666666666666366e-03
2.947368421052631686e-03
2.127659574468085141e-03
2.150537634408602582e-03
2.173913043478260462e-03
2.197802197802198234e-03
2.222222222222222220e-03
2.247191011235954820e-03
2.272727272727273051e-03
2.298850574712643646e-03
2.325581395348836743e-03
2.352941176470588029e-03
2.380952380952380733e-03
2.409638554216867248e-03
2.439024390243902437e-03
2.469135802469135752e-03
2.500000000000000052e-03
2.531645569620253212e-03
2.564102564102563667e-03
2.597402597402597834e-03
2.631578947368420993e-03
2.666666666666666578e-03
2.702702702702702853e-03
2.739726027397260295e-03
2.777777777777777884e-03
2.816901408450704376e-03
2.857142857142857140e-03
2.898550724637681195e-03
2.941176470588235253e-03
2.985074626865671238e-03
3.030303030303029867e-03
3.076923076923076920e-03
3.125000000000000173e-03
2.857142857142857140e-03
2.903225806451612684e-03
2.950819672131147538e-03
3.000000000000000062e-03
3.050847457627118686e-03
3.103448275862069269e-03
3.157894736842105192e-03
3.214285714285713795e-03
3.272727272727272638e-03
3.333333333333333114e-03
3.396226415094339562e-03
3.461538461538461644e-03
3.529411764705882044e-03
3.599999999999999901e-03
3.673469387755101852e-03
3.749999999999999861e-03
3.829787234042552994e-03
3.913043478260869006e-03
3.555555555555555726e-03
3.636363636363637228e-03
3.720930232558139310e-03
3.809523809523809521e-03
3.414634146341463845e-03
3.500000000000000507e-03
3.589743589743589740e-03
3.157894736842105192e-03
3.243243243243243510e-03
3.333333333333333547e-03
3.428571428571428395e-03
3.529411764705882044e-03
3.636363636363636360e-03
3.749999999999999861e-03
3.870967741935483868e-03
4.000000000000000083e-03
4.137931034482758737e-03
4.285714285714285060e-03
3.703703703703703411e-03
3.076923076923076920e-03
3.200000000000000153e-03
3.333333333333333114e-03
3.478260869565217087e-03
3.636363636363636360e-03
2.857142857142857140e-03
3.000000000000000496e-03
3.157894736842105192e-03
3.333333333333333114e-03
3.529411764705882044e-03
3.749999999999999861e-03
4.000000000000000083e-03
4.285714285714285060e-03
4.615384615384615814e-03
5.000000000000000104e-03
3.636363636363636360e-03
4.000000000000000083e-03
4.444444444444444441e-03
5.000000000000000104e-03
2.857142857142857140e-03
3.333333333333333114e-03
4.000000000000000083e-03
5.000000000000000104e-03
0.000000000000000000e+00
0.000000000000000000e+00
0.000000000000000000e+00
