9.979999999999994431e-01
9.979959919839683780e-01
9.979919678714851417e-01
9.979879275653918969e-01
9.979838709677421038e-01
9.979797979797971896e-01
9.979757085020248830e-01
9.979310344827588830e-01
9.979268292682926811e-01
9.979226069246432962e-01
9.979183673469397275e-01
9.979141104294478870e-01
9.979098360655744848e-01
9.979055441478449362e-01
9.979012345679018070e-01
9.978969072164938225e-01
9.978925619834718708e-01
9.978881987577632451e-01
9.978838174273846340e-01
9.978794178794190284e-01
9.978750000000000675e-01
9.978705636743222529e-01
9.978661087866097512e-01
9.978616352201257200e-01
9.978571428571436641e-01
9.978526315789479906e-01
9.978481012658236837e-01
9.978435517970406510e-01
9.978389830508469505e-01
9.978343949044575778e-01
9.978297872340416985e-01
9.978251599147127671e-01
9.978205128205133168e-01
9.978158458244107409e-01
9.978111587982823050e-01
9.978064516129033779e-01
9.978017241379306679e-01
9.977969762419002242e-01
9.977922077922074529e-01
9.977874186550965696e-01
9.977826086956521623e-01
9.977777777777784296e-01
9.977729257641914096e-01
9.977680525164106529e-01
9.977631578947380175e-01
9.977582417582427921e-01
9.977533039647576985e-01
9.977483443708614619e-01
9.977433628318580494e-01
9.977383592017740055e-01
9.977333333333331389e-01
9.977282850779499723e-01
9.977232142857134223e-01
9.977181208053683692e-01
9.976681614349779403e-01
9.976629213483145797e-01
9.976576576576572375e-01
9.976523702031612206e-01
9.976470588235284431e-01
9.976417233560094244e-01
9.976363636363639875e-01
9.976309794988610369e-01
9.976255707762553548e-01
9.976201372997707262e-01
9.976146788990821745e-01
9.976091954022989761e-01
9.976036866359446753e-01
9.975981524249424304e-01
9.975925925925924753e-01
9.975870069605570212e-01
9.975813953488373853e-01
9.975757575757571161e-01
9.975700934579440071e-01
9.975644028103054506e-01
9.975586854460091191e-01
9.975529411764709753e-01
9.975471698113200780e-01
9.975413711583920318e-01
9.975355450236973454e-01
9.975296912114020031e-01
9.975238095238087022e-01
9.975178997613369791e-01
9.975119617224881274e-01
9.975059952038377586e-01
9.974519230769226530e-01
9.974457831325294066e-01
9.974396135265695129e-01
9.974334140435828777e-01
9.974271844660187458e-01
9.974209245742090557e-01
9.974146341463420162e-01
9.974083129584344620e-01
9.974019607843142010e-01
9.973955773955779369e-01
9.973891625615771694e-01
9.973827160493824451e-01
9.973762376237630400e-01
9.973697270471458820e-01
9.973631840796030046e-01
9.973067331670816271e-01
9.973000000000005194e-01
9.972932330827072311e-01
9.972361809045234837e-01
9.972292191435768727e-01
9.972222222222222321e-01
9.972151898734188391e-01
9.971573604060914864e-01
9.971501272264627902e-01
9.971938775510209574e-01
9.971867007672642336e-01
9.971794871794880111e-01
9.970694087403603190e-01
9.970618556701024149e-01
9.970025839793287270e-01
9.969948186528506673e-01
9.969870129870131992e-01
9.969791666666671937e-01
9.969190600522194190e-01
9.969109947643975955e-01
9.969028871391081292e-01
9.968947368421055000e-01
9.968865435356208948e-01
9.968783068783073631e-01
9.968700265251984050e-01
9.968085106382984506e-01
9.967999999999992422e-01
9.967914438502678554e-01
9.967828418230562093e-01
9.967741935483875881e-01
9.967654986522910265e-01
9.967567567567559017e-01
9.966937669376693121e-01
9.966847826086947526e-01
9.966757493188016515e-01
9.966120218579227474e-01
9.964931506849313836e-01
9.964835164835165182e-01
9.964738292011017240e-01
9.964640883977891050e-01
9.963434903047094782e-01
9.963333333333330710e-01
9.963231197771592607e-01
9.963128491620102389e-01
9.962464985994397004e-01
9.961797752808989603e-01
9.961126760563375759e-01
9.961016949152547983e-01
9.960906515580735254e-01
9.960795454545458005e-01
9.960683760683756161e-01
9.960571428571427521e-01
9.960458452722069644e-01
9.960344827586206096e-01
9.959077809798263514e-01
9.957803468208095143e-01
9.957101449275362892e-01
9.956395348837215886e-01
9.956268221574353650e-01
9.954385964912281226e-01
9.954252199413486935e-01
9.952941176470586626e-01
9.952802359882003680e-01
9.952662721893490438e-01
9.952522255192884915e-01
9.950595238095245598e-01
9.949253731343277174e-01
9.949101796407177067e-01
9.948348348348352577e-01
9.947590361445777241e-01
9.947432024169183817e-01
9.946666666666663659e-01
9.946504559270513690e-01
9.946951219512193409e-01
9.945565749235467656e-01
9.944785276073616620e-01
9.944000000000002837e-01
9.943827160493825534e-01
9.943034055727550946e-01
9.941614906832292320e-01
9.942056074766355556e-01
9.940625000000001821e-01
9.940438871473350479e-01
9.939622641509427980e-01
9.937539432176653031e-01
9.936075949367085824e-01
9.935873015873015746e-01
9.934394904458599962e-01
9.931629392971248471e-01
9.930128205128204710e-01
9.929903536977495726e-01
9.929677419354842050e-01
9.928802588996759049e-01
9.927922077922076705e-01
9.927687296416937146e-01
9.926143790849673021e-01
9.923934426229501504e-01
9.923026315789479357e-01
9.922772277227721593e-01
9.921192052980133402e-01
9.919601328903659976e-01
9.915999999999999259e-01
9.915719063545154199e-01
9.914765100671141251e-01
9.911784511784510476e-01
9.911486486486478231e-01
9.909152542372878791e-01
9.908163265306128009e-01
9.907849829351538240e-01
9.904109589041096839e-01
9.903780068728523789e-01
9.902068965517236698e-01
9.901038062283741281e-01
9.899305555555560909e-01
9.898257839721259499e-01
9.897202797202792057e-01
9.895438596491225036e-01
9.895070422535212629e-01
9.893992932862190059e-01
9.890780141843973361e-01
9.890391459074734382e-01
9.884999999999999343e-01
9.884587813620072660e-01
9.881294964028778383e-01
9.878700361010828157e-01
9.877536231884063156e-01
9.875636363636364212e-01
9.873722627737226976e-01
9.872527472527471426e-01
9.868382352941176272e-01
9.864206642066425390e-01
9.862962962962960045e-01
9.861710037174715726e-01
9.860447761194029992e-01
9.857677902621727606e-01
9.856390977443610923e-01
9.852075471698112930e-01
9.851515151515154445e-01
9.850190114068442249e-01
9.848854961832067545e-01
9.842145593869734421e-01
9.840769230769227383e-01
9.839382239382237216e-01
9.837209302325585769e-01
9.834241245136187137e-01
9.830468749999999867e-01
9.828235294117646514e-01
9.824409448818899326e-01
9.822924901185765556e-01
9.819841269841268483e-01
9.815139442231074485e-01
9.813600000000001211e-01
9.814457831325306136e-01
9.814516129032254677e-01
9.812145748987852745e-01
9.807317073170732646e-01
9.801632653061220779e-01
9.793442622950823129e-01
9.790946502057614742e-01
9.789256198347102700e-01
9.784232365145225652e-01
9.784166666666667123e-01
9.784100418410036637e-01
9.781512605042012032e-01
9.778059071729957585e-01
9.775423728813560365e-01
9.771063829787235422e-01
9.770085470085466683e-01
9.765665236051508380e-01
9.759482758620692255e-01
9.752380952380952372e-01
9.746086956521744504e-01
9.743231441048030295e-01
9.741228070175433906e-01
9.740088105726879553e-01
9.737168141592923432e-01
9.732444444444442455e-01
9.728571428571425317e-01
9.721973094170398566e-01
9.718018018018017568e-01
9.715837104072394537e-01
9.710909090909091157e-01
9.699543378995434395e-01
9.691743119266054141e-01
9.685714285714291938e-01
9.678703703703703809e-01
9.671627906976741906e-01
9.666355140186917438e-01
9.659154929577463689e-01
9.643396226415092976e-01
9.628436018957348130e-01
9.619047619047614850e-01
9.608612440191381943e-01
9.604807692307690825e-01
9.596135265700488359e-01
9.590291262135918204e-01
9.582439024390242421e-01
9.575490196078427774e-01
9.569458128078812686e-01
9.555445544554455051e-01
9.542288557213930433e-01
9.524999999999996803e-01
9.511557788944722258e-01
9.501010101010094466e-01
9.487309644670050002e-01
9.473469387755101279e-01
9.462564102564097190e-01
9.455670103092779222e-01
9.445595854922287371e-01
9.436458333333332948e-01
9.421989528795809976e-01
9.415789473684212929e-01
9.404232804232802723e-01
9.386170212765957421e-01
9.363636363636360649e-01
9.347311827956987784e-01
9.337297297297294518e-01
9.322826086956521596e-01
9.313661202185794519e-01
9.294505494505489462e-01
9.280662983425413959e-01
9.253333333333333410e-01
9.239106145251396729e-01
9.232584269662919008e-01
9.218079096045198595e-01
9.207954545454546391e-01
9.191999999999999060e-01
9.177011494252874657e-01
9.154913294797687451e-01
9.134883720930231377e-01
9.119298245614030352e-01
9.105882352941173652e-01
9.082840236686392510e-01
9.044047619047621556e-01
9.013173652694610460e-01
8.989156626506026315e-01
8.974545454545451717e-01
8.954878048780484656e-01
8.923926380368100153e-01
8.883950617283948858e-01
8.849689440993786516e-01
8.812499999999998668e-01
8.774842767295595314e-01
8.740506329113924000e-01
8.710828025477707071e-01
8.673076923076926681e-01
8.636129032258063054e-01
8.589610389610392582e-01
8.541176470588234260e-01
8.502631578947369428e-01
8.451655629139069870e-01
8.417333333333335554e-01
8.367785234899329794e-01
8.332432432432430591e-01
8.296598639455783353e-01
8.243835616438355274e-01
8.224827586206897578e-01
8.187499999999997558e-01
8.121678321678321710e-01
8.074647887323942452e-01
8.034042553191490521e-01
7.991428571428573768e-01
7.916546762589925512e-01
7.828985507246376541e-01
7.756204379562043894e-01
7.663235294117649588e-01
7.595555555555555394e-01
7.517910447761195769e-01
7.437593984962405091e-01
7.299999999999998712e-01
7.212213740458017774e-01
7.104615384615381446e-01
7.020155038759690047e-01
6.945312500000000444e-01
6.836220472440944773e-01
6.631746031746029724e-01
6.470400000000000595e-01
6.367741935483871574e-01
6.204878048780488875e-01
6.047540983606556342e-01
5.887603305785122920e-01
5.686666666666666536e-01
5.420168067226892594e-01
5.025423728813559476e-01
4.769230769230768385e-01
4.551724137931034697e-01
4.299130434782608701e-01
4.087719298245613420e-01
3.768141592920353222e-01
3.432142857142856940e-01
3.183783783783783461e-01
2.954545454545454697e-01
2.779816513761468322e-01
2.631481481481481866e-01
2.271028037383178155e-01
2.037735849056604154e-01
1.881904761904761858e-01
1.661538461538461242e-01
1.436893203883495562e-01
1.252941176470587503e-01
1.077227722772277629e-01
9.199999999999995681e-02
8.585858585858584247e-02
8.632653061224485058e-02
8.144329896907213928e-02
7.708333333333332316e-02
7.410526315789478513e-02
6.829787234042551669e-02
6.344086021505375428e-02
6.413043478260870012e-02
5.758241758241756242e-02
5.266666666666666025e-02
4.943820224719101819e-02
4.909090909090910865e-02
4.091954022988508050e-02
3.558139534883722477e-02
3.482352941176469069e-02
3.166666666666664853e-02
2.843373493975902971e-02
2.878048780487806046e-02
2.567901234567902119e-02
2.524999999999999120e-02
2.354430379746835431e-02
2.153846153846152717e-02
2.181818181818181643e-02
2.210526315789473895e-02
1.866666666666665433e-02
1.864864864864864552e-02
1.808219178082192194e-02
1.749999999999999126e-02
1.718309859154928954e-02
1.714285714285713330e-02
1.652173913043477466e-02
1.647058823529410840e-02
1.641791044776119701e-02
1.666666666666665950e-02
1.661538461538460479e-02
1.687500000000000111e-02
1.682539682539681281e-02
1.709677419354837732e-02
1.704918032786885418e-02
1.700000000000000816e-02
1.694915254237287783e-02
1.724137931034483429e-02
1.719298245614036061e-02
1.750000000000000513e-02
1.672727272727272951e-02
1.666666666666665950e-02
1.698113207547169781e-02
1.730769230769231559e-02
1.686274509803922100e-02
1.400000000000000376e-02
1.387755102040817007e-02
1.375000000000000180e-02
1.404255319148936185e-02
1.391304347826086488e-02
1.377777777777777768e-02
1.318181818181817649e-02
1.348837209302325771e-02
1.380952380952381320e-02
1.365853658536585885e-02
1.350000000000000505e-02
1.384615384615385004e-02
1.368421052631578483e-02
1.351351351351351253e-02
1.222222222222222460e-02
1.200000000000000198e-02
1.235294117647058910e-02
1.272727272727272423e-02
1.312499999999999951e-02
1.225806451612903095e-02
1.266666666666666635e-02
1.172413793103448468e-02
1.214285714285713927e-02
1.259259259259259099e-02
1.307692307692307453e-02
1.200000000000000025e-02
1.000000000000000021e-02
9.565217391304345687e-03
9.090909090909092202e-03
9.523809523809522934e-03
8.999999999999999320e-03
8.421052631578947179e-03
8.888888888888890616e-03
9.411764705882353851e-03
1.000000000000000021e-02
9.333333333333332371e-03
8.571428571428570120e-03
9.230769230769231629e-03
9.999999999999998473e-03
1.090909090909090995e-02
1.200000000000000025e-02
1.111111111111111154e-02
7.499999999999999722e-03
5.714285714285714281e-03
3.333333333333333114e-03
4.000000000000000083e-03
5.000000000000000104e-03
6.666666666666666227e-03
0.000000000000000000e+00
0.000000000000000000e+00
