-.8699622060813192
-.8668928416150096
-.8622709744351768
-.8560851762190478
-.8483343548636606
-.8390355769559233
-.8282333894218982
-.8160099130695463
-.8024947739971829
-.7878737589313097
-.7723949764754822
-.756371329872711
-.7401782978885117
-.724246389903331
-.7090481599552277
-.6950802616535949
-.6828416030384408
-.6728091167064185
-.6654129220179441
-.6610126976861637
-.659876932257044
-.6621664426068183
-.6679232221450087
-.6770653570877287
-.6893884494779592
-.7045736900673325
-.7222023921849275
-.7417763948345787
-.762743267430361
-.784524744898152
-.8065463787394176
-.828266115884098
-.8491995069827846
-.8689395442320336
-.8871697109369933
-.9036695976614928
-.9183132659725186
-.931061277210263
-.9419478380988584
-.9510647901377038
-.9585441885679716
-.964541030374093
-.9692173764131174
-.9727287504631856
-.9752133531741709
-.9767843431668127
-.9775252273357911
-.9774882633734968
-.9766956912850036
-.9751435522655887
-.9728077978614943
-.9696523204094837
-.9656384375224534
-.9607352412697808
-.9549300921001447
-.9482384251229933
-.9407119752905779
-.9324445505653154
-.9235746106757586
-.9142841478341329
-.9047936963909775
-.8953536808852325
-.8862326922509037
-.8777036038204704
-.8700286565966545
-.8634447316188503
-.8581499843269449
-.8542928602045025
-.8519642736402373
-.8511934469399267
-.851947603648343
-.8541354123864459
-.8576138005404834
-.8621975147940877
-.8676706117573697
-.87379893279975
-.8803425685104779
-.8870673611073976
-.8937546285989448
-.9002085099149729
-.9062605993411804
-.9117718258954012
-.9166318011262727
-.9207560752234482
-.9240818859528543
-.9265630515293414
-.92816465373362
-.9288580968223177
-.9286170301413373
-.9274145057316483
-.9252216200536793
-.9220077688908983
-.9177425288230557
-.9123990661270722
-.9059588622588184
-.8984174334496565
-.8897906134206065
-.8801208707564134
-.8694830589217404
-.8579889631756445
-.845790030496098
-.8330777573157253
-.8200813678311606
-.8070626335064192
-.7943079405312872
-.7821179753777087
-.7707956344638456
-.7606329410092447
-.7518978492174083
-.7448218256812293
-.7395890271241907
-.7363277594612633
-.735104727555728
-.7359223886778722
-.7387195211899824
-.7433749230331066
-.7497139676743655
-.7575175730769664
-.7665329892894364
-.7764856936869643
-.7870916137848757
-.7980688891780061
-.8091484444696961
-.8200827726825696
-.8306525113013523
-.8406706089665456
-.8499841026690864
-.8584737259310601
-.8660517260652484
-.8726583701975976
-.8782576622187434
-.8828327817221538
-.8863817025625145
-.888913366574625
-.8904446902650619
-.8909985793657506
-.8906030250749798
-.8892912605477417
-.8871028685637219
-.8840856523510697
-.8802980128278873
-.8758115199764331
-.8707133282704573
-.8651080717894091
-.8591188896275191
-.8528872805403249
-.8465715681813061
-.8403438707924443
-.8343856027581313
-.8288816766379835
-.8240137074045019
-.8199526301352948
-.8168512158090373
-.8148369995483513
-.8140061198301881
-.8144185093254215
-.8160947854607211
-.8190150708816345
-.8231198405988452
-.828312753220278
-.8344652873186802
-.8414228794831589
-.8490121568646279
-.8570487828296272
-.8653453974317512
-.8737191400570538
-.8819982910175064
-.8900276581459137
-.8976724544371302
-.9048205501560952
-.9113831221492972
-.9172938493544849
-.9225069045597009
-.9269940607015905
-.9307412629373412
-.9337450175713831
-.9360089212707704
-.9375406062272232
-.9383493165579873
-.9384442647920367
-.9378338495968284
-.9365257500389279
-.9345278493269197
-.9318498831036603
-.9285056548640055
-.9245156154872247
-.9199095676286854
-.9147292321450295
-.9090304066286109
-.9028844589953173
-.896378934137429
-.8896171089599578
-.882716407868186
-.8758056811922826
-.8690214448522109
-.8625032710764534
-.8563885974828558
-.8508072770876314
-.8458762192985385
-.8416944694907132
-.8383390435504545
-.8358617778314255
-.8342873802927728
-.8336127822004662
-.8338077989330167
-.8348170201104744
-.8365627698367688
-.8389489129016277
-.8418652369261096
-.8451921169432238
-.8488051693625125
-.8525796261740828
-.8563942048351179
-.8601343096533629
-.8636944701300051
-.8669799933653326
-.8699078741912538
-.8724070622361328
-.8744182255131676
-.8758931733173234
-.8767941071946928
-.877092859115352
-.8767702534175569
-.8758156967982046
-.874227061874103
-.8720108877031423
-.8691828779188318
-.8657686363461904
-.861804543565772
-.8573386482934031
-.8524314270537428
-.8471562567118637
-.8415994488376303
-.8358597136691015
-.8300469544852498
-.8242803388828222
-.8186856485827496
-.8133919693666465
-.8085278420151109
-.8042170478715526
-.8005742435782934
-.7977006845242629
-.7956802832015907
-.7945762364732789
-.7944284259575763
-.7952517510160173
-.7970354978508483
-.7997437851858866
-.8033170613599205
-.8076745638547113
-.8127175946346972
-.8183334172425056
-.8243995479263563
-.8307881959084574
-.8373706087792273
-.8440210979263866
-.850620554160585
-.8570593118895123
-.8632392765956922
-.8690752895081334
-.8744957596992415
-.8794426425190893
-.8838708806489242
-.8877474479972481
-.8910501466359864
-.8937663038275733
-.8958915018053522
-.8974284498374213
-.898386078959728
-.8987789072801159
-.8986266903698413
-.8979543391149034
-.8967920583577638
-.8951756353500714
-.8931467888921372
-.8907534792808235
-.8880500767681686
-.8850972926807067
-.8819617926279064
-.8787154345931077
-.875434104624658
-.872196157049568
-.869080501741143
-.8661644147843864
-.863521177721012
-.8612176716358857
-.8593120636046291
-.8578517233418608
-.8568714972015192
-.8563924459288969
-.8564211235629235
-.8569494401071739
-.8579551129067978
-.859402674120121
-.8612449672109358
-.8634250366638258
-.865878294295491
-.8685348340836687
-.871321766038119
-.8741654480876363
-.8769935121666489
-.8797366047911971
-.8823297909737449
-.884713600587533
-.8868347255001288
-.8886464014899357
-.8901085292032501
-.8911876019405366
-.8918565143336148
-.8920943251143151
-.8918860398578734
-.8912224668945274
-.8901001828599248
-.8885216250677123
-.886495307541611
-.8840361376232251
-.8811657920011161
-.8779130961216776
-.8743143404460233
-.87041346191521
-.866262019999002
-.8619189041637055
-.857449723350104
-.8529258473993834
-.848423094036102
-.8440200812437634
-.8397962915175222
-.8358299192565406
-.8321955932522241
-.8289620809465408
-.8261900885112086
-.8239302701295443
-.8222215511567832
-.8210898537808596
-.8205472916735224
-.820591873617539
-.8212077272002702
-.8223658244704553
-.8240251640197135
-.8261343401558394
-.8286334112680661
-.8314559673257904
-.8345312913846016
-.8377865121183421
-.841148653292852
-.8445465007369388
-.8479122262846795
-.8511827295877272
-.8543006807291387
-.8572152673829468
-.859882668274445
-.8622662887054207
-.8643368031781715
-.8660720544231619
-.867456857592439
-.8684827535781382
-.8691477471798937
-.8694560551782589
-.8694178773589984
-.8690491912695416
-.868371560017597
-.8674119326878849
-.8662024097613877
-.8647799418977838
-.8631859299913424
-.8614656976805621
-.859667814340361
-.8578432565673578
-.8560444085453216
-.8543239154588632
-.8527334181400162
-.851322210137572
-.8501358691856428
-.8492149225678904
-.8485936093446558
-.8482988013936245
-.8483491396589082
-.8487544322457987
-.8495153477302415
-.8506234212531254
-.8520613738209133
-.8538037280184955
-.8558176873368403
-.8580642327010924
-.8604993795290452
-.8630755324515647
-.8657428730450916
-.8684507185540242
-.871148796245272
-.8737883880390642
-.876323312443417
-.878710724468841
-.8809117279503106
-.8828918074530223
-.8846210977452376
-.8860745169773017
-.8872317947784802
-.8880774283260298
-.8886005981749903
-.8887950716118399
-.8886591150366594
-.888195429034857
-.8874111110879267
-.8863176420322646
-.8849308841260534
-.8832710715924129
-.8813627693502929
-.8792347727808555
-.8769199211129494
-.8744547994731456
-.8718793097578449
-.8692360979583105
-.8665698349080492
-.8639263579483815
-.8613516919104824
-.8588909782094608
-.8565873498650762
-.8544807971203319
-.8526070724029143
-.8509966842676452
-.8496740275328406
-.8486566912125197
-.8479549774383834
-.8475716539671354
-.8475019508499502
-.8477337992684413
-.8482482983076807
-.849020384388908
-.8500196689594733
-.8512114034063605
-.8525575263858272
-.8540177479759812
-.8555506271542259
-.8571146037473889
-.8586689526813759
-.8601746364161016
-.861595040164741
-.8628965831338616
-.8640492069125825
-.8650267487287381
-.8658072121760513
-.8663729509716922
-.8667107822803363
-.8668120452579364
-.8666726179878532
-.8662929022769595
-.8656777812988106
-.8648365503031642
-.8637828160482774
-.8625343567177077
-.8611129312605219
-.8595440256597721
-.8578565237954726
-.8560822924033062
-.8542556730774532
-.8524128791226904
-.8505913009927354
-.84882873061385
-.8471625215628924
-.8456287082904268
-.8442611128086205
-.843090471019209
-.8421436127640636
-.8414427295066151
-.8410047612266098
-.8408409297334145
-.8409564394358111
-.8413503590492551
-.8420156892808253
-.8429396127774345
-.8441039141430573
-.845485550187121
-.8470573442499828
-.8487887738463207
-.8506468182212978
-.8525968318226694
-.8546034110925158
-.856631225164715
-.8586457856822732
-.8606141365924156
-.8625054509541623
-.8642915280107014
-.8659471895778217
-.8674505797899396
-.8687833761339305
-.8699309223089873
-.8708822947180993
-.8716303143774434
-.8721715148779123
-.872506074982003
-.872637721779111
-.8725736073734217
-.8723241591670856
-.8719029012351971
-.8713262423369517
-.8706132249802937
-.8697852297940457
-.8688656303178891
-.8678793951644519
-.8668526372195485
-.8658121129265153
-.8647846784823789
-.8637967136450238
-.8628735274781236
-.862038763418103
-.8613138232438776
-.8607173306365006
-.8602646548857928
-.8599675138848966
-.8598336729040514
-.8598667519025532
-.8600661495598436
-.8604270870863776
-.8609407695571014
-.8615946573529691
-.8623728356409351
-.8632564659692383
-.8642243012350702
-.8652532436446083
-.8663189248858231
-.8673962885315187
-.8684601565535629
-.8694857645535794
-.8704492536396933
-.8713281105113678
-.8721015509578952
-.872750845353534
-.8732595876078745
-.8736139112264804
-.873802657545822
-.8738175017928637
-.8736530424195132
-.873306858275655
-.8727795367644854
-.8720746743614627
-.8711988489869349
-.8701615619216483
-.8689751454525132
-.8676546314158208
-.8662175754095813
-.8646838317677549
-.8630752754599738
-.8614154688705238
-.859729273826555
-.8580424121362783
-.8563809810638866
-.8547709333761542
-.8532375345975107
-.8518048126617297
-.8504950170298204
-.8493281053793802
-.848321276043409
-.8474885634385376
-.8468405117995342
-.8463839397267159
-.8461218045177173
-.8460531712088114
-.8461732869422665
-.8464737569693881
-.8469428145538649
-.8475656734931418
-.8483249491225071
-.8492011316491451
-.8501730945603966
-.8512186206741869
-.8523149290974674
-.8534391878201507
-.8545689987404539
-.8556828444040563
-.8567604884402651
-.8577833243916253
-.8587346701751555
-.859600007630888
-.8603671683949142
-.8610264686147361
-.8615707957876868
-.8619956512774769
-.862299151918347
-.8624819936508867
-.8625473794691652
-.862500913225994
-.8623504601706607
-.8621059745977435
-.8617792947611744
-.8613839053195356
-.8609346680568793
-.8604475224608652
-.859939158892113
-.8594266684667304
-.8589271752913751
-.8584574582107433
-.8580335706159063
-.8576704679856203
-.8573816535727994
-.857178852910607
-.8570717275361515
-.8570676374930006
-.8571714607970597
-.8573854761952376
-.8577093133110129
-.8581399717830269
-.858671908409101
-.8592971887635416
-.8600056974111833
-.8607853988325965
-.8616226396108995
-.8625024813875507
-.8634090536097051
-.8643259151621026
-.8652364145602189
-.8661240394027706
-.8669727471383054
-.8677672707730123
-.8684933948086894
-.869138198328218
-.8696902636312797
-.8701398500769137
-.870479033750183
-.8707018142061557
-.8708041898548377
-.8707842035636708
-.8706419598227921
-.87037961441474
-.8700013370393997
-.8695132468564418
-.8689233205083555
-.8682412719546435
-.8674784034428191
-.866647427204123
-.8657622580060549
-.8648377775078953
-.8638895724110577
-.862933649611115
-.8619861328608253
-.8610629467481179
-.8601794949782914
-.8593503409261424
-.8585888991019529
-.8579071464834329
-.8573153625559343
-.8568219063557277
-.8564330378364997
-.8561527895179601
-.8559828926953845
-.8559227605800759
-.8559695287088978
-.8561181509196789
-.8563615472514714
-.8566907983985598
-.8570953799130235
-.8575634282786333
-.8580820303090541
-.8586375270676795
-.8592158236493286
-.859802696664504
-.8603840920632869
-.8609464069513848
-.8614767502004178
-.8619631778519167
-.8623949004790569
-.8627624607324761
-.8630578802033804
-.8632747754541528
-.8634084435798985
-.863455917979625
-.8634159951568806
-.8632892333749849
-.8630779239102359
-.8627860355317526
-.8624191327434404
-.861984268301696
-.8614898506126802
-.8609454868431421
-.8603618029614057
-.8597502424559962
-.8591228461374077
-.8584920161773006
-.8578702683297482
-.8572699770529391
-.856703118944482
-.8561810204575394
-.8557141162226112
-.8553117244159608
-.8549818454600402
-.8547309899012006
-.8545640405917811
-.8544841533328082
-.8544926989528887
-.8545892484658809
-.8547716015325012
-.8550358570226356
-.8553765231096193
-.8557866630940691
-.8562580721123109
-.8567814790788003
-.8573467676726695
-.8579432099172759
-.8585597059123244
-.8591850235381203
-.8598080324243195
-.8604179271142356
-.8610044351071273
-.8615580062698435
-.8620699809230788
-.8625327346798117
-.8629397988070955
-.8632859554715004
-.8635673076998442
-.8637813242395638
-.8639268597476554
-.8640041508935707
-.8640147890566688
-.8639616703635621
-.8638489238763788
-.8636818188385659
-.8634666520340628
-.8632106165344968
-.8629216534043308
-.8626082883022391
-.862279455345056
-.861944311065751
-.8616120417689629
-.8612916680313931
-.860991850472325
-.8607207011950639
-.8604856054406419
-.860293057975055
-.8601485185343896
-.8600562902731957
-.8600194246071453
-.8600396551298181
-.8601173624446238
-.8602515708245022
-.8604399766384138
-.8606790075122628
-.860963910270053
-.8612888648726291
-.8616471208737242
-.8620311523747736
-.8624328270990215
-.8628435850283592
-.8632546220481812
-.8636570742109068
-.8640421985334259
-.8644015466567482
-.864727128182862
-.8650115610284903
-.8652482066640149
-.8654312886085318
-.8655559930051285
-.8656185504880175
-.8656162988672859
-.8655477263981929
-.8654124955781078
-.8652114475395979
-.8649465872015212
-.8646210494225026
-.864239046494231
-.8638057974352217
-.8633274397146403
-.8628109242606483
-.8622638948920277
-.861694553651758
-.8611115139057561
-.8605236434814331
-.8599399005359182
-.8593691652358049
-.8588200706703734
-.8583008366802068
-.8578191104375209
-.8573818176427674
-.8569950280903215
-.8566638390983697
-.8563922798974223
-.8561832395397345
-.8560384202482885
-.8559583173956838
-.8559422265225027
-.855988277006836
-.8560934912178249
-.8562538672611064
-.8564644827839144
-.8567196167777665
-.8570128859155681
-.8573373916981334
-.8576858745648605
-.8580508711390822
-.8584248709178699
-.8588004689605628
-.8591705114578096
-.8595282314490016
-.8598673723760432
-.8601822975922421
-.8604680843666217
-.8607206013202041
-.8609365685907963
-.8611136003406935
-.8612502294967495
-.8613459148480536
-.861401030830198
-.8614168405062503
-.8613954524236085
-.8613397621930632
-.8612533798102423
-.8611405439261529
-.8610060244753219
-.8608550152857378
-.8606930185191505
-.8605257230142592
-.8603588788169665
-.8601981703669841
-.8600490909536157
-.8599168211407536
-.8598061138789085
-.8597211889602953
-.8596656393252691
-.8596423514932092
-.859653442071659
-.8597002119027788
-.8597831189491625
-.8599017705190644
-.8600549349042764
-.8602405719740874
-.8604558817580701
-.8606973695798157
-.860960925891679
-.8612419186220585
-.8615352955922095
-.8618356943947886
-.862137557051778
-.8624352467811043
-.86272316429068
-.8629958611741377
-.8632481481901557
-.8634751964518677
-.8636726298193065
-.8638366070621615
-.8639638926303773
-.864051915127086
-.864098812815904
-.8641034657099989
-.864065513983717
-.8639853626219831
-.8638641723830479
-.8637038373027291
-.8635069491195908
-.8632767491566419
-.8630170683608068
-.8627322563793667
-.8624271007430288
-.8621067374257084
-.8617765542562332
-.8614420888591786
-.861108922991115
-.8607825753034694
-.8604683946923704
-.8601714564779335
-.8598964636806115
-.8596476556227722
-.8594287259748585
-.8592427521860841
-.8590921379921705
-.8589785703834341
-.8589029920554848
-.85886558996475
-.8588658001872141
-.8589023288476978
-.8589731884657226
-.8590757486688465
-.8592067998701429
-.859362628205646
-.8595390997893968
-.8597317521741309
-.8599358908068581
-.86014668823923
-.8603592838881742
-.8605688822354524
-.8607708474963027
-.8609607929666169
-.8611346634641597
-.8612888095015533
-.861420052057475
-.8615257370397118
-.8616037787532456
-.8616526918944221
-.8616716117865701
-.861660302753152
-.8616191546932267
-.8615491680832447
-.8614519277821209
-.8613295661662659
-.8611847162702759
-.8610204557588295
-.8608402427060774
-.8606478443089965
-.8604472598076507
-.8602426390234666
-.8600381980505524
-.8598381337381009
-.8596465386769259
-.8594673184434063
-.8593041128535814
-.8591602229342615
-.8590385452240454
-.8589415148745757
-.8588710588330486
-.8588285601553188
-.8588148342314564
-.8588301174110157
-.8588740682036731
-.8589457809134828
-.8590438112532438
-.8591662131906104
-.8593105860098864
-.8594741303417252
-.8596537117241014
-.8598459301166416
-.8600471936989261
-.8602537952417456
-.8604619893462049
-.8606680688949655
-.8608684391471736
-.8610596880272118
-.861238651300223
-.8614024714873806
-.8615486495444772
-.8616750885028198
-.8617801284469135
-.861862572375533
-.8619217026592502
-.8619572879672306
-.8619695806889983
-.8619593050234369
-.8619276360485147
-.861876170222029
-.8618068878967927
-.8617221085632557
-.8616244396579654
-.8615167198960154
-.8614019581973075
-.8612832693768347
-.8611638078544119
-.8610467007050292
-.8609349814130026
-.8608315257072268
-.8607389908377127
-.8606597596028097
-.8605958903508627
-.8605490740598934
-.8605205994461456
-.8605113268704261
-.8605216716051894
-.8605515968014139
-.8606006162597912
-.8606678068733734
-.8607518303766004
-.8608509638163203
-.8609631379610826
-.8610859826917254
-.8612168782738511
-.8613530113044366
-.8614914340522662
-.8616291258751281
-.8617630553944327
-.8618902421374155
-.8620078164146666
-.8621130762820858
-.8622035405367059
-.8622769968104602
-.8623315439503625
-.8623656280037787
-.8623780712601745
-.8623680939334277
-.8623353281997688
-.8622798244346791
-.8622020496172914
-.8621028779930259
-.8619835742046932
-.8618457692193804
-.8616914294931994
-.8615228199281019
-.8613424612836458
-.8611530828103426
-.8609575709680048
-.8607589151796812
-.8605601516462894
-.8603643063055815
-.8601743380583075
-.8599930834012247
-.859823203598344
-.8596671354865751
-.8595270469488057
-.8594047979965058
-.8593019082865301
-.8592195317553741
-.8591584388923552
-.8591190069956528
-.8591012185672304
-.8591046678103255
-.8591285750025507
