-.4642280476805405
-.47909191002258933
-.5016475247770223
-.5311776517830524
-.5667525439310599
-.6072503854647474
-.6513880120378426
-.6977629491534527
-.7449058126230914
-.7913399906204628
-.8356437738866963
-.8765091469181727
-.9127915330440058
-.9435458767174405
-.9680462814217115
-.9857885821020624
-.996477270587449
-.9999997551443199
-.9963918278277316
-.9857984178898244
-.9684333473624482
-.9445410740734491
-.9143625201166165
-.8781062211774865
-.835925321397878
-.7879004514953785
-.7340282929927661
-.6742156514047408
-.6082791312506969
-.5359510281516284
-.4568928473024693
-.3707189630915371
-.27703440682839514
-.17549265960313726
-.06588163636185732
.05175136713065721
.17692259138290503
.3084682825570223
.4442226832840267
.5806150426153592
.7122059072666976
.8312267834655278
.9272591512477386
.9872875206244096
.9964630120986596
.939954463663368
.8061323399669647
.5909094865205573
.3023464055358958
-.036120729811211526
-.38570700837180344
-.6966655337428459
-.916499440418792
-.9999535415082393
-.918505831930995
-.6682718965270218
-.27659030423355474
.1928276850373337
.6395868434161923
.9394423471677942
.9794011140801625
.7120785651149499
.20116252762767886
-.38378843615990915
-.835750893912192
-.9999554518847215
-.8275635454684845
-.3771536322652898
.2103308328259105
.7390971432896878
.9960410194248134
.8278177146098737
.25610461912501203
-.46056404748524205
-.940400816973347
-.9232191023395467
-.42801946028173254
.28583229169697344
.8581168212488356
.9749981021807634
.5267035322373299
-.26179667312621524
-.8927715663583423
-.9290791987739002
-.3389757457541744
.4792475050539053
.9760302178375623
.7979584972279272
.037562731107308005
-.762948154922658
-.9767500099015943
-.41475437776003093
.48429018100025795
.9922923784996357
.6770018156834157
-.2173177984714536
-.929285847905845
-.8224256175755246
.02899787864207751
.86076198961931
.8840367392326205
.05554117668611593
-.8288270741367102
-.9036958825190432
-.08210683617330378
.8311465606482226
.8814465616582611
-.01251855190950437
-.8927475744934341
-.8132007359380857
.1461214813871826
.953048711258678
.6744479572457077
-.3958896893977016
-.9997649829502095
-.4398021651525386
.6381344712975571
.9573293155573103
.084899311028941
-.8955324995469862
-.7495536108597521
.33000723885746164
.9995002745378568
.3646565103821008
-.7621177663729822
-.8644404773834354
.17836552425344424
.9879694552566365
.44668915319264757
-.7282677688965931
-.8690586425921522
.20757118216013073
.9959468304081059
.355536896311315
-.8138706301587433
-.7720084549760818
.4048684115080215
.9881603782122597
.08400487757373883
-.9530332504392225
-.5122966199570849
.7138645205879974
.8424344788613163
-.35798821569518136
-.9851492703242261
-.029213063731603883
.9727301500307641
.4104778493523225
-.8295144526866997
-.6887173702445417
.5940426524082896
.8937727429239589
-.30734169901464736
-.9852572698813885
.028062271796874243
.9929177469381257
.2522534039259297
-.9304431097604554
-.47216230647833546
.8181858359166808
.6660321333408559
-.6739873615728469
-.7986681917320575
.5229434344951087
.897926060619284
-.36295867205970084
-.9561759636025425
.22272449000234457
.9884185737045516
-.08683524202566377
-.9995268946768188
-.021401628694533426
.9973941326896366
.11782371395203155
-.9877518443120952
-.1892118709800452
.9756702134732504
.24492788377513913
-.9641399654706644
-.2812564960672879
.9562206883313389
.29971766867667676
-.9528106281395158
-.3037294966594673
.9545038956673259
.28779290666164126
-.9612450716438026
-.26077917755810665
.9710641634323011
.21118095722923935
-.9830764398361997
-.15303763375777382
.9934370085360408
.06956654565133508
-.9996616142113098
.019250760621721996
.9972453630748185
-.13457859809716474
-.9814951140347546
.249664465338174
.9482662502706541
-.38804970806601596
-.8918815779011854
.5169588766875776
.8083088953903089
-.6582083184254829
-.6956236996964947
.7770913223893643
.5475927590937361
-.88766753533947
-.3743195240040369
.9610039763080745
.16396155069659657
-.9985825026075409
.053495947649954426
.9851797221178966
-.29610546293241186
-.9125682409281359
.5147393402722611
.780713796336299
-.7269856952865588
-.5872391443498881
.8803247057298818
.3385212154375046
-.9804469828122541
-.05976598541915382
.9960495747245882
-.24779768969334698
-.9194794251255156
.5253479027981124
.7533073411479544
-.776205191057291
-.4993115250753303
.9357929053856787
.18000855923383918
-.9999913559090379
.1616619062685936
.9425542210824293
-.5066489067587754
-.7572078474362212
.7763460747436168
.46857298873250625
-.958160664925003
-.10556251235927587
.9963222783591484
-.2891235354367679
-.8807549890514571
.6330739072667175
.6266289853258203
-.895191551656692
-.257213057898712
.9984835430098871
-.16671506895351904
-.9268127527750247
.5580544668410339
.6869097989662103
-.8647526329474701
-.30367886136382016
.9959619884848799
-.14627125666347035
-.9288265467114679
.5653084323725616
.6705685617700659
-.8824838737329603
-.25519552456853434
.9996652253601302
-.22252711023884672
-.8913501121149308
.6480044860707251
.5787842982180272
-.9362122778400592
-.1148950809531007
.9915038114611684
-.3837412996787603
-.795262965844731
.782250020233445
.3988616789795635
-.9901159418644508
.11383715665461924
.9311863145954409
-.6043613367441405
-.6088942359190799
.9227137346364352
.11962562872304186
-.987316778653963
.41145889843743744
.7669116635818903
-.8326513136102939
-.3066469723829756
.9991760149178481
-.24578018248776667
-.8599663566164083
.7240739408162298
.45689430604062875
-.9842182942762768
.10417310275907393
.9255920677966215
-.6358062099248314
-.5550485841203611
.9540557637488494
.0040175621721648055
-.9554056539155964
.555415432588207
.6323092045284763
-.9309201581238009
-.07574622636981378
.9759720668036568
-.5076631726966514
-.6667399113836245
.9077806139065557
.12127967759969703
-.9808756713783937
.47817570039715684
.6916575396192435
-.9043359083530588
-.12913252153125943
.9842774357060867
-.4808056553395407
-.6802756475902109
.9050922239806904
.116720342932891
-.9775972060113787
.5025475718263774
.6629180902676035
-.9245409798192045
-.06829464485980108
.9689421242162071
-.5519309738009479
-.6088918292375081
.9444458348328713
.0017210272938415622
-.9436776544563104
.6145017933274343
.5467088485202604
-.9725634008506276
.09679952167734278
.910646102949139
-.6969052120156071
-.44382282968470593
.9915421931596312
-.2122286167071018
-.8467062216707845
.7797607553434298
.3286491716401784
-.9998477450853419
.34915528215177993
.7672392219234766
-.8678944418398091
-.17248097211475283
.9862750036847546
-.4971640569367799
-.6417633236956874
.9374455685418507
.0030083913564093903
-.9371490927274009
.6457634757961183
.495570642312671
-.9879282939724088
.19489638892224734
.8551291232188335
-.7889067966544422
-.29870769429278876
.9989499378843487
-.39763336793852994
-.7154165493792476
.9023597717084016
.0844225459228031
-.9597106834068475
.5979077909667627
.5404240530240341
-.9802775473607385
.16213704618012037
.867486869497554
-.7791077892457201
-.30473108293687035
.9988183044630261
-.40785362890783944
-.7013332675206756
.9144470926087623
.0471461838761923
-.9458992666913378
.6404376913043743
.4866386764233867
-.9917877754563769
.2391939710564478
.8208937854931442
-.83513290867522
-.2056293442642087
.9873304266916123
-.513252212321651
-.6062953074112377
.9601827810760769
-.09451064384971075
-.8874023513470769
.751734398201417
.3375455875390662
-.9990892170459766
.4065706701701869
.701684649941722
-.9249621672944951
-.008872588273545276
.9340945036872447
-.6834371621634794
-.41914995523893833
.9983436824282798
-.32243428890829284
-.7529747002044237
.8891860351144039
.0911776010832419
-.9548817876137433
.63068490196148
.48484048733569407
-.993753672508161
.2699858862113422
.7933379803868478
-.8669342200867107
-.13167230795117119
.9691255382398373
-.5993243729919783
-.5091855069221092
.9885073905546544
-.23779003670635504
-.8036643716454783
.8533254110331896
.15783578371566642
-.9710900634720357
.5886756630458989
.5252357640012286
-.988404182874239
.23761775554951017
.8095416291850752
-.8561769952829316
-.14603414773793646
.9710824079257252
-.5974991681791489
-.5057872067034384
.9900133873441234
-.25340054350203395
-.7904263145510032
.8676210852903811
.12425782305225153
-.9609171509797756
.6246517589217323
.4810455900643694
-.9954067896996587
.2973153707370615
.7679211089618937
-.8916653971073926
-.06828033249705748
.9476760305924937
-.666653676913475
-.4225129810186172
.9991155329086584
-.35335562940361376
-.7187190182102202
.9187230630186719
.004520304725188707
-.9190515251907589
.719964225778762
.35902620300573007
-.9990572076339707
.4306364802671355
.6645726257489176
-.9504159618486234
.08878384735614014
.8836711543124548
-.7814975138178957
-.26227637782971247
.9911301750478678
-.515694929650357
-.5792695541515226
.9763595956375821
-.18783808805557056
-.8240796492391376
.8437587063170037
.16071253017311654
-.9681323687873672
.6113917325089218
.4875168112111504
-.9955583443391125
.30828646376940355
.754261614555713
-.9047613007777064
-.029252804194857367
.9310661935548704
-.708204755891955
-.3619087900173644
.9994537624515081
-.4304749194095912
-.6517735072357005
.9538031533271795
-.10492847063231725
-.8665046930269876
.8013063116275025
.230566860178196
-.9827986060309033
.5606053018593029
.5381896928655967
-.9888043911799516
.25936679596062684
.7844245850131494
-.8852026820794728
-.06890800474010132
.9435395065102449
-.6848249874596828
-.3885207251321987
.999966091611518
-.41088100317648857
-.6653287256904783
.9494475335366168
-.09405151720576749
-.870270505966182
.7989726998442404
.23114654759462752
-.9823231572631103
.5656244611309216
.5302408267222956
-.9905845086593066
.2745363268820325
.7724565955192443
-.8952488882026847
-.04381258634562759
.9337502845074217
-.7073656849298979
-.35671266500177434
.998957321463764
-.44741965520011523
-.6324798192085853
.9629252776274878
-.14292432026825286
-.8435688068085357
.8306244319776448
.17465612620679313
-.9692570272109245
.6163185555567319
.47327016074673445
-.9976324061452005
.34193785774965857
.7235346404792267
-.9266734772051117
.03483181703325378
.9015419225397464
-.764300526444442
-.27489684620387017
.9909692131501747
-.5273947501522208
-.5572563803699822
.9843482617215297
-.23990880489032324
-.7851908148561143
.8834544662000022
.06969691644318261
-.9371186318344201
.6988553805937141
.3713838466126878
-.9989465995543931
.44871573653473334
.6364973583384694
-.9653544935934726
.15699354401791007
.8404526914210465
-.8402114232353723
-.14881254607399158
.9648988344287867
-.6360760578611301
-.44018368565209587
.9991980554310389
-.37283874161508396
-.6901694850551301
.9411447910781037
-.0756651619733279
-.8758312926860649
.7969224702929522
.22751981081304698
-.9803239948900774
.5803541802022836
.5087270788800531
-.9944172994210667
.31154341911312833
.7424952207536702
-.9172998164105912
.015029481630001769
.9081338008142575
-.7565770130520547
-.2823958044258642
.9914341740663289
-.5274604091890701
-.5540434657827734
.985736036149739
-.25123726688817355
-.7756711457137611
.89230736103637
.04680829577111326
-.9276210649571602
.7200534278499329
.3397946874837271
-.9965610258137018
.48461460080423574
.6017108795170232
-.9766601215769526
.20694441991581797
.8097120821771293
-.8700765814810705
-.08851616681560062
.9460413531634556
-.6867017431287223
-.3759317998191836
.9994322613249773
-.44318356182000257
-.6302772828580053
.9659099585150294
-.16133309616447988
-.8294825661033047
.8489657101777535
.13391545030473664
-.9563396365828681
.659127457863043
.4167774437046402
-.9999996577427532
.4129853027361768
.6628963748857102
-.9569146163867032
.13175828278202234
.8514172994933581
-.831124236094703
-.16048883644198342
.9666829153611238
-.6338526883432747
-.4388499724915103
.9994317025790223
-.3824525728399519
-.6796563061725271
.9474321172161491
-.09880448208243688
-.8624680009657952
.815536549613049
.19266243483333917
-.971812951518766
.6151796535057109
.4671291340476829
-.99851558866306
.3633774853074988
.7015172585748847
-.9404859788358081
.08130896429045578
.8764020819118001
-.8028852687452535
-.20741750068828235
.9775550508292966
-.5976441241805962
-.4786897936884519
.9970102971806882
-.34237831226493237
-.709870279319751
.9335983737188728
-.058809650507311
-.8816735325689906
.7929347684371199
.2291490697443267
-.9797870876469805
.5868874268126464
.49745747972495274
-.996088954547938
.33257665393646635
.7239669333570107
-.9293430116655298
.05098447229881935
.8902211132676745
-.785297818945317
-.234728722016038
.9828978541405299
-.5761719511710276
-.5010831206870429
.9947954735123926
-.3195721083692616
-.7261799118524255
.9253116131145476
-.036949488762124554
-.8914968352677433
.7804031911706809
.2482540588897066
-.9834296541697354
.5720500256661887
.5125924610495757
-.9944408919585928
.3172721996252736
.7345531476387004
-.9237039822869911
.03677416293568785
.8962817934108652
-.7771737357183095
-.2466909851549728
.9849619912554296
-.5670688394751655
-.5101245618748435
.993758094997247
-.3108118689964033
-.7321234624527835
.9222711007597134
-.02952812149624434
-.8946183981425533
.7764954864632846
.2537520813618388
-.9843654641234051
.5682971406341073
.5160183000407876
-.9940575980813832
.31445904849780704
.7361591262113324
-.9229482927481044
.03536390451676557
.8966382661264318
-.7769208804339951
-.2465968841063166
.9848402518468989
-.5679890952328197
-.5087794172209953
.9939962748962884
-.3132717349794299
-.7300837084651545
.9236399587722056
-.03353773976088233
-.8926535457841268
.7795791747459716
.2485401930381203
-.9833401542318451
.5734011092215225
.5102610859270039
-.994799648500352
.3215537824843485
.7307335160751185
-.9261187908025351
.04406953366281219
.892523111724572
-.7829026889180458
-.23698375369144567
.9829849150632332
-.5768083012085531
-.49921900085817317
.9951914967402667
-.32456264837636256
-.7216925090553146
.9284052584183621
-.04655655036176246
-.8865795587892769
.7880784224818694
.23485421205857487
-.9806264396080229
.585394639207055
.49718387875642134
-.9962510128084662
.336391880990027
.7196258455004383
-.9321869857424505
.06072858879466289
.8846861935501877
-.793604355166659
-.2198246478492807
.9795177347478884
-.5916867609278854
-.4830666173722881
.9968645292154833
-.34269984565209793
-.708102166754064
.935562984092962
-.06663559369200538
-.8770038095873299
.80057984825013
.21444145425566136
-.976263969508711
.6025974777593258
.4781949128036456
-.9979111336104591
.3571824416471758
.7038059113312861
-.9401846976865097
.08359593787299126
.8736031085543097
-.8076987265646087
-.19667506261995096
.9744092775978533
-.6110713354686302
-.461567913370062
.9985125499618013
-.3660483533570082
-.6901605941412672
.9442054064326231
-.09220013170464961
-.8643265668319047
.8158681047618878
.18868848675075542
-.970195660599325
.6236031329595416
.4543886180597526
-.9992947733409075
.38245307802698947
.684002947621352
-.9492620376538796
.11125690192266936
.8595994797065135
-.8240617054636259
-.1687797412898058
.9675783567755818
-.6336717826789102
-.43570521317327926
.9996772983628686
-.3932671827978439
-.6685214056257025
.9535552155402023
-.1219709353987793
-.8488367139496955
.8329267210694723
.15871238053264095
-.9623413472974848
.647250139428696
.4266390693247672
-.9999788330046169
.41099763914963405
.6607919495744671
-.9587057364444904
.14255899021604385
.8429226172717247
-.8417633872123145
-.1371486609799706
.9589437641458294
-.6584285297316872
-.40627307591122036
.9999740932895407
-.4232594446438033
-.6437117386210687
.9629714785965016
-.1549035635815405
-.830765973602696
.8509228455561083
.12542512510238987
-.9526344174222511
.6725892183741822
.39566136438145777
-.9996194913836683
.44183069524366875
.6346463002394486
-.9679369624205603
.17655933411136226
.8237811227512538
-.8600486078863654
-.10261088557275581
.9484482626984005
-.6844795029696509
-.3739280626124207
.9990993625517056
-.4551300218398079
-.6161734151134978
.9719414855314626
-.19014190319208013
-.8103181484727094
.8691855817794839
.08957926872337743
-.9410372385487931
.6988513433214614
.3620520358906442
-.9979534137165573
.47414925306480765
.6059694540474281
-.976499320779761
.21248424355878798
.8023654911791116
-.8783139431483892
-.06585310250137283
.9360670067541779
-.7111292233783556
-.33922178512438805
.9968270127491494
-.4881503722807815
-.5862876983113764
.9800663074393049
-.22698241115476556
-.7876837630229276
.8871828741031432
.051800751354176416
-.927544947169227
.7254187277840187
.32631602690343275
-.9947910312032737
.5073009626603364
.5751139010057965
-.9840429403848163
.24969779255731497
.7788578178464127
-.8960847001809565
-.02744773915247036
.9218076875248691
-.7378213269733286
-.30262329007951433
.9929996009354495
-.5217294395792418
-.5543901842425736
.9870443498597402
-.2648462292777873
-.7630464967909043
.9044993903858346
.01261307783635602
-.912183293509592
.7517993671290716
.28888515629555284
-.9900064655990692
.5407578042762351
.5423925803777006
-.9903078349633827
.28767706920686076
.7534355367415372
-.9129935926001133
.012125995384614533
.9057066926198829
-.7641147439742679
-.26453469219945797
.9875176696167859
-.5553896184412738
-.5207798969464953
.992655164974457
-.3032570950585875
-.7365852528642466
.9208165139702476
-.027544389353583006
-.8950038460866157
.7776051460839237
.2501312142318121
-.983526635089978
.5740943047388931
.5080859179253978
-.9951081762473778
.3259923819212571
.7262721133784424
-.928761805017231
.05246592244563444
.8878237264771036
-.7896633700168659
-.22530252909883067
.98032906405079
-.5887468649522805
-.4857250584781326
.9967446363403136
-.3418235776967748
-.7084741092409149
.935894847388818
-.06830219527503184
-.8760784042804778
.8025332597618781
.21037564885604906
-.9753208719673018
.6069694834047324
.47244638936831096
-.998318235648711
.36429121588712143
.6975363710243594
-.9431826341780588
.09323410848208037
.8682362244045583
-.8141989037665645
-.18522637072633996
.9714191429508474
-.62149421174739
-.4494669968062261
.9992119981576337
-.38022460941102226
-.6788814185515927
.9495592569369649
-.10934943160381518
-.8554935923790045
.8263505977166589
.16989704968114192
-.9653916776887946
.6391118784628624
.4357017199018893
-.9998602560095643
.4022850902263875
.6673913716015396
-.9561076248068966
.13414653778597532
.8470342295503919
-.8375164769870621
-.14456562085490468
.9608022681824481
-.653388095497007
-.41222303209977396
.9999987895089043
-.41819758674539603
-.6479687288523786
.9616862987927821
-.15042447988320348
-.8333460932275907
.8488807186078248
.12893715991359872
-.9537668379732184
.670307129538924
.3980573459113741
-.9996942450542341
.43973870928962916
.6359933210809313
-.9674349876059832
.17496462378398028
