-.43156947361753717
-.44143164398480306
-.459462848546645
-.48507850854962553
-.517450408318699
-.5555289547145447
-.5980774348899182
-.6437194870129089
-.6909986281972724
-.738446056243538
-.7846507959446487
-.8283252137442103
-.8683592708790365
-.9038585125436635
-.9341632442778084
-.9588490054074503
-.9777107319303968
-.9907345226415141
-.998061553572099
-.9999485224268366
-.9967282798648515
-.9887732922946767
-.9764635217629855
-.9601593700581903
-.9401796040025144
-.9167836788059683
-.8901575847264217
-.8604022166691083
-.8275232611440788
-.7914216734330104
-.751883959712925
-.7085716863492331
-.6610099425747861
-.6085749536389367
-.55048180675226
-.4857745255533963
-.4133228546083927
-.3318336286547815
-.23989029477755044
-.1360431127624093
-.01898603081691213
.11212493916139794
.2571341115183569
.4140320151248423
.5776933184511325
.738196406495712
.8789612419056471
.9754704545429447
.9961720849443743
.907925634254683
.6878715187354341
.3401700565576345
-.09033393669081513
-.5197605288574868
-.8484428461393226
-.9961203719534844
-.9286095615486326
-.6629371302328361
-.2555212523923347
.21270571775747063
.6452559983331594
.9359143746798456
.984111684672737
.7325509427787851
.2202880071069192
-.3902071455159226
-.8612415853841812
-.9940095830980705
-.7290772964213668
-.16866595160560555
.4683783829744228
.9177172581313214
.9578562920111978
.5246436812868824
-.19673631689775198
-.8207479230654966
-.9869042518642238
-.5953134520322747
.13641677046842357
.7969263107172009
.9878894451513772
.5545044256710551
-.2559485166877334
-.8982922258537158
-.9194601588522585
-.3032405195141574
.5270394022513915
.9903307224740553
.7270888016328498
-.09960179118323473
-.8538091499476796
-.929744316519306
-.2665468014925818
.6127870309744501
.9994619426148139
.5437171666396382
-.3921202369769429
-.9829251874161837
-.698860645994016
.20959814973937035
.9351968968970387
.7928508772780827
-.11850270706330929
-.9167362906782764
-.8081754210613883
.10271405144160091
.9171387359784002
.7844073486145211
-.1927706199955422
-.9621512092759613
-.6793525039069908
.35116298776502985
.9960750911852476
.49227134406740414
-.5988291568840289
-.9741266145198201
-.1852321006395161
.8315253269755769
.8251562275243839
-.2327683867300822
-.9917625711071641
-.4753899922091833
.6554971531996485
.9311523998829501
-.048915781556880464
-.9630743481167868
-.564490629506907
.6028641890480533
.942585093561483
-.05069382550152304
-.9719539305464974
-.507847132786886
.6784402874820935
.8913322441204793
-.20919076426404445
-.9987513770156731
-.3131142993569922
.8355094895818281
.7353040867968736
-.49070913017693285
-.9620089178463399
.03389437358159375
.9804390636640119
.3984983203129592
-.8172291675647819
-.7355170088397642
.5065540930226727
.9442000522139602
-.15772684954820682
-.9998143371331196
-.20328353357606768
.9281332123165593
.510687070030931
-.7772306247977052
-.7397677295132525
.5524458002486248
.8996564761510024
-.3299864544371916
-.9763453196276599
.09255126582201798
.9998056664975513
.11030194219212691
-.9804410527965223
-.29117428518006266
.9260523881986119
.44117567943296043
-.868579709144788
-.5565848912468196
.788617463462328
.6553107550064753
-.7282324367988571
-.7208737842589695
.65271211600563
.7815367101668637
-.6053585524345766
-.8148837417465589
.5470950391257181
.8501675789310923
-.5187555828736538
-.863433965859758
.4821779888694134
.8817170660786392
-.4755270915503396
-.8809578099704902
.462482461778152
.8859111382421531
-.47980108095228324
-.8718890593440283
.4916761503397534
.8623777934334235
-.5347326639760556
-.8307893523459423
.5716736529112392
.8002508161633555
-.6390560267010091
-.7418301406364652
.6968896894097035
.6782167490307913
-.7791980902321727
-.5807655817315707
.8448755743013668
.4697416654195082
-.9195671840371357
-.3245547331643718
.9675307893513374
.158689376200967
-.9982591519060862
.028630373548678346
.992409241421901
-.2357576258078854
-.9393169966204227
.4357461105761157
.8450334718373095
-.6393299311986669
-.6866524406016431
.7997491446266404
.4914820264390771
-.9307398517027314
-.24611846165072557
.9924013029715681
-.020969457069790042
-.9863008198548365
.2918545823428584
.9069803486223809
-.5563207968683903
-.7405835461655098
.7669182004393518
.5175517689582253
-.9281185730599705
-.23075603959125857
.9963962204309561
-.08196394155849371
-.9691936783832168
.3912658607993395
.844437992863695
-.6777260016584585
-.6101784408465873
.8808936847071949
.30657007634694367
-.9924184680369627
.05130625359492336
.9734423878060444
-.4166353056801486
-.8117934231176247
.7226136302891455
.533866251237005
-.9386669143573385
-.15332970738935833
.9989577835375798
-.2617764313504478
-.886218565913376
.634102405115011
.6169179152294914
-.9075230025340604
-.2133760439319176
.9999962057181969
-.23714137509690614
-.8898496713088995
.6406976815180098
.5979775685532415
-.9229446360933578
-.16238079115659493
.9977008455952188
-.31145685454659877
-.846303077002143
.7131489160877037
.5069312597117617
-.9619390578395903
-.03671002039952293
.9793338063990837
-.44520389714011904
-.7563180917913915
.8153264555210818
.3548381796535048
-.9949375862330061
.14576346830745873
.9222961599301669
-.6163516294310659
-.6035003058066319
.9219872441019052
.13009597364040773
-.9901145158912026
.3870162012847804
.7885963613992605
-.8088185614673101
-.3522666193455638
.9954750280101199
-.1870147946179737
-.8913131139508998
.6745972942796865
.5204489225906116
-.9680014749418189
.026334655337859426
.952756416866181
-.571639848453656
-.6206619590241722
.9266273191354806
.08442613082503381
-.9759329110109378
.4879539603897808
.6904482433342963
-.9003733958872835
-.1507445720987745
.9894199741294566
-.4437607386607284
-.7189698719895512
.8751748657105819
.19180728646305936
-.9923547987953955
.41228845628311206
.7433725979040119
-.8692754555948683
-.20744764738686927
.9954586211466541
-.40451288246192746
-.7434390404521237
.8606839019208217
.21442829397593866
-.9942658917175609
.4031532643181944
.7457314842503198
-.8708394116190543
-.1974358626696415
.9935970902950253
-.42807706910760207
-.72025909563229
.8818549742480227
.16210075901073645
-.9855566771413792
.46930547626458574
.6858571001596552
-.9146197683040547
-.08939645850049709
.972201592617844
-.547548783199234
-.6089996259237539
.9469166303958043
-.016503615016168958
-.9350632273913917
.6398071924485785
.5088922125359453
-.9836549761340824
.15682064435388776
.8783029446886356
-.7545962235153446
-.3611436405082703
.9995711997155523
-.32174377042394714
-.7767869487975524
.8533301620498919
.19271501828916315
-.9863348454224787
.48773427800890784
.6521626549518164
-.9401304736115623
.0008290753492712991
.9399783601869497
-.6528265657821402
-.48403022864871287
.9872625534749268
-.2000340344022149
-.8465884073731043
.7878085476012703
.3008922886262474
-.9982645507635535
.39687802531102706
.7229369315373627
-.9045786657530636
-.08562394684822547
.9646079474042508
-.5937816940748446
-.5425807915086268
.9757077128556007
-.1472127438746577
-.8696190088025956
.7653435907124464
.32577569115606897
-.9990774851710302
.39220266825825867
.7185860124473378
-.9120467911357535
-.05600565574571345
.952588034083717
-.6370382188932454
-.4852028783100165
.9900636940869986
-.23821826332146157
-.8135001198594352
.8348318923124872
.201543735090808
-.983417503941942
.5248360670951195
.5978743040306691
-.9683203522067364
.12146669947362486
.8793107025283335
-.7743983188704412
-.3015889497454748
.9978194974706955
-.4388018540370749
-.6693727589811143
.9352255404571002
-.02359424134209793
-.9168511236203293
.7053103065565299
.39487028522157713
-.9998727158488151
.35106282090670027
.7402559158661944
-.9039576048626505
-.06315892810661053
.9514075914972095
-.6479865735467605
-.46371315548822234
.9943025123177247
-.2805439098948553
-.7817027050158136
.8673455028107938
.1308762799867917
-.9656651702240828
.5989247481811327
.5146733606136145
-.9898604318650004
.23891492190431993
.8093157501390812
-.856553888778858
-.15252723271070445
.973068806142151
-.5926923580679189
-.5156059620709832
.9878657188052836
-.24289272911658452
-.7990237043919234
.8582844583000878
.13892299970738725
-.9652387665690083
.6077239018390583
.49750845052940723
-.9934701025032612
.2736225556745971
.7831263209635995
-.8812130975147138
-.09742682594496568
.9571664011401899
-.6445103366316858
-.45474736459930354
.9965919308768676
-.31654555175029375
-.7492611250653218
.896921319754106
.05615755414769894
-.9398502133769522
.6730758499383493
.4202217945410757
-.9996475069416098
.3574206076939398
.7238474205773182
-.9207722453027553
-.005141125406647937
.9253783685650441
-.7159195576198084
-.3642880217390241
.9997966809316807
-.4159766576933548
-.6721225656229963
.9415530901853217
-.06416621336299681
-.8900141433354408
.7634614802860485
.29160700842366394
-.9931541066712289
.4926704296663572
.6061468648028325
-.9723812259848191
.16534538716608502
.8425589745238445
-.833658532076149
-.17849523645615858
.9755127654428848
-.5960155664698854
-.49924092078632937
.9925146369713816
-.28871621036835854
-.7610295920368257
.8939069882015598
.05195525782313747
-.9345654825720141
.692163820260305
.38627569370494974
-.9997809350059081
.4106371149427419
.675149917250546
-.9483210371038662
.08153427838645193
.8845780786781268
-.7853314715047046
-.25718817554958356
.9900233277995744
-.5297326744619006
-.566074729863804
.9798225813509867
-.21231055273136057
-.8091386964085622
.8567563797144131
.12843315515780754
-.9586638371605481
.6372937082455651
.4519182932032368
-.9987988267916242
.3486937623048066
.7212878010736073
-.9271734458481284
.0247521028363752
.9080386566857659
-.7543505816773838
-.2987624671218117
.9946819229631411
-.5015391827952325
-.5880986867758629
.9753861799746826
-.19734406101295732
-.8145008489281738
.855140010759765
.12569373681234872
-.9561981058073219
.6481568593802316
.4343066588216881
-.9997037626182127
.3760654983573012
.6973489856759048
-.9407221870972782
.06607000789002047
.8883759597887674
-.7847365983251235
-.2510551727280939
.9880232131471779
-.547054241331043
-.5433894231124063
.986059718174649
-.2519015342066539
-.7808341480536597
.8827644035559756
.06976795458774769
-.9384354671890213
.6891900421011781
.38374572884686237
-.99953081436911
.4260209869586665
.6568349922458614
-.9580112070748354
.12106926498250108
.8610576973102926
-.8191030388236942
-.1941640861127075
.9769020456182212
-.5984547536020118
-.4881918824095366
.9950244328879493
-.31979289082255247
-.7328422312688122
.91632995964436
-.011761830484465845
-.9057243057336332
.750807277843262
.2953630189750237
-.9917511807597513
.5156990142642361
.5725837371448642
-.983876211339561
.2335155544965023
.7945079903488595
-.8832955128352549
-.06985032294256278
.9411446546362942
-.6992878483304905
-.3669218120580729
.9993059488915769
-.44868096686899356
-.6305234942652062
.9636817186964466
-.15477105093107454
-.8359116907766673
.8374920947222245
.15450950333866
-.9631297461581245
.6324937752450714
.44923236243717624
-.9993152682534252
.36810779039607866
.7006961450517603
-.9404879964351497
.06958272985283248
.8847233535386624
-.7923224841646812
-.23464573240775574
.984392959635673
-.5696037336878758
-.5160021670109789
.9916799478836125
-.29440876123527526
-.748715570647862
.9077820008619453
.006600675682343383
-.91221134485425
.7422765120483188
.30520331709958726
-.9927008328973589
.5115065095064876
.5744272643477352
-.9839550277521324
.2366528614193253
.7908143291309095
-.8874173854505462
-.058170961514098306
.9360618226549268
-.7118510252157788
-.3476734017032194
.9981369441703728
-.4726385762239119
-.6070438941793792
.9719975271039695
-.19072620790489347
-.8136485873564727
.859975380025615
.10888443963570273
-.9488375435098988
.6717561043489741
.39917426193573663
-.9997784614682687
.42380681483100147
.6536153147296959
-.9610481880473036
.13812019166622289
.8488892702253636
-.8356033496110526
-.159732259376196
.9673897775412776
-.6347900082910654
-.4430611484615006
.9990500232633609
-.3772484288183622
-.6866971570362737
.9421714008969543
-.08685095158968693
-.8694067672001151
.8031803846148364
.20994305006502206
-.97575185237601
.5954989620599371
.4868265233785315
-.9972192388139672
.33787305532658174
.7200572851792312
-.9326259965096407
.0525148266908253
.8903073349879186
-.7879291426960574
-.23669669856034783
.9839136413858475
-.5755952921136468
-.5058730903927816
.9936245296628066
-.3136296069918741
-.732676881045238
.9189574805493949
-.02427788025943429
-.8978697788929122
.7662197225377639
.26763419932592825
-.9868728838077199
.5481508542813283
.5367306076009063
-.991233707221315
.2830908878276018
.7593796370138657
-.9097622364645934
-.0064011575576923396
.9160077327266806
-.7490365231953813
-.29545235059566893
.9930863714759158
-.5230369378917372
-.5591385478615498
.9844506241258659
-.25184349263293765
-.7748205263326456
.8917328109971852
.040440812786356105
-.9242282755667599
.7238945129421692
.3281907726630822
-.9950238414487415
.4960334462448983
.5867654805155545
-.9817002385530814
.22775368342649271
.7946694001946759
-.8858161495421246
-.05861259451668095
.9351730678569118
-.7156660165347278
-.33973427978840404
.9973640733610143
-.4855129427537536
-.5928879700163917
.9767056949916315
-.21447743545022785
-.7974638595586035
.875201378212079
.07488090732165795
-.9364176929881249
.7012161045813197
.358280607641306
-.9976631969645967
.4689368859324741
.6116971379233651
-.9752979619205345
.19741408749909503
.8134819988204501
-.870458389736431
-.09085544305647798
.9463995013194061
-.6915634767705838
-.37176299054527673
.9992957967515291
-.45376849938564146
-.6216905592607508
.9681339766060736
-.17760089238075263
-.8196397909944764
.8562375097755934
.11306076867153633
-.9491131288050879
.6737454620400518
.393352850223087
-.9995161498796707
.43643497163468054
.6397722637345391
-.9669505599153897
.1641538375979296
.8321927267598198
-.8543832721940913
-.1208939031095505
.9553729463135592
-.6712638435002308
-.3958368243103337
.9999182689162869
-.43269568454315416
-.6387233534344128
.962752322659556
-.15825136093617423
-.8300055578820803
.8471813056820617
.1295113477595054
-.9539366383015677
.6626033735592792
.4067917271737971
-.9998578327845996
.42386511850446545
.6504804917160056
-.9632717846166488
.15023634552835777
.8401565256774837
-.8465266033099504
-.13601088485728208
.9599439810002104
-.6589135532780774
-.4113711350570673
.9999881006692635
-.41603901435125523
-.6530883435719271
.9573331537344432
-.13846114058345096
-.8411442322692103
.8360791427102412
.15025918201904842
-.9600153768316397
.6468266386266038
.4258153899887848
-.9999929304029247
.4055435238914603
.6653942208264053
-.9579381899609852
.1320606839084827
.84961422528939
-.837443351586087
-.15159238641203307
.9639893292764861
-.6484450221749434
-.4228540216266401
.9998644172716558
-.40637703316774626
-.6602164524102909
.9548583326667253
-.13095020170354266
-.8447086346628254
.8328828551661325
.1553693189036335
-.9612695842136348
.6437912661073099
.4291174216650049
-.9999747180599478
.40267463485557264
.6677375940850843
-.9570171271851844
.12880029367745147
.8514993786021623
-.8352906344666594
-.1558026737923147
.9652430981769076
-.6444090342445155
-.42805854047342734
.9997404307032505
-.40004841681425696
-.6657398056254102
.9524879981836255
-.12261150859927768
-.8493597879761617
.827832099983878
.1646499325496049
-.9638539666662728
.6364343092393008
.43780592991937906
-.9998618113558969
.3941925568386871
.6744164080191248
-.9544827745836256
.12079655235640477
.8554318843435914
-.8314605403365587
-.16189528069275108
.9666512377473472
-.6408211084581367
-.431508947417435
.9996676837073434
-.3980341510982435
-.6667489862011257
.9523182132290829
-.12278141281243207
-.8488929910000775
.8286917553298098
.16258563214156707
-.9631613865147536
.6387496289475589
.434814368717343
-.9999145761687285
.397589000707383
.6716416467686951
-.9555832217109494
.12436232839924559
.8536661407379983
-.8331956725776192
-.15912736498038166
.9660262949356758
-.6423600144617427
-.43009932428056435
.9996954485546682
-.3986056760483875
-.666625526481658
.9522348712411479
-.12208725783756899
-.849457241741835
.8279169758972582
.16422653716245056
-.9636605458621106
.6372267913121834
.4366543218392328
-.9998860710928736
.39584028936339244
.6729217222531754
-.9551462273186885
.12323599219342467
.8540473156916597
-.8330405591490725
-.15889155068448438
.9658163137118418
-.6434354574159202
-.42827528604528803
.9997578542952628
-.4016517836262272
-.6636813738955588
.9536224605920977
-.1272388604184229
-.846422112009684
.8314021035752207
.15757627387587883
-.9617354371756621
.642944901501276
.42966574901932686
-.9999743518020116
.4032044952622605
.6668862723612159
-.9575143844263421
.1311517786522776
.8499277228861792
-.837255735029876
-.15161883938612886
.9639552323017502
-.6485945240465791
-.4225291088807283
.9998715891971812
-.40678075405761016
-.6597998155386421
.9550572675651154
-.13166692901050608
-.8442313565941004
.8335099513254138
.15404167882504602
-.9608122388867614
.6453894026631478
.4268307705376663
-.9999917146173731
.4060531312059453
.6644620527853294
-.9584893944954279
.13472127284586993
.8478573434174164
-.8395711713458712
-.14707574613387414
.9625998175946017
-.6527807845047426
-.4171317219583175
.9999543309132585
-.4131657795375805
-.654182241852634
.9573862606101969
-.140069726532153
-.8394387799444666
.8386088741272375
.14441700469192642
-.9579859908842165
.6532083027828592
.4172390890788185
-.9999778790500318
.4158926211909739
.656262332624829
-.9615419197990926
.14540424815591307
.8421135127613064
-.8452767989534865
-.13686191053619098
.9598076774253594
-.6602305618052674
-.40847159149862655
.9999999436308082
-.42128572861158625
-.647698388722094
.9597306281425639
-.14795524492055942
-.8352720402653783
.842592115459269
.137310223742775
-.9559719998447503
.6583209695433707
.41111629347784123
-.9999116468664582
.42189003417099935
.6511835269060917
-.963385976952008
.15222433043782568
.8382366051922799
-.8492028034367263
-.12931806429106477
.9575388879993555
-.6664721879954308
-.40057053125624614
.9999619496372286
-.42987910131168733
-.6401857297149999
.962554001473721
-.15850362706026683
-.8291911458190362
.8486251999183393
.1257182828989771
-.9524086471058014
.667394756471561
.39977768687893106
-.9996669517311547
.43325037649335324
.6414822753941088
-.966715961053371
.16466811498911835
.8312972226673103
-.8557348135965366
-.11715643312074751
.953972128853832
-.6753293345341692
-.3898992036708476
.9997975192107063
-.4399516543238462
-.6318276078174194
.9653674865743883
-.1687449383875395
-.8235260168552355
.853781151435007
.11609548125044807
-.94948234134528
.6742841072917823
.3912716343206078
-.9993888527328431
