9.394646752452496585e+00 7.059999999999813269e+01
1.211993875998921233e+01 5.144999999999921414e+01
1.091628246144214920e+01 3.760000000000000142e+01
1.063635988476127991e+01 5.379999999999908056e+01
1.114363654529270242e+01 5.084999999999924825e+01
1.080341396942444554e+01 5.974999999999874234e+01
1.105218445968100838e+01 5.749999999999887024e+01
5.546834608975127701e+00 1.380000000000006111e+01
1.196957955389821748e+01 7.234999999999803322e+01
9.639559148516427811e+00 4.979999999999930793e+01
6.645446897643237705e+00 3.999999999999999667e-01
5.952299717083292308e+00 2.185000000000017550e+01
1.069392973658275814e+01 6.754999999999830607e+01
8.233233562545356321e+00 3.695000000000003837e+01
1.082350072799118301e+01 4.964999999999931646e+01
6.645446897643237705e+00 1.610000000000009379e+01
6.645446897643237705e+00 3.385000000000021458e+01
6.645446897643237705e+00 1.375000000000006040e+01
1.013035354743123762e+01 5.139999999999921698e+01
1.491169822921726684e+01 7.804999999999770921e+01
1.190812677468455405e+01 5.844999999999881624e+01
1.280425229057132341e+01 9.484999999999675424e+01
1.260127395524449767e+01 5.769999999999885887e+01
1.013035354743123762e+01 4.449999999999960920e+01
9.534198632858601030e+00 5.139999999999921698e+01
6.645446897643237705e+00 5.634999999999893561e+01
9.810410612761234717e+00 4.309999999999968878e+01
1.114363654529270242e+01 5.354999999999909477e+01
8.123211659148338981e+00 4.949999999999932498e+01
8.745741272494331753e+00 4.559999999999954667e+01
5.546834608975127701e+00 1.135000000000002629e+01
6.645446897643237705e+00 4.749999999999991118e+00
6.645446897643237705e+00 1.025000000000001066e+01
1.542125722836806645e+01 7.964999999999761826e+01
1.307989643851585448e+01 5.979999999999873950e+01
1.612065857505424304e+01 8.914999999999707825e+01
8.849103196190300835e+00 5.924999999999877076e+01
9.438888453054277150e+00 5.029999999999927951e+01
1.071640259243481630e+01 5.199999999999918288e+01
1.159187132978871659e+01 6.749999999999830891e+01
1.250816206166287081e+01 6.904999999999822080e+01
1.252540386809737782e+01 8.314999999999741931e+01
1.174533164024095377e+01 6.569999999999841123e+01
1.113910950697748703e+01 5.389999999999907487e+01
4.448222320307017696e+00 1.600000000000009237e+01
1.203370408206775544e+01 6.819999999999826912e+01
5.546834608975127701e+00 3.520000000000013785e+01
1.114363654529270242e+01 5.829999999999882476e+01
5.546834608975127701e+00 9.850000000000004974e+00
6.645446897643237705e+00 3.999999999999999667e-01
9.149524294419510539e+00 3.315000000000025437e+01
1.496344929426971326e+01 9.044999999999700435e+01
5.952299717083292308e+00 1.905000000000013571e+01
1.012637739905159862e+01 6.254999999999858318e+01
1.114363654529270242e+01 6.319999999999854623e+01
6.645446897643237705e+00 3.864999999999994174e+01
9.890873576797334366e+00 4.849999999999938183e+01
1.597814306123419570e+01 8.814999999999713509e+01
1.266051678880736020e+01 5.764999999999886171e+01
1.211993875998921233e+01 7.694999999999777174e+01
1.354185123370210064e+01 9.324999999999684519e+01
1.250816206166287081e+01 6.984999999999817533e+01
1.414798703727241858e+01 9.829999999999655813e+01
5.546834608975127701e+00 3.410000000000020037e+01
1.320130924222281621e+01 6.954999999999819238e+01
1.140954977299476170e+01 6.054999999999869686e+01
1.114363654529270242e+01 5.524999999999899813e+01
1.069392973658275814e+01 6.659999999999836007e+01
1.122498968771970951e+01 6.059999999999869402e+01
9.617790303766707183e+00 6.334999999999853770e+01
1.013035354743123762e+01 4.644999999999949836e+01
1.321855104865732145e+01 7.394999999999794227e+01
9.331845851213465437e+00 3.909999999999991616e+01
1.317089983677502119e+01 6.189999999999862013e+01
1.114799677356567997e+01 5.714999999999889013e+01
1.087625129337671126e+01 6.039999999999870539e+01
1.260127395524449767e+01 6.424999999999849365e+01
1.455345214538058229e+01 9.244999999999689066e+01
9.964561292588493657e+00 4.039999999999984226e+01
1.289522406877705052e+01 8.464999999999733404e+01
8.054022428165794167e+00 6.889999999999822933e+01
1.114363654529270242e+01 5.819999999999883045e+01
1.119655317122428784e+01 6.489999999999845670e+01
9.351877076064646133e+00 5.539999999999898961e+01
9.438888453054277150e+00 4.809999999999940457e+01
1.321855104865732145e+01 6.394999999999850360e+01
1.034925531083708528e+01 6.089999999999867697e+01
1.469333687646505737e+01 7.464999999999790248e+01
8.854959882344790145e+00 5.689999999999890434e+01
1.053581865553940133e+01 4.069999999999982521e+01
5.546834608975127701e+00 7.084999999999811848e+01
9.869104732047611961e+00 6.234999999999859455e+01
1.035903727912106298e+01 6.024999999999871392e+01
1.607192156251046455e+01 9.469999999999676277e+01
9.214062815557083397e+00 4.274999999999970868e+01
8.892344746686207557e+00 6.109999999999866560e+01
1.099588247576213718e+01 5.864999999999880487e+01
4.699536748587924251e+00 2.849999999999997868e+00
1.021572391821256254e+01 6.194999999999861728e+01
5.546834608975127701e+00 1.000000000000000711e+01
8.257248438749231312e+00 4.834999999999939035e+01
0.000000000000000000e+00 5.000000000000000278e-02
1.020557696866882580e+01 5.379999999999908056e+01
5.546834608975127701e+00 2.395000000000020535e+01
9.145282506511149379e+00 5.679999999999891003e+01
3.872858175403456560e+00 1.550000000000000711e+00
6.645446897643237705e+00 1.210000000000003695e+01
1.044933876939406758e+01 5.849999999999881339e+01
1.186495460281934555e+01 5.544999999999898677e+01
6.645446897643237705e+00 6.919999999999821227e+01
1.248568920581081265e+01 8.444999999999734541e+01
1.585763074055576638e+01 7.949999999999762679e+01
9.438888453054277150e+00 4.914999999999934488e+01
1.179254202525086725e+01 6.944999999999819806e+01
1.565659647482965866e+01 8.839999999999712088e+01
1.227618486037082590e+01 9.539999999999672298e+01
1.109119265556646283e+01 5.784999999999885034e+01
1.593974650650047309e+01 9.234999999999689635e+01
1.167706662945915674e+01 8.689999999999720615e+01
1.159187132978871659e+01 5.269999999999914309e+01
9.058174515831282747e+00 5.714999999999889013e+01
9.534198632858601030e+00 5.079999999999925109e+01
1.638360816934235942e+01 8.569999999999727436e+01
5.952299717083292308e+00 1.695000000000010587e+01
1.196957955389821748e+01 7.119999999999809859e+01
1.045048936473275702e+01 5.679999999999891003e+01
1.136509801042392809e+01 4.999999999999929656e+01
5.259152536523346910e+00 2.820000000000026574e+01
8.745741272494331753e+00 5.679999999999891003e+01
9.538937114478539314e+00 5.829999999999882476e+01
1.247401060370074610e+01 9.154999999999694182e+01
1.612065857505424304e+01 8.404999999999736815e+01
1.682490372042663651e+01 9.159999999999693898e+01
1.524659932594052592e+01 1.027499999999963052e+02
1.018310411281676764e+01 6.369999999999851781e+01
1.211110511001137624e+01 8.354999999999739657e+01
8.589908506484089656e+00 4.984999999999930509e+01
5.952299717083292308e+00 2.775000000000025935e+01
1.374252192916425486e+01 8.004999999999759552e+01
1.374252192916425486e+01 1.015499999999963734e+02
5.952299717083292308e+00 2.385000000000020393e+01
1.175632076181654995e+01 5.034999999999927667e+01
1.114363654529270242e+01 5.534999999999899245e+01
9.724888439323073897e+00 4.399999999999963762e+01
9.074174857177723652e+00 5.854999999999881055e+01
1.262390329337525863e+01 6.999999999999816680e+01
1.307989643851585448e+01 6.599999999999839417e+01
9.645909234030707324e+00 5.159999999999920561e+01
5.546834608975127701e+00 7.499999999999981348e+00
4.566005355963401513e+00 1.300000000000000488e+00
1.272685126262770083e+01 6.274999999999857181e+01
9.724888439323073897e+00 3.625000000000007816e+01
1.502204628638613215e+01 8.609999999999725162e+01
5.546834608975127701e+00 2.275000000000018829e+01
1.484113421783236220e+01 9.169999999999693330e+01
9.271834368391111525e+00 4.824999999999939604e+01
1.036809589816660093e+01 5.314999999999911751e+01
1.144467440892603882e+01 4.629999999999950688e+01
1.181501488110292541e+01 6.329999999999854055e+01
1.018310411281676764e+01 5.259999999999914877e+01
1.024813658308762143e+01 4.189999999999975699e+01
1.004502425662459331e+01 4.924999999999933920e+01
1.114363654529270242e+01 6.299999999999855760e+01
1.033905641459065450e+01 5.434999999999904929e+01
1.005838004780614980e+01 4.009999999999985931e+01
1.545407221071818427e+01 9.814999999999656666e+01
1.250816206166287081e+01 7.189999999999805880e+01
1.565659647482965866e+01 8.919999999999707541e+01
1.179254202525086725e+01 8.044999999999757279e+01
5.952299717083292308e+00 5.999999999999986677e+00
9.820198619127399553e+00 3.809999999999997300e+01
1.042426616963365404e+01 6.454999999999847660e+01
1.091596595566327643e+01 6.354999999999852633e+01
1.125539909316750276e+01 6.314999999999854907e+01
6.645446897643237705e+00 2.315000000000019398e+01
8.184443398375924161e+00 5.434999999999904929e+01
9.982433417354615202e+00 5.809999999999883613e+01
1.225659915530887645e+01 6.269999999999857465e+01
9.639559148516427811e+00 4.634999999999950404e+01
1.045048936473275702e+01 5.434999999999904929e+01
1.569046098878241580e+01 9.749999999999660361e+01
5.546834608975127701e+00 2.330000000000019611e+01
1.196957955389821748e+01 5.534999999999899245e+01
1.299530752733403105e+01 9.274999999999687361e+01
1.676506874307040817e+01 9.324999999999684519e+01
1.179254202525086725e+01 7.399999999999793943e+01
1.127643237333827031e+01 6.679999999999834870e+01
6.645446897643237705e+00 2.115000000000016556e+01
1.181501488110292541e+01 6.124999999999865707e+01
4.853687428415183192e+00 2.399999999999999467e+00
5.952299717083292308e+00 9.449999999999999289e+00
1.102132647132110321e+01 6.904999999999822080e+01
5.952299717083292308e+00 3.599999999999995204e+00
4.853687428415183192e+00 1.600000000000000755e+00
4.853687428415183192e+00 2.990000000000028990e+01
1.102132647132110321e+01 7.064999999999812985e+01
1.238674925795590909e+01 6.999999999999816680e+01
1.022734581341854820e+01 5.929999999999876792e+01
1.020488659929380404e+01 6.189999999999862013e+01
1.013035354743123762e+01 4.144999999999978257e+01
1.114363654529270242e+01 6.129999999999865423e+01
9.098880561600756423e+00 3.305000000000026006e+01
9.890873576797334366e+00 4.709999999999946141e+01
1.694214926614801797e+01 9.259999999999688214e+01
1.160911313622322183e+01 6.654999999999836291e+01
1.190812677468455405e+01 5.834999999999882192e+01
1.320130924222281621e+01 7.654999999999779448e+01
1.112186770054298002e+01 5.884999999999879350e+01
1.061586136321293949e+01 4.089999999999981384e+01
9.468754724606219142e+00 6.424999999999849365e+01
1.183678372585264782e+01 5.844999999999881624e+01
1.182713347002048643e+01 6.894999999999822649e+01
1.137914036754696667e+01 6.169999999999863149e+01
1.294401423294648268e+01 9.919999999999650697e+01
1.031093748432665080e+01 5.599999999999895550e+01
1.010786402921695526e+01 7.759999999999773479e+01
5.952299717083292308e+00 2.405000000000020677e+01
1.374252192916425486e+01 9.574999999999670308e+01
5.952299717083292308e+00 2.475000000000021672e+01
1.025828353263135817e+01 5.659999999999892140e+01
5.036008985209137201e+00 1.350000000000000533e+00
4.566005355963401513e+00 2.805000000000026361e+01
1.321855104865732145e+01 5.759999999999886455e+01
1.034925531083708528e+01 6.089999999999867697e+01
1.109939484469092186e+01 5.644999999999892992e+01
1.068572754745829911e+01 5.779999999999885318e+01
9.504345669708921918e+00 3.455000000000017479e+01
