1.028878581042692808e+01 7.059999999999813269e+01
1.015456404842738536e+01 5.144999999999921414e+01
1.781268856384232180e+01 3.760000000000000142e+01
1.461548066479116414e+01 5.379999999999908056e+01
1.284870581948346313e+01 5.084999999999924825e+01
1.430575620270868598e+01 5.974999999999874234e+01
8.362804579199330846e+00 5.749999999999887024e+01
1.158013224496145277e+01 1.380000000000006111e+01
1.547869670468236514e+01 7.234999999999803322e+01
6.558756702605943012e+00 4.979999999999930793e+01
1.610686376551067767e+01 3.999999999999999667e-01
1.147363277701649587e+01 2.185000000000017550e+01
1.621526279651596170e+01 6.754999999999830607e+01
1.541724392546869993e+01 3.695000000000003837e+01
1.618354848119183842e+01 4.964999999999931646e+01
1.354185300004341030e+01 1.610000000000009379e+01
5.865609522045997615e+00 3.385000000000021458e+01
1.354185300004341030e+01 1.375000000000006040e+01
1.510098848057286425e+01 5.139999999999921698e+01
1.385992713813638666e+01 7.804999999999770921e+01
1.361260902214874058e+01 5.844999999999881624e+01
1.602300025751048196e+01 9.484999999999675424e+01
1.580428261067654638e+01 5.769999999999885887e+01
1.728216076985994931e+01 4.449999999999960920e+01
1.078206712454201011e+01 5.139999999999921698e+01
9.461416867867439962e+00 5.634999999999893561e+01
1.670681671516140909e+01 4.309999999999968878e+01
1.015456404842738536e+01 5.354999999999909477e+01
9.198966273706798091e+00 4.949999999999932498e+01
9.892113454266741712e+00 4.559999999999954667e+01
1.325585018911134760e+01 1.135000000000002629e+01
1.284870581948346313e+01 4.749999999999991118e+00
1.610686376551067767e+01 1.025000000000001066e+01
1.436948613728718449e+01 7.964999999999761826e+01
1.658901358930000214e+01 5.979999999999873950e+01
1.506888748397335931e+01 8.914999999999707825e+01
7.797332105109419764e+00 5.924999999999877076e+01
1.008891994398206293e+01 5.029999999999927951e+01
1.469552337246470053e+01 5.199999999999918288e+01
1.552090831371324597e+01 6.749999999999830891e+01
1.418381901402002043e+01 6.904999999999822080e+01
1.147363277701649587e+01 8.314999999999741931e+01
9.055951759759276243e+00 6.569999999999841123e+01
1.008733841589660507e+01 5.389999999999907487e+01
6.153291594497779293e+00 1.600000000000009237e+01
9.958382079642095874e+00 6.819999999999826912e+01
6.688828145627658373e+00 3.520000000000013785e+01
1.121471374935036991e+01 5.829999999999882476e+01
1.158013224496145277e+01 9.850000000000004974e+00
1.610686376551067767e+01 3.999999999999999667e-01
1.728216076985994931e+01 3.315000000000025437e+01
1.894257007429959572e+01 9.044999999999700435e+01
1.193241508760930891e+01 1.905000000000013571e+01
5.865609522045997615e+00 6.254999999999858318e+01
1.017862181766359342e+01 6.319999999999854623e+01
9.461416867867439962e+00 3.864999999999994174e+01
1.159594285098809507e+01 4.849999999999938183e+01
1.203987423992405681e+01 8.814999999999713509e+01
1.188067941321011922e+01 5.764999999999886171e+01
1.106816766890833037e+01 7.694999999999777174e+01
1.676059920064125919e+01 9.324999999999684519e+01
1.648728284169275327e+01 6.984999999999817533e+01
1.282058296057156532e+01 9.829999999999655813e+01
9.055951759759276243e+00 3.410000000000020037e+01
1.707905293175979722e+01 6.954999999999819238e+01
1.538867055302464593e+01 6.054999999999869686e+01
1.284870581948346313e+01 5.524999999999899813e+01
1.547869670468236514e+01 6.659999999999836007e+01
1.015456404842738536e+01 6.059999999999869402e+01
1.227327942552139817e+01 6.334999999999853770e+01
1.658901358930000214e+01 4.644999999999949836e+01
1.216677995757644126e+01 7.394999999999794227e+01
1.728216076985994931e+01 3.909999999999991616e+01
1.227327942552139817e+01 6.189999999999862013e+01
1.325585018911134760e+01 5.714999999999889013e+01
1.320714391404057508e+01 6.039999999999870539e+01
1.291946184158879518e+01 6.424999999999849365e+01
1.777220011231974084e+01 9.244999999999689066e+01
1.678482486435241938e+01 4.039999999999984226e+01
1.611397203571620906e+01 8.464999999999733404e+01
5.305993734110574955e+00 6.889999999999822933e+01
1.075040814121927113e+01 5.819999999999883045e+01
1.291946184158879518e+01 6.489999999999845670e+01
1.061687674859474839e+01 5.539999999999898961e+01
9.892113454266741712e+00 4.809999999999940457e+01
1.216677995757644126e+01 6.394999999999850360e+01
1.015456404842738536e+01 6.089999999999867697e+01
1.733357216375263476e+01 7.464999999999790248e+01
0.000000000000000000e+00 5.689999999999890434e+01
1.678482486435241938e+01 4.069999999999982521e+01
8.765582575914287133e+00 7.084999999999811848e+01
1.227327942552139817e+01 6.234999999999859455e+01
7.251903883165888409e+00 6.024999999999871392e+01
1.958103871329461398e+01 9.469999999999676277e+01
1.658901358930000214e+01 4.274999999999970868e+01
5.865609522045997615e+00 6.109999999999866560e+01
1.269631829027458636e+01 5.864999999999880487e+01
9.461416867867439962e+00 2.849999999999997868e+00
1.325585018911134760e+01 6.194999999999861728e+01
1.244324071137529941e+01 1.000000000000000711e+01
1.316522528106128931e+01 4.834999999999939035e+01
9.461416867867439962e+00 5.000000000000000278e-02
1.244324071137529941e+01 5.379999999999908056e+01
3.380702872257997704e+00 2.395000000000020535e+01
1.117466713685328905e+01 5.679999999999891003e+01
1.333427504327089608e+01 1.550000000000000711e+00
1.325585018911134760e+01 1.210000000000003695e+01
1.291946184158879518e+01 5.849999999999881339e+01
1.618354848119183842e+01 5.544999999999898677e+01
1.284870581948346313e+01 6.919999999999821227e+01
1.800702226574401621e+01 8.444999999999734541e+01
1.533661419106859114e+01 7.949999999999762679e+01
1.058139642907985944e+01 4.914999999999934488e+01
1.547869670468236514e+01 6.944999999999819806e+01
1.915849447343963163e+01 8.839999999999712088e+01
1.549493282730998445e+01 9.539999999999672298e+01
1.419484469824244677e+01 5.784999999999885034e+01
1.915849447343963163e+01 9.234999999999689635e+01
1.489581459639831706e+01 8.689999999999720615e+01
1.557099210981860082e+01 5.269999999999914309e+01
1.244324071137529941e+01 5.714999999999889013e+01
1.049438505209022843e+01 5.079999999999925109e+01
1.223558287750046958e+01 8.569999999999727436e+01
1.325585018911134760e+01 1.695000000000010587e+01
1.547869670468236514e+01 7.119999999999809859e+01
1.097355169253348173e+01 5.679999999999891003e+01
5.865609522045997615e+00 4.999999999999929656e+01
4.207381445442465839e+00 2.820000000000026574e+01
9.892113454266741712e+00 5.679999999999891003e+01
1.304805426526268874e+01 5.829999999999882476e+01
1.569275857063990642e+01 9.154999999999694182e+01
1.506888748397335931e+01 8.404999999999736815e+01
1.771904277840106801e+01 9.159999999999693898e+01
1.611921638313302907e+01 1.027499999999963052e+02
1.367633895672723909e+01 6.369999999999851781e+01
1.532985307695053656e+01 8.354999999999739657e+01
1.215555863892351951e+01 4.984999999999930509e+01
5.054679305829669289e+00 2.775000000000025935e+01
1.696126989610341340e+01 8.004999999999759552e+01
1.696126989610341340e+01 1.015499999999963734e+02
5.305993734110574955e+00 2.385000000000020393e+01
1.718043002225270044e+01 5.034999999999927667e+01
1.284870581948346313e+01 5.534999999999899245e+01
1.608181773358458955e+01 4.399999999999963762e+01
1.249009660600402150e+01 5.854999999999881055e+01
1.269631829027458636e+01 6.999999999999816680e+01
1.658901358930000214e+01 6.599999999999839417e+01
1.228614452131828472e+01 5.159999999999920561e+01
1.476331446517463419e+01 7.499999999999981348e+00
1.402742222383084147e+01 1.300000000000000488e+00
1.208054527965498437e+01 6.274999999999857181e+01
1.731444172228319189e+01 3.625000000000007816e+01
1.397027519530525197e+01 8.609999999999725162e+01
9.461416867867439962e+00 2.275000000000018829e+01
1.805988218477152429e+01 9.169999999999693330e+01
9.461416867867439962e+00 4.824999999999939604e+01
1.434721667819648516e+01 5.314999999999911751e+01
1.539298503718623401e+01 4.629999999999950688e+01
1.291946184158879518e+01 6.329999999999854055e+01
1.570443717274996942e+01 5.259999999999914877e+01
1.678482486435241938e+01 4.189999999999975699e+01
1.089985016019839392e+01 4.924999999999933920e+01
9.892113454266741712e+00 6.299999999999855760e+01
1.228614452131828472e+01 5.434999999999904929e+01
1.297929170187822834e+01 4.009999999999985931e+01
1.602976137162853831e+01 9.814999999999656666e+01
1.648728284169275327e+01 7.189999999999805880e+01
1.963208748680896321e+01 8.919999999999707541e+01
1.580428261067654638e+01 8.044999999999757279e+01
1.216677995757644126e+01 5.999999999999986677e+00
1.671660472152757038e+01 3.809999999999997300e+01
5.305993734110574955e+00 6.454999999999847660e+01
9.864194864582394473e+00 6.354999999999852633e+01
1.523451987319738699e+01 6.314999999999854907e+01
7.251903883165888409e+00 2.315000000000019398e+01
9.055951759759276243e+00 5.434999999999904929e+01
9.461416867867439962e+00 5.809999999999883613e+01
1.339859269196140801e+01 6.269999999999857465e+01
1.078206712454201011e+01 4.634999999999950404e+01
9.461416867867439962e+00 5.434999999999904929e+01
1.361513898635675446e+01 9.749999999999660361e+01
9.055951759759276243e+00 2.330000000000019611e+01
1.547869670468236514e+01 5.534999999999899245e+01
1.621405549427318959e+01 9.274999999999687361e+01
2.027418589385455761e+01 9.324999999999684519e+01
1.610950556893148899e+01 7.399999999999793943e+01
1.478554952412241974e+01 6.679999999999834870e+01
1.158013224496145277e+01 2.115000000000016556e+01
1.533661419106859114e+01 6.124999999999865707e+01
1.337702010405474340e+01 2.399999999999999467e+00
1.354185300004341030e+01 9.449999999999999289e+00
9.969555380240223030e+00 6.904999999999822080e+01
1.407016728461468880e+01 3.599999999999995204e+00
1.058526063482668889e+01 1.600000000000000755e+00
7.957339471091167127e+00 2.990000000000028990e+01
9.969555380240223030e+00 7.064999999999812985e+01
1.589586640874005852e+01 6.999999999999816680e+01
1.058526063482668889e+01 5.929999999999876792e+01
6.153291594497779293e+00 6.189999999999862013e+01
1.728216076985994931e+01 4.144999999999978257e+01
1.056808658442531623e+01 6.129999999999865423e+01
1.513217819758708060e+01 3.305000000000026006e+01
1.159594285098809507e+01 4.709999999999946141e+01
2.092127004617789865e+01 9.259999999999688214e+01
1.055734204514234165e+01 6.654999999999836291e+01
1.572755533605124256e+01 5.834999999999882192e+01
1.649742979123649178e+01 7.654999999999779448e+01
1.222631466102884978e+01 5.884999999999879350e+01
1.447669430531207979e+01 4.089999999999981384e+01
5.460144413937833896e+00 6.424999999999849365e+01
1.210853162537246774e+01 5.844999999999881624e+01
1.533625062080463408e+01 6.894999999999822649e+01
8.768269687307494564e+00 6.169999999999863149e+01
1.616276219988564122e+01 9.919999999999650697e+01
1.429005826435653503e+01 5.599999999999895550e+01
1.332661199615611558e+01 7.759999999999773479e+01
9.545304497393082954e+00 2.405000000000020677e+01
1.696126989610341340e+01 9.574999999999670308e+01
3.262919836601614332e+00 2.475000000000021672e+01
1.336193557530734211e+01 5.659999999999892140e+01
1.449742585307657805e+01 1.350000000000000533e+00
8.545126135993285743e+00 2.805000000000026361e+01
1.216677995757644126e+01 5.759999999999886455e+01
1.215555863892351951e+01 6.089999999999867697e+01
1.662072790462412542e+01 5.644999999999892992e+01
1.378937959013428127e+01 5.779999999999885318e+01
1.553764330569524610e+01 3.455000000000017479e+01
