6.159055299214529100e+00 7.059999999999813269e+01
1.706832436161991495e+01 5.144999999999921414e+01
1.607488731686424188e+01 3.760000000000000142e+01
1.401891157489458450e+01 5.379999999999908056e+01
1.589071375179617363e+01 5.084999999999924825e+01
1.188865306357767260e+01 5.974999999999874234e+01
1.569331349268178855e+01 5.749999999999887024e+01
1.371875385268365832e+01 1.380000000000006111e+01
1.042989086301344059e+01 7.234999999999803322e+01
1.438526430931520039e+01 4.979999999999930793e+01
1.685298503579728902e+01 3.999999999999999667e-01
4.367295829986474587e+00 2.185000000000017550e+01
4.213145150159215646e+00 6.754999999999830607e+01
1.277582639688110078e+01 3.695000000000003837e+01
1.328665202064709128e+01 4.964999999999931646e+01
1.210931594024955871e+01 1.610000000000009379e+01
1.188865306357767260e+01 3.385000000000021458e+01
1.188865306357767260e+01 1.375000000000006040e+01
1.223214360795733313e+01 5.139999999999921698e+01
1.986008383084796947e+01 7.804999999999770921e+01
1.258180024413761799e+01 5.844999999999881624e+01
9.494430215031565368e+00 9.484999999999675424e+01
1.258180024413761799e+01 5.769999999999885887e+01
1.438526430931520039e+01 4.449999999999960920e+01
1.192699438345560381e+01 5.139999999999921698e+01
5.060443010546419096e+00 5.634999999999893561e+01
1.527427965536755750e+01 4.309999999999968878e+01
1.438526430931520039e+01 5.354999999999909477e+01
1.258180024413761799e+01 4.949999999999932498e+01
1.438526430931520039e+01 4.559999999999954667e+01
1.258180024413761799e+01 1.135000000000002629e+01
1.669469648419693897e+01 4.749999999999991118e+00
1.438526430931520039e+01 1.025000000000001066e+01
1.618972922600709907e+01 7.964999999999761826e+01
1.369211712875525677e+01 5.979999999999873950e+01
1.697753632301930793e+01 8.914999999999707825e+01
9.617575193829335234e+00 5.924999999999877076e+01
1.526988128389083066e+01 5.029999999999927951e+01
1.409895428256811911e+01 5.199999999999918288e+01
1.008116769295727266e+01 6.749999999999830891e+01
1.411157623510833226e+01 6.904999999999822080e+01
1.371875385268365832e+01 8.314999999999741931e+01
1.591645704399599737e+01 6.569999999999841123e+01
1.608749510860818788e+01 5.389999999999907487e+01
1.027921515114357121e+01 1.600000000000009237e+01
1.302560667212371115e+01 6.819999999999826912e+01
1.119550588301772720e+01 3.520000000000013785e+01
1.369211712875525677e+01 5.829999999999882476e+01
1.328665202064709128e+01 9.850000000000004974e+00
1.685298503579728902e+01 3.999999999999999667e-01
1.438526430931520039e+01 3.315000000000025437e+01
1.152850315168155149e+01 9.044999999999700435e+01
1.148318795546950710e+01 1.905000000000013571e+01
1.002987439856972074e+01 6.254999999999858318e+01
1.424465631707190738e+01 6.319999999999854623e+01
1.097236233170351838e+01 3.864999999999994174e+01
1.572186640763388787e+01 4.849999999999938183e+01
1.620413911644777727e+01 8.814999999999713509e+01
1.609410586811372923e+01 5.764999999999886171e+01
1.628438914245936431e+01 7.694999999999777174e+01
1.062479120201425431e+01 9.324999999999684519e+01
1.210931594024955871e+01 6.984999999999817533e+01
1.031072237438927885e+01 9.829999999999655813e+01
6.159055299214529100e+00 3.410000000000020037e+01
1.163931231100382391e+01 6.954999999999819238e+01
1.361843796907722393e+01 6.054999999999869686e+01
1.697462937612925771e+01 5.524999999999899813e+01
0.000000000000000000e+00 6.659999999999836007e+01
1.675587792610592430e+01 6.059999999999869402e+01
1.001685088667608170e+01 6.334999999999853770e+01
1.369211712875525677e+01 4.644999999999949836e+01
1.262014156401554743e+01 7.394999999999794227e+01
1.438526430931520039e+01 3.909999999999991616e+01
1.849096729555520469e+01 6.189999999999862013e+01
1.541701300762978200e+01 5.714999999999889013e+01
6.159055299214529100e+00 6.039999999999870539e+01
1.438526430931520039e+01 6.424999999999849365e+01
1.233245949156376753e+01 9.244999999999689066e+01
1.438526430931520039e+01 4.039999999999984226e+01
1.067423141496023575e+01 8.464999999999733404e+01
9.826933554573031415e+00 6.889999999999822933e+01
1.369211712875525677e+01 5.819999999999883045e+01
5.465908118654583703e+00 6.489999999999845670e+01
1.182667849984916941e+01 5.539999999999898961e+01
1.148318795546950710e+01 4.809999999999940457e+01
1.549658204544715545e+01 6.394999999999850360e+01
1.097938063946196507e+01 6.089999999999867697e+01
1.530555756670445788e+01 7.464999999999790248e+01
1.438584812073100494e+01 5.689999999999890434e+01
1.438526430931520039e+01 4.069999999999982521e+01
3.325841955158312935e+00 7.084999999999811848e+01
1.078522462502100865e+01 6.234999999999859455e+01
1.259350484008714588e+01 6.024999999999871392e+01
1.425427908061336346e+01 9.469999999999676277e+01
1.361843796907722393e+01 4.274999999999970868e+01
9.931644021454310689e+00 6.109999999999866560e+01
1.167252782002191225e+01 5.864999999999880487e+01
1.328665202064709128e+01 2.849999999999997868e+00
1.072806621118106030e+01 6.194999999999861728e+01
1.201886770357620193e+01 1.000000000000000711e+01
9.857237853383661985e+00 4.834999999999939035e+01
1.020753813815404953e+01 5.000000000000000278e-02
1.188865306357767260e+01 5.379999999999908056e+01
1.148318795546950710e+01 2.395000000000020535e+01
1.018390497133924733e+01 5.679999999999891003e+01
1.408039631355750565e+01 1.550000000000000711e+00
1.403378536788067521e+01 1.210000000000003695e+01
1.148318795546950710e+01 5.849999999999881339e+01
1.328665202064709128e+01 5.544999999999898677e+01
4.213145150159215646e+00 6.919999999999821227e+01
1.090068531871399493e+01 8.444999999999734541e+01
1.637755602565893298e+01 7.949999999999762679e+01
1.148318795546950710e+01 4.914999999999934488e+01
6.159055299214529100e+00 6.944999999999819806e+01
1.371875385268365832e+01 8.839999999999712088e+01
4.772760938094638306e+00 9.539999999999672298e+01
1.182667849984916941e+01 5.784999999999885034e+01
1.371875385268365832e+01 9.234999999999689635e+01
9.456073975642341978e+00 8.689999999999720615e+01
1.497442301992201941e+01 5.269999999999914309e+01
1.009207744446106325e+01 5.714999999999889013e+01
1.152850315168155149e+01 5.079999999999925109e+01
1.660960422455594454e+01 8.569999999999727436e+01
1.148318795546950710e+01 1.695000000000010587e+01
4.772760938094638306e+00 7.119999999999809859e+01
1.079004077490956348e+01 5.679999999999891003e+01
1.675563577994469711e+01 4.999999999999929656e+01
1.020753813815404953e+01 2.820000000000026574e+01
1.188865306357767260e+01 5.679999999999891003e+01
1.015115780471794160e+01 5.829999999999882476e+01
5.465908118654583703e+00 9.154999999999694182e+01
1.697753632301930793e+01 8.404999999999736815e+01
1.358931226718867080e+01 9.159999999999693898e+01
1.302560667212371115e+01 1.027499999999963052e+02
4.079613757534692908e+00 6.369999999999851781e+01
9.708500470140100091e+00 8.354999999999739657e+01
1.036034143105574401e+01 4.984999999999930509e+01
1.148318795546950710e+01 2.775000000000025935e+01
1.062479120201425431e+01 8.004999999999759552e+01
9.899895323139730863e+00 1.015499999999963734e+02
1.067423141496023575e+01 2.385000000000020393e+01
1.622787588151132354e+01 5.034999999999927667e+01
1.438526430931520039e+01 5.534999999999899245e+01
1.361843796907722393e+01 4.399999999999963762e+01
1.050235870245778180e+01 5.854999999999881055e+01
1.361843796907722393e+01 6.999999999999816680e+01
1.280500686504914931e+01 6.599999999999839417e+01
1.025812992427010961e+01 5.159999999999920561e+01
1.369211712875525677e+01 7.499999999999981348e+00
1.477354349411745105e+01 1.300000000000000488e+00
1.660960422455594454e+01 6.274999999999857181e+01
1.599870474726440506e+01 3.625000000000007816e+01
1.302560667212371115e+01 8.609999999999725162e+01
9.980851809350838266e+00 2.275000000000018829e+01
1.152850315168155149e+01 9.169999999999693330e+01
1.510282719922766503e+01 4.824999999999939604e+01
1.375064758829990375e+01 5.314999999999911751e+01
1.438526430931520039e+01 4.629999999999950688e+01
1.188865306357767260e+01 6.329999999999854055e+01
6.159055299214529100e+00 5.259999999999914877e+01
1.292529078851728030e+01 4.189999999999975699e+01
1.328665202064709128e+01 4.924999999999933920e+01
1.400234284964997755e+01 6.299999999999855760e+01
1.095127710483005501e+01 5.434999999999904929e+01
1.665757522536514301e+01 4.009999999999985931e+01
1.597151682117902638e+01 9.814999999999656666e+01
1.062479120201425431e+01 7.189999999999805880e+01
1.460794469336138768e+01 8.919999999999707541e+01
5.060443010546419096e+00 8.044999999999757279e+01
1.259350484008714588e+01 5.999999999999986677e+00
1.506340478506183445e+01 3.809999999999997300e+01
1.088554050862744127e+01 6.454999999999847660e+01
1.177284370362834309e+01 6.354999999999852633e+01
1.192699438345560381e+01 6.314999999999854907e+01
1.192699438345560381e+01 2.315000000000019398e+01
8.983708980847588066e+00 5.434999999999904929e+01
1.050235870245778180e+01 5.809999999999883613e+01
1.790527042935147506e+01 6.269999999999857465e+01
1.148318795546950710e+01 4.634999999999950404e+01
1.628148219556931053e+01 5.434999999999904929e+01
1.503720758380219102e+01 9.749999999999660361e+01
5.465908118654583703e+00 2.330000000000019611e+01
1.188865306357767260e+01 5.534999999999899245e+01
1.077431487351721628e+01 9.274999999999687361e+01
1.505877840649939969e+01 9.324999999999684519e+01
5.465908118654583703e+00 7.399999999999793943e+01
9.736743682453495197e+00 6.679999999999834870e+01
1.177284370362834309e+01 2.115000000000016556e+01
1.233245949156376753e+01 6.124999999999865707e+01
1.506122556656923273e+01 2.399999999999999467e+00
1.251982568040911481e+01 9.449999999999999289e+00
1.596971207295180584e+01 6.904999999999822080e+01
1.615983785523734184e+01 3.599999999999995204e+00
1.506122556656923273e+01 1.600000000000000755e+00
8.154606164051614314e+00 2.990000000000028990e+01
1.549658204544715545e+01 7.064999999999812985e+01
1.062479120201425431e+01 6.999999999999816680e+01
1.119550588301772720e+01 5.929999999999876792e+01
1.258180024413761799e+01 6.189999999999862013e+01
1.438526430931520039e+01 4.144999999999978257e+01
1.463412108383363019e+01 6.129999999999865423e+01
1.438526430931520039e+01 3.305000000000026006e+01
1.572186640763388787e+01 4.709999999999946141e+01
1.505877840649939969e+01 9.259999999999688214e+01
1.549658204544715545e+01 6.654999999999836291e+01
1.581632432734675753e+01 5.834999999999882192e+01
1.083535597112160431e+01 7.654999999999779448e+01
1.188865306357767260e+01 5.884999999999879350e+01
1.517781513623957679e+01 4.089999999999981384e+01
9.264406556430149209e+00 6.424999999999849365e+01
1.258180024413761799e+01 5.844999999999881624e+01
1.062479120201425431e+01 6.894999999999822649e+01
1.691002860593318147e+01 6.169999999999863149e+01
9.104965448269842554e+00 9.919999999999650697e+01
1.188865306357767260e+01 5.599999999999895550e+01
4.549617386780428596e+00 7.759999999999773479e+01
1.079004077490956348e+01 2.405000000000020677e+01
9.206748142579783689e+00 9.574999999999670308e+01
1.148318795546950710e+01 2.475000000000021672e+01
1.188865306357767260e+01 5.659999999999892140e+01
1.524354712336318585e+01 1.350000000000000533e+00
7.948557046096705214e+00 2.805000000000026361e+01
1.816693665028802585e+01 5.759999999999886455e+01
1.148318795546950710e+01 6.089999999999867697e+01
6.159055299214529100e+00 5.644999999999892992e+01
1.258180024413761799e+01 5.779999999999885318e+01
1.663802727781056845e+01 3.455000000000017479e+01
