0.000000000000000000e+00 2.000000000000000042e-02
2.499999999999999792e-02 2.879999999999999921e-02
4.999999999999999584e-02 4.340000000000000108e-02
7.499999999999999722e-02 6.640000000000000069e-02
9.999999999999999167e-02 1.648000000000000020e-01
1.249999999999999861e-01 2.204000000000000126e-01
1.499999999999999944e-01 3.402000000000000024e-01
1.749999999999999889e-01 4.294000000000000039e-01
1.999999999999999833e-01 4.507999999999999785e-01
2.249999999999999778e-01 6.131999999999999673e-01
2.499999999999999722e-01 6.373999999999999666e-01
2.749999999999999667e-01 7.718000000000000416e-01
2.999999999999999889e-01 7.279999999999999805e-01
3.249999999999999556e-01 8.137999999999999678e-01
3.499999999999999778e-01 8.157999999999999696e-01
3.749999999999999445e-01 8.941999999999999948e-01
3.999999999999999667e-01 8.728000000000000203e-01
4.249999999999999889e-01 9.487999999999999767e-01
4.499999999999999556e-01 8.893999999999999684e-01
4.749999999999999778e-01 9.360000000000000542e-01
4.999999999999999445e-01 9.424000000000000155e-01
5.249999999999999112e-01 9.447999999999999732e-01
5.499999999999999334e-01 9.679999999999999716e-01
5.749999999999999556e-01 9.622000000000000552e-01
5.999999999999999778e-01 9.818000000000000060e-01
6.250000000000000000e-01 9.547999999999999821e-01
6.499999999999999112e-01 9.854000000000000536e-01
6.749999999999999334e-01 9.959999999999999964e-01
6.999999999999999556e-01 9.973999999999999533e-01
7.249999999999999778e-01 9.983999999999999542e-01
7.499999999999998890e-01 9.893999999999999462e-01
7.749999999999999112e-01 9.979999999999999982e-01
7.999999999999999334e-01 9.991999999999999771e-01
8.249999999999999556e-01 9.989999999999999991e-01
8.499999999999999778e-01 9.998000000000000220e-01
8.749999999999998890e-01 9.998000000000000220e-01
8.999999999999999112e-01 1.000000000000000000e+00
9.249999999999999334e-01 1.000000000000000000e+00
9.499999999999999556e-01 1.000000000000000000e+00
9.749999999999999778e-01 1.000000000000000000e+00
