0.000000000000000000e+00 2.000000000000000042e-02
2.499999999999999792e-02 2.380000000000000171e-02
4.999999999999999584e-02 3.679999999999999938e-02
7.499999999999999722e-02 4.100000000000000172e-02
9.999999999999999167e-02 6.400000000000000133e-02
1.249999999999999861e-01 7.520000000000000295e-02
1.499999999999999944e-01 8.179999999999999771e-02
1.749999999999999889e-01 1.749999999999999889e-01
1.999999999999999833e-01 2.030000000000000138e-01
2.249999999999999778e-01 3.099999999999999978e-01
2.499999999999999722e-01 3.361999999999999988e-01
2.749999999999999667e-01 4.398000000000000242e-01
2.999999999999999889e-01 5.280000000000000249e-01
3.249999999999999556e-01 5.877999999999999892e-01
3.499999999999999778e-01 6.570000000000000284e-01
3.749999999999999445e-01 7.006000000000000005e-01
3.999999999999999667e-01 7.276000000000000245e-01
4.249999999999999889e-01 7.872000000000000108e-01
4.499999999999999556e-01 8.142000000000000348e-01
4.749999999999999778e-01 8.840000000000000080e-01
4.999999999999999445e-01 8.606000000000000316e-01
5.249999999999999112e-01 8.955999999999999517e-01
5.499999999999999334e-01 9.140000000000000346e-01
5.749999999999999556e-01 9.327999999999999625e-01
5.999999999999999778e-01 9.307999999999999607e-01
6.250000000000000000e-01 9.759999999999999787e-01
6.499999999999999112e-01 9.599999999999999645e-01
6.749999999999999334e-01 9.679999999999999716e-01
6.999999999999999556e-01 9.868000000000000105e-01
7.249999999999999778e-01 9.814000000000000501e-01
7.499999999999998890e-01 9.848000000000000087e-01
7.749999999999999112e-01 9.956000000000000405e-01
7.999999999999999334e-01 9.971999999999999753e-01
8.249999999999999556e-01 9.979999999999999982e-01
8.499999999999999778e-01 9.893999999999999462e-01
8.749999999999998890e-01 9.991999999999999771e-01
8.999999999999999112e-01 9.991999999999999771e-01
9.249999999999999334e-01 9.996000000000000441e-01
9.499999999999999556e-01 9.998000000000000220e-01
9.749999999999999778e-01 1.000000000000000000e+00
