0.000000000000000000e+00 2.000000000000000042e-02
2.499999999999999792e-02 2.680000000000000090e-02
4.999999999999999584e-02 3.579999999999999849e-02
7.499999999999999722e-02 4.900000000000000189e-02
9.999999999999999167e-02 7.399999999999999634e-02
1.249999999999999861e-01 9.220000000000000417e-02
1.499999999999999944e-01 1.524000000000000077e-01
1.749999999999999889e-01 2.504000000000000115e-01
1.999999999999999833e-01 3.457999999999999963e-01
2.249999999999999778e-01 3.678000000000000158e-01
2.499999999999999722e-01 5.131999999999999895e-01
2.749999999999999667e-01 4.985999999999999877e-01
2.999999999999999889e-01 6.104000000000000536e-01
3.249999999999999556e-01 6.525999999999999579e-01
3.499999999999999778e-01 7.329999999999999849e-01
3.749999999999999445e-01 7.863999999999999879e-01
3.999999999999999667e-01 8.082000000000000295e-01
4.249999999999999889e-01 8.292000000000000481e-01
4.499999999999999556e-01 8.831999999999999851e-01
4.749999999999999778e-01 8.958000000000000407e-01
4.999999999999999445e-01 9.310000000000000497e-01
5.249999999999999112e-01 8.477999999999999980e-01
5.499999999999999334e-01 9.392000000000000348e-01
5.749999999999999556e-01 9.544000000000000261e-01
5.999999999999999778e-01 9.549999999999999600e-01
6.250000000000000000e-01 9.671999999999999487e-01
6.499999999999999112e-01 9.474000000000000199e-01
6.749999999999999334e-01 9.709999999999999742e-01
6.999999999999999556e-01 9.926000000000000378e-01
7.249999999999999778e-01 9.949999999999999956e-01
7.499999999999998890e-01 9.876000000000000334e-01
7.749999999999999112e-01 9.774000000000000465e-01
7.999999999999999334e-01 9.976000000000000423e-01
8.249999999999999556e-01 9.893999999999999462e-01
8.499999999999999778e-01 9.979999999999999982e-01
8.749999999999998890e-01 9.993999999999999551e-01
8.999999999999999112e-01 9.996000000000000441e-01
9.249999999999999334e-01 1.000000000000000000e+00
9.499999999999999556e-01 1.000000000000000000e+00
9.749999999999999778e-01 1.000000000000000000e+00
