0.000000000000000000e+00 2.000000000000000042e-02
2.499999999999999792e-02 5.250000000000000222e-01
4.999999999999999584e-02 7.655999999999999472e-01
7.499999999999999722e-02 8.449999999999999734e-01
9.999999999999999167e-02 8.895999999999999464e-01
1.249999999999999861e-01 9.160000000000000364e-01
1.499999999999999944e-01 9.425999999999999934e-01
1.749999999999999889e-01 9.264000000000000012e-01
1.999999999999999833e-01 9.694000000000000394e-01
2.249999999999999778e-01 9.888000000000000123e-01
2.499999999999999722e-01 9.596000000000000085e-01
2.749999999999999667e-01 9.983999999999999542e-01
2.999999999999999889e-01 9.896000000000000352e-01
3.249999999999999556e-01 9.798000000000000043e-01
3.499999999999999778e-01 9.798000000000000043e-01
3.749999999999999445e-01 9.801999999999999602e-01
3.999999999999999667e-01 9.699999999999999734e-01
4.249999999999999889e-01 9.901999999999999691e-01
4.499999999999999556e-01 9.801999999999999602e-01
4.749999999999999778e-01 9.998000000000000220e-01
4.999999999999999445e-01 9.996000000000000441e-01
5.249999999999999112e-01 1.000000000000000000e+00
5.499999999999999334e-01 1.000000000000000000e+00
5.749999999999999556e-01 9.901999999999999691e-01
5.999999999999999778e-01 1.000000000000000000e+00
6.250000000000000000e-01 1.000000000000000000e+00
6.499999999999999112e-01 9.901999999999999691e-01
6.749999999999999334e-01 1.000000000000000000e+00
6.999999999999999556e-01 9.998000000000000220e-01
7.249999999999999778e-01 1.000000000000000000e+00
7.499999999999998890e-01 9.998000000000000220e-01
7.749999999999999112e-01 9.998000000000000220e-01
7.999999999999999334e-01 1.000000000000000000e+00
8.249999999999999556e-01 1.000000000000000000e+00
8.499999999999999778e-01 1.000000000000000000e+00
8.749999999999998890e-01 1.000000000000000000e+00
8.999999999999999112e-01 1.000000000000000000e+00
9.249999999999999334e-01 1.000000000000000000e+00
9.499999999999999556e-01 1.000000000000000000e+00
9.749999999999999778e-01 1.000000000000000000e+00
