0.000000000000000000e+00 2.000000000000000042e-02
2.499999999999999792e-02 4.080000000000000293e-02
4.999999999999999584e-02 1.130000000000000032e-01
7.499999999999999722e-02 2.341999999999999915e-01
9.999999999999999167e-02 4.003999999999999782e-01
1.249999999999999861e-01 5.789999999999999591e-01
1.499999999999999944e-01 6.603999999999999870e-01
1.749999999999999889e-01 6.825999999999999845e-01
1.999999999999999833e-01 8.139999999999999458e-01
2.249999999999999778e-01 8.436000000000000165e-01
2.499999999999999722e-01 8.471999999999999531e-01
2.749999999999999667e-01 8.706000000000000405e-01
2.999999999999999889e-01 8.207999999999999741e-01
3.249999999999999556e-01 8.466000000000000192e-01
3.499999999999999778e-01 9.626000000000000112e-01
3.749999999999999445e-01 9.592000000000000526e-01
3.999999999999999667e-01 9.025999999999999579e-01
4.249999999999999889e-01 9.445999999999999952e-01
4.499999999999999556e-01 9.644000000000000350e-01
4.749999999999999778e-01 9.866000000000000325e-01
4.999999999999999445e-01 9.854000000000000536e-01
5.249999999999999112e-01 9.871999999999999664e-01
5.499999999999999334e-01 9.878000000000000114e-01
5.749999999999999556e-01 9.971999999999999753e-01
5.999999999999999778e-01 9.891999999999999682e-01
6.250000000000000000e-01 9.886000000000000343e-01
6.499999999999999112e-01 9.889999999999999902e-01
6.749999999999999334e-01 9.893999999999999462e-01
6.999999999999999556e-01 9.896000000000000352e-01
7.249999999999999778e-01 9.993999999999999551e-01
7.499999999999998890e-01 9.993999999999999551e-01
7.749999999999999112e-01 9.993999999999999551e-01
7.999999999999999334e-01 9.901999999999999691e-01
8.249999999999999556e-01 1.000000000000000000e+00
8.499999999999999778e-01 9.998000000000000220e-01
8.749999999999998890e-01 1.000000000000000000e+00
8.999999999999999112e-01 9.998000000000000220e-01
9.249999999999999334e-01 1.000000000000000000e+00
9.499999999999999556e-01 1.000000000000000000e+00
9.749999999999999778e-01 1.000000000000000000e+00
