3.0478114988452454
3.032286442341981
3.017411791642118
3.0031749098499017
2.989564233170256
2.9765694399471805
2.9641816192235115
2.9523934436566
2.9411993520534043
2.9305957473697344
2.9205812168019634
2.911156781647721
2.9023261860048315
2.8940962352209283
2.886477197440252
2.8794832848111547
2.873133235179324
2.8674510207612016
2.8624667178767496
2.8582175820364437
2.8547493865447287
2.8521181017699817
2.8503920184768745
2.84965445526451
2.850007241880334
2.8515752440215625
2.8545123019011704
2.8590091108182083
2.8653038028300983
2.8736963344748823
2.8845683094096035
2.8984106657867823
2.915862888978868
2.9377692963629833
2.9652607772778037
2.9998744078704203
3.0437282668760837
3.0997716813748806
3.1721201712288973
3.2664197357426055
3.389954927740784
3.550601707293178
3.7527803408354288
3.989500955580724
4.237199535712293
4.465667444631622
4.656036010200106
4.805607824753229
4.920506924985221
5.008679109266509
5.076955788088101
5.130499509099725
5.173043946495388
5.207263828698636
5.235085917474557
5.257914984254099
5.276790223844659
5.292492093016163
5.305615440902123
5.316620029099951
5.325865868059215
5.333638273666649
5.34016588391352
5.345633791819242
5.350193244884498
5.353968898489509
5.357064304140595
5.359566108142955
5.361547297051406
5.363069730675346
5.364186137002209
5.364941696708383
5.365375311718792
5.365520628401878
5.365406868643212
5.36505950931647
5.364500841246936
5.363750431720881
5.3628255092876325
5.361741285569582
5.360511225709271
5.359147276702805
5.35766006102095
5.3560590414749605
5.35435266214815
5.352548469315387
5.3506532155573865
5.34867294970436
5.346613094783268
5.34447851577085
5.342273578652425
5.340002202039879
5.337667902400233
5.335273833779939
5.332822822772622
5.330317399364113
5.327759824193713
5.325152112691349
5.322496056483878
5.319793242407843
5.317045069418822
5.3142527636475405
5.3114173918190435
5.308539873222269
5.305620990392752
5.3026613986500015
5.299661634612985
5.29662212380149
5.293543187417677
5.290425048390412
5.2872678367548875
5.2840715944311745
5.280836279457689
5.277561769728819
5.274247866280083
5.2708942961589775
5.267500714915146
5.264066708739441
5.260591796277898
5.257075430143436
5.253516998145308
5.2499158242537485
5.2462711693150315
5.242582231530083
5.238848146707934
5.235067988303646
5.231240767248779
5.227365431581072
5.223440865878728
5.219465890503451
5.215439260655331
5.211359665241542
5.207225725559896
5.203035993797325
5.1987889513424665
5.194483006910678
5.190116494478963
5.185687671027481
5.181194714083529
5.176635719063085
5.172008696404262
5.167311568486227
5.1625421663263875
5.1576982260479145
5.152777385108865
5.147777178283443
5.142695033385173
5.137528266720978
5.132274078264418
5.12692954653556
5.121491623174252
5.115957127192766
5.1103227388931325
5.104584993433743
5.0987402740292005
5.09278480476674
5.086714643022098
5.080525671457192
5.074213589581705
5.067773904860467
5.061201923348544
5.054492739836128
5.047641227485862
5.040642026945999
5.0334895349240565
5.02617789220727
5.018700971118443
5.011052362398777
5.003225361512941
4.995212954376487
4.9870078025115525
4.9786022276440445
4.96998819576436
4.9611573006844445
4.95210074713683
4.942809333476882
4.933273434067843
4.923482981450222
4.913427448422973
4.903095830194368
4.892476626796255
4.881557825997115
4.870326886997916
4.858770725251002
4.846875698807124
4.8346275966701295
4.822011629723785
4.809012424891572
4.795614023299024
4.7817998833296205
4.767552889600225
4.75285536902994
4.737689115336821
4.722035423468312
4.705875135650986
4.689188700929027
4.671956250242964
4.6541576892719725
4.6357728114137045
4.6167814333904404
4.597163556031293
4.576899552764742
4.555970388237123
4.5343578692197495
4.5120449295452865
4.489015950185647
4.465257114711335
4.4407567992213846
4.41550599437643
4.389498755391268
4.362732673754039
4.3352093620717955
4.306934940868659
4.277920513498193
4.248182612740637
4.21774360035037
4.186631999054414
4.154882735559966
4.1225372732912415
4.089643615094468
4.056256159203242
4.022435396408079
3.9882474425348584
3.9537634077423203
3.9190586123556415
3.884211667366318
3.849303445653477
3.814415976702526
3.7796313024674135
3.7450303345538813
3.7106917528331786
3.6766909829361145
3.643099285099387
3.6099829800391685
3.5774028295633644
3.545413581220798
3.514063678114156
3.4833951276617134
3.453443517015401
3.4242381582842927
3.395802343753635
3.3681536898599944
3.3413045485990467
3.3152624660511516
3.290030669526956
3.2656085671812707
3.2419922465658315
3.21917496128128
3.197147597484287
3.1758991143956967
3.1554169550709417
3.1356874255030434
3.1166960416271614
3.098427845001366
3.0808676888802378
3.064000497114858
