2.0353392585787216
2.0369695866888193
2.0380986244830908
2.038732996028571
2.0388796761589756
2.0385459586182435
2.0377394283951915
2.0364679379652966
2.034739587134684
2.0325627061668605
2.0299458418638032
2.0268977462687054
2.023427367657309
2.0195438434876856
2.0152564949839764
2.0105748230376363
2.0055085051198063
2.0000673929102426
1.9942615103616905
1.9881010519335227
1.9815963807447332
1.9747580264140225
1.9675966823736264
1.9601232024636452
1.9523485966349128
1.9442840256108482
1.9359407943821214
1.9273303444321286
1.918464244616322
1.909354180643735
1.9000119431348867
1.8904494142557802
1.8806785529532224
1.8707113788413707
1.8605599548132012
1.850236368473091
1.8397527125075008
1.829121064129593
1.8183534637501513
1.8074618930411699
1.7964582525696446
1.785354339187398
1.7741618233678569
1.7628922266827836
1.7515568996108346
1.7401669998657194
1.72873347142467
1.7172670244282564
1.7057781161103662
1.6942769329029543
1.6827733738440118
1.6712770353997506
1.6597971977934503
1.6483428129141693
1.6369224938591191
1.6255445061440525
1.6142167605971265
1.6029468079334954
1.5917418349907146
1.5806086625891496
1.5695537449671093
1.558583170727557
1.5477026652220873
1.53691759428839
1.526232969249783
1.515653453079426
1.5051833676275832
1.4948267018076429
1.4845871206354246
1.474467975016533
1.4644723121779144
1.4546028866423502
1.4448621716480377
1.4352523709197094
1.4257754307026236
1.4164330519761785
1.4072267027697007
1.398157630508992
1.38922687432839
1.3804352772893784
1.371783498452893
1.3632720247586123
1.3549011826703534
1.3466711495523782
1.338581964746779
1.3306335403272023
1.3228256715088778
1.3151580466993842
1.3076302571785634
1.3002418063997538
1.2929921189078417
1.285880548872628
1.2789063882387426
1.2720688744956457
1.265367198073391
1.2588005093715795
1.2523679254304918
1.2460685362546684
1.2399014108002904
1.233865602638577
1.227960155308116
1.2221841073695527
1.2165364971764507
1.2110163673763878
1.2056227691564692
1.2003547662474965
1.1952114387009392
1.190191886452773
1.18529523268802
1.180520627019611
1.1758672484948836
1.1713343084427095
1.1669210531739287
1.1626267665473442
1.1584507724131967
1.1543924369456189
1.1504511708751757
1.1466264316321864
1.1429177254111487
1.1393246091661542
1.1358466925468083
1.1324836397837972
1.1292351715328248
1.1261010666853286
1.1230811641539606
1.1201753646405281
1.1173836323937039
1.114705996963477
1.1121425549590267
1.1096934718163247
1.1073589835814852
1.1051393987155365
1.1030350999259877
1.1010465460302203
1.0991742738554127
1.0974189001793535
1.0957811237161517
1.0942617271504753
1.0928615792235492
1.0915816368737197
1.090422947433935
1.0893866508880077
1.0884739821869411
1.0876862736260673
1.0870249572830026
1.0864915675157825
1.0860877435196477
1.085815231940087
1.0856758895387228
1.0856716859074904
1.085804706225277
1.086077154049823
1.0864913541360295
1.0870497552701215
1.0877549331070835
1.0886095929965958
1.0896165727802494
1.090778845540049
1.092099522275193
1.0935818544806892
1.0952292365976728
1.097045208301064
1.099033456585671
1.1011978176067645
1.1035422782255822
1.1060709772041522
1.1087882059871523
1.1116984090012716
1.1148061833946734
1.1181162781306337
1.1216335923403156
1.1253631728297604
1.129310210625822
1.1334800364346798
1.137878114875007
1.1425100373358212
1.1473815132966836
1.1524983599352883
1.1578664898349809
1.1634918965924106
1.1693806381138439
1.1755388173779657
1.1819725604337536
1.1886879913948114
1.1956912041870513
1.2029882308056195
1.210585005840291
1.2184873270372911
1.2267008116806792
1.23523084859929
1.2440825456370055
1.253260672466216
1.2627695986779877
1.2726132271490016
1.2827949227659534
1.2933174366836528
1.3041828264043343
1.3153923720926493
1.3269464896832854
1.3388446414948358
1.351085245232504
1.3636655824404187
1.376581707647527
1.3898283596338583
1.4033988764196907
1.4172851157409339
1.4314773829109315
1.4459643680721186
1.460733094900398
1.4757688828307014
1.491055324814618
1.506574282492383
1.522305900456387
1.538228640999006
1.5543193403752307
1.5705532871757377
1.5869043229085946
1.6033449643425648
1.6198465465906136
1.6363793853312405
1.652912956002245
1.6694160872823058
1.6858571657251158
1.702204348051616
1.7184257773564546
1.7344897993585615
1.7503651748292963
1.7660212844649497
1.7814283227261818
1.7965574775320352
1.8113810931513008
1.8258728141568419
1.8400077088735607
1.8537623713326408
1.867115001318691
1.8800454626402878
1.8925353202495376
1.9045678572681766
1.916128073336555
1.927202665982481
1.937779996908203
1.947850045218603
1.957404349667593
1.9664359419907615
1.9749392733296691
1.982910135647126
1.9903455798932335
1.9972438325186914
2.0036042117538315
2.0094270448866816
2.014713587587808
2.0194659461491327
2.0236870033322347
2.027380348362197
2.0305502114574026
2.0332014031552568
