2.0838423824111576
2.0828695533667947
2.0819651309068483
2.0811290731650587
2.0803613529642853
2.07966195823845
2.0790308924148757
2.0784681747579334
2.0779738406747796
2.07754794198382
2.0771905471463956
2.076901741461972
2.0766816272270656
2.0765303238578774
2.0764479679765255
2.076434713460559
2.076490731455303
2.0766162103484263
2.076811355705905
2.0770763901684823
2.0774115533074564
2.077817101438521
2.078293307392201
2.078840460239208
2.079458864968929
2.0801488421190264
2.080910727353956
2.0817448709900717
2.0826516374647266
2.083631404746658
2.0846845636847213
2.0858115172918694
2.087012679961088
2.0882884766098133
2.089639341749155
2.0910657184741304
2.0925680573708743
2.0941468153366873
2.095802454308565
2.097535439895786
2.099346239911931
2.1012353228016067
2.103203155957095
2.105250203919983
2.107376926462848
2.109583776546007
2.1118711981443123
2.114239623939106
2.116689472870366
2.119221147544355
2.121835031492129
2.1245314862745435
2.1273108484296372
2.130173426258642
2.133119496447245
2.136149300519266
2.1392630411204223
2.142460878130562
2.145742924603457
2.1491092425341485
2.152559838454737
2.1560946588606313
2.1597135854704135
2.1634164303238155
2.1672029307237075
2.171072744029548
2.1750254423114477
2.1790605068757785
2.1831773226751743
2.187375172617859
2.1916532317933477
2.196010561633816
2.2004461040328405
2.2049586754455746
2.209546960996942
2.2142095086269435
2.218944723304695
2.2237508613453976
2.228626024866818
2.2335681564243615
2.2385750338660557
2.2436442654509037
2.248773285276002
2.253959349059514
2.2591995303279937
2.264490717057617
2.269829608819565
2.2752127144800607
2.280636350505322
2.2860966399210163
2.2915895119744043
2.2971107025456377
2.302655755352042
2.308220023986223
2.3137986748250317
2.319386690842048
2.324978876351272
2.3305698627040954
2.3361541149554466
2.3417259395083896
2.3472794927392737
2.352808790598047
2.358307719170581
2.363770046181749
2.3691894334100407
2.3745594499762106
2.3798735864606098
2.3851252697960064
2.3903078788753103
2.3954147608066236
2.4004392477416587
2.4053746741977804
2.4102143947889214
2.4149518022764553
2.419580345847711
2.424093549527486
2.4284850306264083
2.432748518129481
2.436877870928633
2.4408670958043786
2.4447103650639583
2.4484020337464294
2.451936656308856
2.455309002712335
2.4585140738315747
2.461547116117284
2.464403635446539
2.46707941010251
2.469570502831271
2.47187327192991
2.473984381326659
2.4759008096200645
2.477619858050609
2.4791391573841075
2.4804566736920854
2.4815707130198277
2.482479924937941
2.483183304978251
2.483680195959238
2.4839702882106423
2.484053618710604
2.4839305691525
2.483601862961949
2.4830685612876753
2.482332057992881
2.4813940736766575
2.4802566487576296
2.47892213565466
2.4773931901020276
2.4756727616389043
2.473764083315519
2.4716706606607026
2.4693962599579766
2.466944895879669
2.4643208185307905
2.4615284999566587
2.4585726201702958
2.4554580527576473
2.4521898501203836
2.4487732284176644
2.4452135522695535
2.4415163192857996
2.4376871444843893
2.4337317446646836
2.4296559227998387
2.425465552512792
2.4211665626992573
2.4167649223597234
2.412266625700841
2.407677677564239
2.4030040792382223
2.3982518147047838
2.3934268373708516
2.38853505732898
2.3835823291885525
2.378574440514253
2.373517100903914
2.3684159317332316
2.363276456589844
2.3581040924145427
2.3529041413623286
2.3476817833913124
2.3424420695826527
2.337189916190175
2.33193009941394
2.326667250887862
2.3214058538676348
2.3161502401016456
2.310904587364309
2.3056729176283106
2.3004590958497886
2.295266829338175
2.2900996676806393
2.2849610031895953
2.279854071840557
2.2747819546668495
2.2697475795771798
2.2647537235618955
2.2598030152538158
2.2548979378098704
2.2500408320803906
2.245233900033613
2.24047920840394
2.2357786925336427
2.231134160378888
2.226547296652363
2.2220196670761894
2.217552722720324
2.2131478044032207
2.208806147133055
2.2045288845694326
2.2003170534870584
2.1961715982244403
2.192093375102168
2.1880831567968713
2.1841416366583264
2.1802694329586423
2.1764670930636854
2.1727350975182826
2.1690738640377756
2.1654837513997656
2.161965063230836
2.158518051684016
2.155142921003719
2.151839830975618
2.1486089002597346
2.1454502096057215
2.1423638049498823
2.139349700394085
2.136407881067207
2.1335383058701964
2.130740910106219
2.1280156079977175
2.125362295092472
2.122780850561064
2.1202711393882403
2.1178330144609987
2.115466318556212
2.113170886230815
2.110946545617576
2.10879312012959
2.106710430076637
2.104698294196515
2.102756531104518
2.100884960664118
2.0990834052819345
2.0973516911299495
2.0956896492979293
2.094097116878835
2.092573937990018
2.091119964732787
2.089735058092943
2.088419088784633
2.0871719380398943
2.085993498345996
2.0848836741326693
