6.264733552677819
6.265261083162545
6.265870917152952
6.266563173117362
6.267337988172025
6.268195517659154
6.269135934669217
6.270159429505732
6.2712662090905775
6.272456496307676
6.273730529282654
6.275088560595954
6.276530856426642
6.278057695623978
6.279669368703655
6.281366176765405
6.283148430328541
.0018311409022295777
.003785248364253313
.005825776450588904
.007953059943488938
.010167435860162222
.012469241715344026
.014858813673887639
.0173364845890438
.019902581922057294
.022557425538749953
.025301325378766393
.028134578993245896
.031057468946817934
.034070260079936965
.037173196627826144
.04036649919253055
.043650361564907314
.04702494739376295
.05049038669979922
.05404677223253884
.057694155669010705
.06143254365365003
.06526189367963209
.069182109812715
.07319303825962464
.07729446278406105
.08148609997454859
.08576759436961812
.09013851344716173
.09459834248627175
.0991464793114103
.10378222893047884
.10850479808005709
.11331328969298227
.11820669730534483
.12318389942200092
.12824365386176062
.13338459210552323
.13860521367277645
.14390388055401626
.14927881172877377
.15472807780102915
.16024959578582543
.16584112408278617
.17150025767406873
.1772244235858924
.18301087665419402
.18885669563618102
.1947587797104191
.20071384540873005
.20671842402337948
.21276885953294222
.21886130708961904
.22499173210983692
.23115591000843594
.23734942661484038
.24356767930708134
.24980587889663042
.2560590522934607
.26232204597682873
.268589530292763
.2748560045943851
.28111580323584207
.2873631024249734
.2935919279338366
.2997961636600097
.3059695610251918
.3121057491911321
.3181982460664807
.3242404700717092
.3302257526230896
.33614735129070805
.3419984635799773
.34777224128086726
.3534618053245131
.35906026108275313
.36456071404277957
.369956285786337
.3752401302009627
.38040544984947644
.38544551242350433
.390353667207048
.395123361477161
.39974815677043196
.4042217449463763
.40853796398168907
.41269081343282643
.41667446950814746
.42048329969517084
.42411187689286045
.42755499300357336
.4308076719439642
.43386518203883195
.4367230477665096
.4393770608287797
.441823290522497
.4440580933939131
.4460781221602472
.4478803338861157
.4494619974051304
.45082069997925167
.4519543531902688
.45286119805921654
.4535398093905556
.4539890993385427
.45420832019364266
.45419706638683177
.45395527570957306
.4534832297469773
.4527815535213451
.4518512143429829
.4506935198649886
.44931011533858367
.4477029800657917
.44587442304665537
.4438270778190061
.4415638964899333
.43908814295977816
.43640338534144263
.4335134875804423
.4304226002840448
.42713515077138275
.4236558323602919
.41998959291096405
.4161416226511623
.41211734131270106
.4079223846140554
.4035625901292823
.39904398258877016
.39437275866261157
.38955527128255607
.3845980135633509
.37950760238880843
.37429076173201015
.36895430578258104
.36350512195686857
.3579501538690657
.35229638434278243
.3465508185432089
.34072046730987093
.33481233076894146
.3288333823022498
.3227905529474695
.31669071630052414
.3105406739870693
.3043471417650956
.29811673631524194
.2918559627694899
.2855712030225259
.27926870486340416
.2729545719582287
.2666347547075585
.26031504199518984
.254001053838004
.24769823493977583
.24141184914525038
.23514697478457958
.22890850089234327
.22270112427997457
.21652934743546304
.21039747721980717
.20430962432582866
.19826970346160877
.19228143421808586
.18634834257812294
.18047376302268514
.174660841188631
.168912537031928
.1632316284499442
.15762071531665267
.1520822238852153
.14661841151334887
.1412313716681579
.1359230391686186
.1306951956256377
.12554947504157177
.12048736953309813
.11551023514358327
.11061929771327339
.10581565877798393
.10110030146925286
.09647409639123072
.09193780745185531
.08749209762809596
.08313753464718943
.07887459656788742
.07470367724772586
.07062509168419151
.06663908121949014
.06274581860025474
.058945412885104354
.05523791419444901
.051623318298206655
.0481015710383792
.044672572584522285
.04133618152115126
.03809221876703184
.03494047132712019
.03188069587861975
.028912622193253412
.026035956398389182
.02325038408013036
.020555573231862745
.017951177052103695
.015436836595724479
.013012183282869572
.010676841270032433
.008430429687858343
.006272564750326559
.004202861739996067
.002220936873982282
.00032640905532410613
6.281704208693912
6.279983350523968
6.278348778116278
6.276800136497741
6.275337080576171
6.273959276296848
6.272666401714232
6.271458147982517
6.270334220268523
6.269294338590219
6.268338238584012
6.267465672203706
6.266676408353869
6.26597023346013
6.265346951978706
6.26480638684731
6.264348379879312
6.263972792102889
6.263679504046629
6.26346841597291
6.263339448060115
6.263292540534572
6.263327653752881
6.263444768235104
6.263643884649068
6.263925023745832
6.26428822624619
