4.290310099088811
4.289492286711226
4.288741260126131
4.288057259309873
4.287440536992225
4.286891358915524
4.286410004055062
4.285996764800185
4.285651947095395
4.285375870540656
4.2851688684499045
4.28503128786665
4.284963489535386
4.284965847827388
4.285038750619295
4.285182599122712
4.285397807662945
4.2856848034047434
4.286044026022824
4.2864759273147195
4.286980970753387
4.287559630976762
4.288212393211349
4.288939752626698
4.2897422136174965
4.290620289009816
4.291574499187884
4.2926053711376095
4.293713437402921
4.29489923495085
4.296163303941138
4.297506186396054
4.2989284247659665
4.300430560386161
4.302013131820296
4.303676673085864
4.305421711757002
4.30724876693999
4.309158347116846
4.311150947852495
4.313227049361096
4.315387113927342
4.31763158317869
4.319960875204823
4.322375381520973
4.324875463872118
4.327461450875594
4.330133634500184
4.332892266380435
4.335737553965643
4.338669656503829
4.341688680861937
4.344794677184491
4.347987634394196
4.351267475539078
4.354634052992285
4.358087143512032
4.361626443170877
4.365251562165156
4.368962019517301
4.372757237685658
4.376636537098464
4.380599130630812
4.384644118045582
4.388770480421613
4.392977074594725
4.397262627639501
4.401625731422121
4.406064837256851
4.410578250701039
4.415164126525675
4.419820463900632
4.424545101835578
4.429335714919278
4.434189809401438
4.439104719662441
4.444077605117124
4.449105447599264
4.454185049273461
4.459313031120697
4.46448583204298
4.469699708631058
4.47495073563717
4.480234807192322
4.485547638804369
4.490884770169497
4.496241568825377
4.501613234669328
4.506994805359458
4.51238116261073
4.5177670393915434
4.523147028019566
4.528515589148434
4.533867061629535
4.53919567322553
4.544495552144642
4.549760739357182
4.554985201648316
4.560162845353932
4.565287530719593
4.570353086816287
4.5753533269408
4.580282064423497
4.585133128761855
4.5899003819945055
4.594577735227847
4.599159165225465
4.603638730969677
4.608010590104617
4.612269015171197
4.616408409546189
4.620423323000396
4.6243084667944
4.628058728234664
4.631669184617703
4.635135116495488
4.638452020201275
4.641615619581335
4.644621876884726
4.647467002769969
4.650147465394442
4.6526599985590416
4.655001608887504
4.657169582026261
4.659161487857056
4.660975184720562
4.66260882265483
4.664060845657734
4.66532999298736
4.666415299518705
4.66731609517905
4.668032003487841
4.668562939230083
4.66890910529488
4.669070988713128
4.669049355930246
4.668845247351516
4.668459971198853
4.667895096718961
4.667152446783549
4.666234089922995
4.665142331835222
4.6638797064118345
4.662448966323789
4.660853073208839
4.659095187503023
4.657178657958305
4.655107010888298
4.652883939183729
4.650513291138966
4.647999059130555
4.645345368188206
4.642556464498133
4.639636703878033
4.6365905402622225
4.633422514234658
4.630137241646624
4.626739402354797
4.62323372911427
4.619624996659788
4.615918011007053
4.612117599004397
4.608228598163471
4.604255846795791
4.600204174480087
4.596078392883413
4.591883286956852
4.587623606524481
4.58330405828203
4.578929298219355
4.574503924478522
4.570032470656962
4.5655193995628105
4.56096909742722
4.556385868576166
4.5517739305620255
4.547137409753057
4.542480337376861
4.537806646011915
4.533120166519435
4.528424625406108
4.523723642606624
4.519020729673517
4.514319288360498
4.509622609584341
4.504933872749376
4.500256145417793
4.4955923833082725
4.490945430604944
4.486318020558216
4.481712776358824
4.477132212266261
4.472578734972776
4.4680546451842424
4.463562139399366
4.459103311869084
4.454680156718344
4.450294570212959
4.4459483531547885
4.44164321338906
4.43738076840835
4.433162548038398
4.4289899971916595
4.424864478675286
4.420787276040923
4.416759596464557
4.412782573645375
4.408857270713404
4.404984683136429
4.401165741617483
4.397401314974906
4.393692212997704
4.390039189269615
4.386442943955972
4.382904126548072
4.379423338560389
4.376001136176513
4.37263803284029
4.369334501789086
4.366090978526649
4.362907863233428
4.359785523112665
4.356724294670939
4.353724485932203
4.350786378584672
4.347910230060225
4.345096275546225
4.34234472992995
4.339655789675972
4.3370296346370765
4.334466429799444
4.331966326962966
4.329529466357699
4.327155978197563
4.324845984172471
4.322599598880141
4.32041693119893
4.3182980856030095
4.3162431634212854
4.314252264041437
4.3123254860604705
4.3104629283831635
4.308664691269758
4.306930877334242
4.305261592494476
4.303656946875451
4.302117055666825
4.300642039935887
4.299232027396995
4.2978871531384755
4.296607560307885
4.295393400756456
4.294244835643442
4.293162036001015
4.292145183260226
4.291194469738477
