2.2763706241509922
2.2765987032132795
2.276874370165599
2.2771975815676804
2.2775683034335046
2.2779865110990816
2.278452189065682
2.2789653308182523
2.27952593861864
2.2801340232732255
2.280789603874366
2.2814927075151203
2.282243368976493
2.283041630386455
2.2838875408498787
2.2847811560484352
2.285722537809452
2.2867117536426136
2.2877488762433558
2.2888339829616697
2.289967155235029
2.2911484779840148
2.2923780389691935
2.293655928107711
2.2949822367480124
2.296357056901032
2.297780480426166
2.299252598170261
2.3007734990578186
2.30234326913061
2.303961990534816
2.3056297404538206
2.307346589984789
2.3091126029570965
2.31092783469078
2.312792330693121
2.3147061252915773
2.3166692402012696
2.3186816830253782
2.3207434456868263
2.3228545027897702
2.3250148099095647
2.3272243018100003
2.329482890586819
2.331790463736702
2.3341468821511917
2.336551978035292
2.339005552750738
2.341507374584367
2.3440571764423197
2.3466546534712798
2.349299460608382
2.3519912100619695
2.3547294687258855
2.3575137555306362
2.3603435387353304
2.363218233165073
2.3661371973991656
2.369099730916279
2.3721050712035687
2.3751523908376235
2.3782407945459685
2.3813693162588976
2.3845369161623093
2.3877424777633145
2.3909848049813593
2.394262619278715
2.397574556845278
2.40091916585364
2.4042949038015085
2.407700134959631
2.411133127944339
2.414592053434868
2.418074982056547
2.4215798824517556
2.4251046195614077
2.4286469531403156
2.4322045365304135
2.4357749157162054
2.439355528687088
2.4429437051312988
2.446536666486157
2.4501315263689722
2.4537252914124927
2.4573148625280297
2.4608970366183716
2.4644685087614455
2.468025874884045
2.4715656349432926
2.4750841966313253
2.478577879616502
2.482042920331647
2.485475477317163
2.4888716371235624
2.492227420774732
2.4955387907895386
2.498801658755731
2.502011893446044
2.50516532946234
2.5082577763894722
2.511285028436191
2.5142428745362366
2.51712710887832
2.5199335418296016
2.5226580112130463
2.525296393895056
2.5278446176360045
2.5302986731526804
2.5326546263383776
2.534908630583356
2.5370569391357947
2.539095917441074
2.5410220553954623
2.542831979448806
2.544522464490063
2.5460904454489235
2.547533028547024
2.54884750213275
2.5500313470348033
2.5510822463713225
2.5519980947535252
2.5527770068254902
2.553417325084844
2.553917626932801
2.554276730905956
2.554493702046903
2.554567856375485
2.554498764427862
2.5542862538360573
2.553930410926583
2.5534315813227995
2.552790369541908
2.5520076375839924
2.551084502516929
2.5500223330675755
2.5488227452361745
2.5474875969572714
2.5460189818368164
2.54441922200113
2.5426908600992952
2.540836650506021
2.5388595497771735
2.5367627064148657
2.534549450003272
2.532223279780034
2.52978785271128
2.527246971140899
2.524604570086611
2.5218647042567657
2.519031534862405
2.5161093162992287
2.5131023827734147
2.510015134944055
2.5068520266530516
2.503617551810974
2.500316231504277
2.4969526013859316
2.4935311994075313
2.4900565539466157
2.486533172378408
2.4829655301360933
2.47935806029885
2.4757151437413896
2.4720410998735733
2.4683401779932783
2.464616549270353
2.460874299374364
2.4571174217537575
2.4533498115692183
2.4495752602794223
2.445797450873078
2.4420199537370983
2.438246223147134
2.434479594363335
2.4307232813112574
2.4269803748252876
2.423253841429675
2.4195465226304673
2.4158611346901395
2.4122002688555533
2.408566392009071
2.40496184771213
2.401388857610435
2.3978495231698425
2.3943458277124527
2.39087963872284
2.387452710395076
2.3840666863920923
2.38072310278994
2.377423391180608
2.3741688819083357
2.3709608074156545
2.367800305676724
2.364688423696995
2.361626121059608
2.3586142735003683
2.3556536764945903
2.3527450488404966
2.3498890362252087
2.3470862147607328
2.3443370944786075
2.341642122773152
2.3390016877843713
2.336416121712791
2.33388570405943
2.3314106647852224
2.3289911873850713
2.326627411872561
2.324319437672207
2.322067326416814
2.3198711046481897
2.3177307664200626
2.3156462758026635
2.3136175692888283
2.311644558101996
2.3097271304068876
2.3078651534238848
2.3060584754486015
2.3043069277782386
2.302610326546649
2.300968474470178
2.29938116250651
2.2978481714289103
2.2963692733182697
2.2949442329755456
2.293572809257144
2.292254756335897
2.2909898248902447
2.289777763224256
2.2886183183211415
2.287511236832774
2.2864562660078374
2.2854531545610453
2.2845016534858846
2.283601516813256
2.2827525023183046
2.281954372177637
2.281206893579098
2.28050983928612
2.2798629881586248
2.2792661256323274
2.278719044158226
2.2782215436039532
2.277773431618563
2.277374523962246
2.277024644802353
2.2767236269770184
2.2764713122275815
2.2762675514008937
2.276112204622514
2.276005141441699
2.2759462409490006
2.2759353918671756
2.275972492616029
2.2760574513517504
2.27619018598112
