.10965603559398573
.10975735220294691
.10993194954439289
.11017964772949895
.11050027459011513
.11089366564178604
.11135966399739416
.11189812023187073
.11250889219830995
.11319184479570499
.1139468496884346
.11477378497751456
.11567253482354545
.11664298902116954
.11768504252478973
.11879859492518374
.1199835498765971
.12123981447377563
.12256729857839144
.1239659140941729
.12543557419005413
.12697619247057013
.1285876820926788
.13026995482817672
.13202292007081784
.13384648378723885
.13574054741079156
.13770500667735686
.13973975040226705
.14184465919745026
.14401960412797443
.14626444530720661
.14857903042988596
.15096319324247442
.15341675195027182
.15593950756088226
.15853124216377612
.16119171714583214
.16392067134294486
.16671781912797723
.16958284843555216
.17251541872445308
.17551515887865587
.1785816650483305
.18171449843246812
.18491318300514958
.1881772031878457
.1915060014705645
.1948989759850619
.1983554780338368
.20187480957908566
.2054562206963153
.20909890699786438
.21280200703211172
.2165645996647756
.22038570144924385
.22426426399356814
.22819917133230216
.23218923731205887
.23623320300027473
.24032973412730474
.24447741857262884
.24867476390655074
.25292019499939045
.2572120517107619
.2615485866720597
.26592796317582224
.270348253186091
.27480743548431263
.2793033939657006
.2838339161012353
.2883966915807328
.29298931115250415
.2976092656752005
.30225394539734474
.30692063947991244
.3116065357770168
.31630872088937245
.3210241805046996
.32574980003855103
.3304823655883258
.33521856521227633
.3399549905443351
.3446881387544094
.3494144148625251
.3541301344138139
.35883152651983696
.3635147372701475
.3681758335162888
.37281080702868863
.37741557902504574
.3819860050669641
.3865178803196354
.39100694516748025
.3954488911766907
.39983936739373416
.4041739869669678
.40844833407672354
.41265797115742764
.4167984463936758
.42086530147059165
.4248540795573694
.42876033350153797
.4325796342103043
.43630757919429897
.4399398012481228
.44347197724137466
.44689983699322866
.4502191722032176
.45342584541058795
.4565157989544453
.45948506390692856
.4623297689517569
.4650461491807647
.4676305547813664
.4700794595883435
.4723894694738622
.4745573305502173
.4765799371604027
.47845433963230555
.4801777517729855
.48174755808019665
.4831613206490246
.48441678575218905
.4855118900732478
.4864447665726095
.48721374996690514
.4878173818028966
.4882544151077557
.4885238185981384
.4886247804311106
.48855671148065927
.48831924812416627
.4879122545239687
.487335824389894
.486590282209554
.4856761839341237
.48459431710840306
.4833457004351853
.48193158276529235
.4803534415061561
.47861298044348466
.47671212697243526
.4746530287367321
.47243804967638514
.47006976548708224
.46755095849685535
.4648846119683938
.462073903838216
.4591221999068722
.4560330464974971
.4528101626030976
.44945743154617546
.44597889217744413
.4423787296434867
.4386612657562612
.43483094900023733
.430892344215672
.42685012199903216
.42270904786385
.4184739712072112
.4141498141287503
.40974156015026875
.4052542428849968
.4006929347060142
.39606273546338944
.39136876129929643
.38661613360953506
.38180996819874125
.37695536467494684
.3720573961271745
.36712109912741386
.3621514640956427
.3571534260635856
.3521318558696658
.34709155181417284
.3420372318000311
.33697352598080776
.3319049699337846
.3268359983720366
.32177093940561186
.3167140093581091
.3116693081412283
.3066408151863058
.3016323859284089
.2966477488353494
.291690502970976
.28676411607932106
.28187192317367415
.2770171256124101
.2722027906414102
.2674318513812519
.262707107235884
.25803122469840023
.25340673852861073
.24883605327650393
.24432144512532084
.23986506402777596
.23546893610905872
.23113496631047425
.2268649412480208
.22266053226079308
.21852329862481756
.2144546909087719
.21045605444899707
.20652863292222978
.20267357199557345
.1988919230343944
.19518464684998715
.19155261747007835
.18799662591642008
.18451738397498474
.1811155279454013
.177791622357522
.1745461636440897
.17137958375963525
.1682922537367757
.1652844871721113
.16235654363490326
.15950863199262688
.1567409136483553
.15405350568576814
.1514464839182983
.14891988583966942
.14647371347369287
.14410793612181028
.14182249300739702
.13961729581632287
.1374922311337361
.1354471627774032
.13348193402829622
.13159636975944355
.1297902784642968
.1280634541861403
.12641567835021572
.1248467215004494
.1233563449427626
.12194430229708253
.12061034096022993
.11935420348192949
.1181756288562168
.11707435373054942
.11605011353489925
.11510264353311683
.11423167979880589
.11343696011791238
.11271822482018035
.11207521754155003
.11150768591950477
.11101538222330731
.11059806392095073
.11025549418457015
.10998744233597879
.10979368423384628
.10967400260398819
.10962818731407342
