.021355189723106058
.0212429312929471
.021116833671470756
.020976280370793764
.020820702511202407
.020649577433502857
.020462427344571384
.020258818015527015
.02003835754967545
.019800695235906697
.01954552050258806
.01927256198723052
.018981586738407344
.018672399568710425
.018344842581159343
.017998794896741763
.01763417261812538
.017250929074691883
.016849055407847292
.01642858157441528
.015989577871784264
.015532157124225943
.015056477719671325
.014562747756558619
.014051230660749403
.013522252777684823
.01297621365789439
.012413600071062148
.0118350052636819
.011241155713842781
.010632948793765997
.010011506597330943
.00937825419246414
.008735035529920344
.008084288605521068
.007429315707271298
.006774708805313679
.006127030386438616
.005495911371044335
.004895796866019943
.004348544516000916
.0038865527543959924
.003554068682881333
.003400466877786113
.0034603704544247356
.0037331311845978992
.004185631307596996
.0047740774164778624
.005460660462801618
.006218007903458359
.007027564106247766
.007876892099441259
.008757531553265998
.00966357049650565
.010590742975117107
.011535864473452912
.01249647550768224
.013470612836485055
.014456659682207837
.015453245681118378
.016459178734659158
.01747339773100801
.018494939186165897
.019522913341474026
.020556486798203325
.021594869745287522
.022637306463689062
.02368306820145868
.024731447786672463
.025781755529959663
.02683331609485812
.02788546610218249
.02893755229653236
.029988930147219303
.0310389627877334
.032087020221078524
.033132478735394204
.034174720486987886
.03521313321743245
.03624711007859367
.037276049544953796
.038299355396822374
.03931643676130024
.04032670820041031
.04132958983781223
.042324507517097286
.043310892985913674
.044288184101176103
.045255825051416836
.04621326659298726
.047159966297343904
.04809538880708437
.049019006098750414
.04993029775070561
.05082875121463384
.05171386208940498
.05258513439622035
.05344208085408755
.05428422315479548
.05511109223665457
.05592222855635555
.056717182358369055
.05749551394137137
.05825679392123415
.05900060349016182
.059726534671600794
.060434190570578944
.061123185619165195
.061793145816767495
.06244370896500806
.06307452489694271
.06368525570040494
.06427557593527765
.06484517284451033
.06539374655871456
.0659210102941859
.06642669054421417
.06691052726355406
.067372274045944
.06781169829456965
.06822858138538095
.06862271882318324
.06899392039043102
.06934201028866718
.06966682727255735
.0699682247764807
.07024607103364981
.0705002491877405
.0707306573970241
.07093720893100432
.07111983225957258
.07127847113470398
.07141308466472968
.0715236473812311
.07161014929861195
.07167259596641688
.07171100851447802
.07172542369097942
.07171589389354746
.07168248719348268
.07162528735326497
.07154439383747814
.07143992181731179
.07131200216881466
.07116078146508992
.07098642196263637
.07078910158205692
.07056901388337375
.07032636803620582
.07006138878508315
.06977431641019088
.06946540668385706
.06913493082311664
.06878317543870628
.06841044248086592
.06801704918234536
.0676033279990365
.06716962654867673
.0667163075480903
.06624374874946161
.06575234287615583
.06524249755862815
.06471463527098668
.06416919326879622
.06360662352873331
.0630273926907227
.062431982003204566
.061820887272195944
.061194618814821626
.060553701417997485
.059898674302945716
.05923009109621794
.058548519807879305
.05785454281747963
.05714875686838994
.05643177307101998
.0557042169153447
.05496672829305538
.05421996152950457
.053464585425430096
.05270128330821315
.05193075309214056
.051153707346791706
.050370873372246563
.04958299327929739
.048790824072229816
.04799513773100438
.04719672128879375
.04639637689980271
.045594921891084404
.04479318879065817
.043992025322594074
.04319229435784658
.04239487380746463
.04160065644236078
.04081054962108085
.040025474903964256
.03924636752874197
.0384741757190026
.03770985979312519
.03695439103730303
.03620875030229646
.03547392627971523
.034750913410171995
.03404070937286431
.033344312104392065
.0326627162943445
.03199690930691481
.03134786648208515
.030716545777398147
.030103881722592117
.029510778674995467
.02893810338396588
.028386676898037495
.027857265878670844
.027350573419037277
.026867229504016012
.026407781286860423
.02597268339649968
.02556228852435045
.02517683856759208
.024816456623759673
.024481140136097885
.02417075547789975
.02388503423556345
.023623571404282166
.02338582564868713
.02317112170657991
.02297865493175237
.022807497887432224
.0226566088211664
.022524841780767055
.022410958074173315
.022313638737193685
.022231497653792107
.02216309497377324
.022106950490667736
.02206155667528896
.02202539110399836
.021996928071006727
.021974649227034175
.021957053138801294
.0219426637122945
.02193003746551969
.021917769672318985
.02190449942728665
.021888913702982793
.0218697504850445
.02184580107924884
.021815911688059155
.021778984353689156
.021733977361217283
.0216799051896514
.0216158380918346
.021540901376324265
.02145427445635625
