.1181482088163112
.11873964559685839
.11933896658752047
.11994561211378908
.12055910545831897
.1211790512926633
.12180513383866054
.12243711478060654
.12307483094734022
.12371819178154113
.12436717661188867
.12502183174230197
.12568226737125623
.1263486543531761
.12702122081313227
.1277002486255071
.12838606976694264
.12907906255372553
.12977964777379375
.1304882847237241
.1312054671614041
.13193171918553284
.13266759105365225
.13341365495103363
.13417050072342576
.13493873158736022
.1357189598324167
.1365118025305095
.13731787726787195
.13813779791594852
.13897217045782886
.13982158888716711
.1406866311966866
.14156785547337628
.14246579611730645
.1433809602006558
.14431382398298379
.14526482959808099
.1462343819268084
.1472228456692638
.14823054262836574
.14925774921555807
.1503046941878074
.15137155662345342
.15245846414274267
.15356549137712971
.1546926586896154
.15583993114659944
.15700721773995602
.1581943708563
.15940118598877825
.16062740168515896
.16187269972454688
.16313670551376666
.16441898869327634
.16571906394148173
.1670363919654765
.16837038066555673
.16972038646033855
.17108571575897347
.17246562656673786
.17385933021024555
.17526599316860642
.1766847389970795
.17811465033008828
.1795547709508983
.18100410791576246
.18246163372093113
.1839262885015493
.18539698225216103
.1868725970592399
.18835198933690647
.18983399205773102
.1913174169712521
.19280105680357995
.19428368743215046
.19576407003039642
.19724095317774512
.1987130749309811
.20017916485360351
.20163794600034654
.2030881368545483
.2045284532165132
.20595761004144894
.2073743232259383
.20877731134225935
.21016529732017494
.21153701007609033
.2128911860897177
.21422657092859057
.21554192072096232
.21683600357775953
.2181076009644015
.21935550902339288
.22057853984868328
.22177552271285078
.2229453052482136
.22408675458301336
.22519875843382336
.22628022615535454
.22733008974882926
.2283473048300779
.22933085155850763
.23027973552806838
.23119298862130985
.23206966982760366
.23290886602656863
.23370969273769934
.23447129483717025
.23519284724274975
.2358735555677171
.23651265674464753
.23710941961989176
.23766314551953982
.23817316878763098
.23863885729733786
.23905961293582076
.2394348720634253
.23976410594786354
.24004682117400364
.24028256002985812
.24047090086935533
.24061145845244827
.24070388426310396
.240747866805705
.24074313188037516
.24068944283774105
.2405866008136203
.2404344449441343
.24023285256172827
.23998173937258155
.2396810596158906
.23933080620550554
.23893101085440074
.23848174418246568
.2379831158081028
.23743527442412174
.23683840785842888
.23619274312001406
.23549854643073845
.23475612324344278
.23396581824688847
.2331280153580635
.23224313770237773
.23131164758228226
.2303340464348531
.22931087477886972
.22824271215193218
.22713017703814256
.2259739267868806
.22477465752318507
.2235331040502416
.22225003974445376
.2209262764435489
.2195626643281362
.2181600917970902
.21671948533708388
.2152418093865271
.21372806619410048
.21217929567197114
.21059657524368694
.20898101968660937
.2073337809686086
.20565604807857724
.20394904685012097
.2022140397775743
.200452325823227
.1986652402143672
.19685415422841618
.19502047496406613
.1931656450959157
.19129114260962904
.18939848051413494
.1874892065267874
.1855649027267867
.1836271851714318
.18167770346901144
.1797181403012798
.17775021088754195
.17577566238136827
.17379627318988494
.17181385220443682
.16983023793021265
.1678472975011464
.16586692556510352
.16389104302301782
.1619215956043059
.1599605522595659
.158009903350314
.15607165861436137
.15414784488443875
.15224050353690077
.1503516876468584
.14848345882596678
.1466378837194425
.14481703013977976
.14302296281619348
.14125773874114297
.1395234020984823
.13782197876196048
.13615547035802758
.13452584789326935
.1329350449543607
.1313849504971558
.129877401251443
.12841417377885087
.12699697623325942
.12562743988562663
.12430711048807236
.1230374395650012
.12181977573154884
.12065535615118701
.11954529825437951
.11849059184816878
.1174920917519263
.1165505110967053
.11566641542423588
.11484021771629162
.11407217447572467
.11336238296695667
.11271077970626149
.11211714027123376
.11158108047495302
.1111020589243103
.1106793809546439
.11031220390524081
.10999954367338252
.10974028245947917
.10953317759331876
.10937687131235002
.10926990134779847
.1092107121636864
.1091976666876493
.10922905837078073
.10930312341635562
.109418053023759
.10957200550377132
.10976311813386899
.10998951863675129
.11024933618119027
.11054071182088004
.1108618083036346
.11121081919952136
.11158597731189775
.11198556234950026
.11240790785048184
.11285140736044903
.11331451987605783
.11379577457356908
.11429377484801327
.1148072016933585
.11533481645744904
.1158754630076372
.11642806934412357
.11699164869821949
.11756530015220192
