.74896196743918
.7498318720399609
.7505979868735464
.7512597131618514
.7518165249776071
.7522679696464343
.7526136681006652
.7528533151849408
.7529866799136361
.7530136056801482
.7529340104180854
.7527478867144002
.7524553018745019
.7520563979393842
.7515513916548038
.7509405743925475
.7502243120238088
.7494030447447116
.7484772868540039
.7474476264829368
.7463147252773566
.7450793180320082
.7437422122770695
.7423042878169005
.7407664962210151
.7391298602672395
.7373954733370506
.7355644987630315
.7336381691284242
.7316177855186906
.7295047167250248
.7273003983997086
.7250063321632277
.7226240846630018
.720155286583596
.7176016316082607
.7149648753316085
.7122468341232444
.7094493839421114
.7065744591013253
.7036240509832326
.7006002067044134
.6975050277303193
.6943406684392376
.6911093346352323
.6878132820097146
.6844548145512712
.6810362829033698
.6775600826695571
.6740286526657544
.670444473119266
.6668100638141159
.6631279821823316
.6594008213408533
.6556312080737271
.6518218007593095
.6479752872422629
.6440943826501723
.6401818271546916
.6362403836772328
.6322728355393005
.6282819840577143
.6242706460851031
.6202416514962157
.616197840620793
.6121420616239405
.6080771678352063
.6040060150277956
.5999314586496828
.5958563510086677
.591783538413801
.5877158582759567
.5836561361707572
.5796071828674768
.57557179132803
.5715527336806352
.5675527581732666
.563574586112542
.5596209087942773
.5556943844324894
.5517976350942475
.5479332436483572
.544103750736467
.5403116517757854
.5365593940031774
.532849373570975
.5291839327053611
.5255653569386978
.5219958724275924
.5184776433689012
.51501276952617
.5116032838792576
.5082511504100193
.5049582620369696
.501726438711784
.49855742569027817
.49545289199020787
.4924144290477417
.4894435495838901
.48654168669137593
.4837101931515785
.4809503409901043
.47826332127835797
.4756502441871472
.473112139296886
.47064995616738176
.46826456516847026
.4659567585709835
.4637272518956514
.4615766855156003
.45950562650614085
.45751457073355484
.45560394517258546
.45377411044042104
.45202536353302436
.45035794074788466
.44877202077553147
.4472677279405781
.44584513557162114
.44450426947805305
.4432451115107597
.4420676031827821
.44097164932534166
.4399571217541771
.4390238629208919
.43817168952401103
.43740039605466435
.43670975825225583
.4360995364461396
.4355694787602007
.43511932415830756
.43474880530987364
.4344576512561814
.43424558985973616
.43411235002063703
.4340576636458025
.4340812673588518
.43418290394048353
.4343623234912945
.43461928431113134
.4349535534912423
.4353649072176829
.4358531307865885
.4364180183340759
.43705937228561637
.4377770025317638
.4385707253390528
.43944036200675174
.44038573728188984
.44140667754660445
.44250300879335397
.4436745544048811
.44492113275702033
.44624255466347246
.4476386206825503
.4491091183065972
.4506538190553047
.4522724754945173
.4539648182022723
.45573055270384133
.4575693563973462
.45948087549120215
.4614647219741338
.46352047063784746
.46564765617166587
.4678457703474816
.47011425931235473
.47245252100490503
.4748599027104151
.47733569876821924
.47987914844356677
.48248943397471195
.4851656788044992
.4879069460042403
.4907122368961845
.4935804898794039
.49651057946247734
.49950131550494553
.5025514426681572
.5056596400748378
.5088245211754837
.5120446338185614
.5153184605204307
.5186444189299478
.5220208624818496
.5254460812322462
.5289183028688808
.5324356938882475
.5359963609311866
.5395983522681841
.5432396594253267
.5469182189416539
.5506319142485193
.5543785776615363
.5581559924756997
.5619618951543542
.5657939776028398
.5696498895178137
.5735272408035074
.5774236040464299
.581336517040359
.5852634853537677
.5892019849322019
.5931494647284935
.597103349354056
.6010610417449092
.605019925836451
.6089773692413919
.6129307259256322
.6168773388772444
.6208145427640823
.624739666575881
.6286500362470637
.6325429772567761
.6364158172029889
.6402658883477974
.6440905301313075
.6478870916517785
.651652934109912
.6553854332154037
.6590819815540975
.6627399909142442
.6663568945705686
.6699301495249939
.6734572387030247
.6769356731049149
.6803629939108808
.683736774539708
.6870546226602191
.6903141821551335
.693513135036943
.6966492033154911
.6997201508169857
.7027237849542678
.705657958448148
.7085205709997126
.711309570913498
.7140229566714883
.7166587784578848
.7192151396346443
.7216901981677833
.7240821680044623
.7263893204008719
.7286099852009615
.7307425520660453
.732785471655325
.7347372567573953
.7365964833727565
.7383617917474115
.740031887357579
.7416055418455911
.7430815939070144
.7444589501290569
.7457365857802993
.7469135455518171
.7479889442497218
