.8299818100656337
.829323952690272
.8285502620004003
.8276613280646078
.8266578269120609
.825540520070214
.8243102540442172
.82296795973788
.8215146518159793
.8199514280077106
.8182794683510585
.8165000343778139
.8146144682389872
.8126241917702929
.8105307054974115
.8083355875806483
.8060404926986593
.8036471508708047
.8011573662177559
.7985730156598779
.7958960475529437
.7931284802606808
.790272400663648
.7873299626039137
.7843033852649814
.7811949514864166
.7780070060125996
.7747419536750171
.7714022575075241
.7679904367939917
.764509065047776
.7609607679224516
.7573482210532902
.753674147828976
.7499413170931312
.7461525407752421
.7423106714506735
.7384185998295296
.7344792521742265
.7304955876457612
.7264705955787957
.7224072926858247
.7183087201908913
.7141779408935236
.710018036163759
.7058321028694321
.7016232502371405
.6973945966486517
.6931492663748368
.6888903862496203
.6846210822868088
.6803444762431475
.6760636821313931
.6717818026877319
.6675019257983809
.6632271208908121
.6589604352956168
.6547048905856677
.6504634788998837
.6462391592595572
.6420348538859065
.6378534445282034
.6336977688125042
.6295706166217387
.6254747265185339
.6214127822228952
.6173874091573952
.6134011710732016
.6094565667707423
.6055560269293498
.6017019110605619
.5978965046001631
.5941420161541789
.5904405749142543
.5867942282577661
.5832049395479608
.579674586149089
.5762049576711541
.5727977544582946
.5694545863341185
.5661769716164455
.562966336412842
.5598240142071805
.5567512457460664
.5537491792324875
.5508188708323969
.5479612854981496
.5451772981108299
.5424676949415072
.539833175429358
.5372743542724701
.5347917638249254
.5323858567915668
.5300570092096222
.5278055237041891
.5256316330024304
.5235355036892958
.5215172401855751
.5195768889272957
.5177144427237103
.5159298452696318
.5142229957864345
.5125937537649131
.5110419437821474
.5095673603637954
.5081697728626301
.5068489303238315
.5056045663073916
.5044364036381151
.5033441590539994
.5023275477242987
.5013862876093261
.5005201036349429
.4997287316558153
.499011922182782
.4983694438511189
.4978010866080835
.4973066645998184
.4968860187395704
.4965390189410927
.49626556600316973
.4960655931333204
.4959390671009246
.4958859890122757
.49590639470235603
.49600035474045
.4961679740490722
.4964093911380224
.49672477695774125
.49711433337847444
.4975782913040479
.4981169084313239
.4987304666686117
.4994192692284466
.500183637412193
.5010239071059017
.5019404250086651
.5029335446164617
.5040036219860219
.5051510113046813
.5063760602934236
.5076791054713712
.5090604673108432
.5105204453127595
.5120593130325862
.5136773130872446
.5153746521733751
.5171514961270884
.5190079650548524
.520944128564441
.5229600011239184
.5250555375754826
.5272306288295997
.5294850977633249
.53181869534495
.5342310970052369
.5367218992734669
.5392906166944015
.5419366790400271
.5446594288276745
.547458119153784
.5503319118502632
.5532798759680668
.5563009865903784
.5593941239755378
.5625580730277755
.5657915230917726
.5690930680651993
.5724612068216153
.5758943439345257
.5793907906919482
.5829487663895572
.5865663998893822
.5902417314301015
.5939727146742108
.5977572189767488
.6015930318598477
.6054778616770845
.6094093404514892
.613385026871079
.6174024094259208
.6214589096709584
.6255518855992257
.6296786351104648
.6338363995607315
.6380223673791094
.6422336777383238
.646467424266701
.6507206587896434
.6549903950894999
.6592736126734727
.663567260539925
.6678682609342002
.672173513085803
.6764798969194735
.680784276733406
.6850835048385028
.6893744251532086
.6936538767490484
.6979186973425813
.7021657267300139
.7063918101611971
.7105938016502129
.7147685672201847
.7189129880803077
.7230239637334999
.7270984150133472
.7311332870493571
.735125552159752
.7390722126713061
.7429703036659064
.7468168956537181
.7506090971729692
.7543440573165486
.7580189681856586
.7616310672709368
.7651776397614702
.7686560207822508
.7720635975606259
.775397811522366
.7786561603179782
.7818361997799442
.7849355458115267
.7879518762078251
.7908829324097612
.793726521191634
.796480516282893
.7991428599247759
.8017115643623925
.8041847132728573
.8065604631300302
.8088370445063867
.8110127633125468
.813086001974916
.8150552205519093
.8169189577891716
.8186758321141914
.8203245425706733
.8218638696930058
.8232926763211466
.8246099083561983
.825814595456943
.8269058516775749
.8278828760468363
.8287449530887484
.829491453285119
.8301218334799387
.8306356372258382
.8310324950726681
.831312124798323
.8314743315818481
.8315190081189039
.8314461346795935
.8312557791086966
.8309480967682698
.8305233304226278
