.8197878524399996
.8195601682889995
.8192255306385465
.8187840170042164
.8182357798876402
.817581046838889
.8168201204694001
.8159533784154958
.8149812732525128
.8139043323596115
.812723157735275
.8114384257635421
.8100508869310029
.8085613654945619
.8069707590999899
.8052800383512708
.8034902463307171
.8016024980698488
.799617979971004
.7975379491796022
.7953637329070458
.7930967277041244
.7907383986848601
.7882902787006437
.7857539674645441
.7831311306255904
.7804234987928772
.7776328665092279
.7747610911742185
.771810091916257
.7687818484134386
.7656783996628326
.7625018426978647
.7592543312533901
.75593807437805
.7525553349934757
.7491084283998631
.7455997207274323
.7420316273332521
.7384066111429043
.7347271809364242
.7309958895779788
.7272153321886945
.7233881442620864
.7195169997215256
.7156046089192112
.7116537165761146
.7076670996624506
.7036475652182218
.6995979481134783
.6955211087480165
.6914199306903147
.6872973182556248
.6831561940232911
.6789994962934788
.6748301764837216
.67065119646585
.6664655258441522
.6622761391757853
.6580860131348446
.6538981236217237
.6497154428197857
.6455409362017502
.6413775594885704
.6372282555640625
.6330959513489678
.6289835546386884
.6248939509094169
.6208300000979546
.6167945333611236
.61279034982122
.6088202133046292
.6048868490813295
.6009929406136423
.5971411263232388
.5933339963860199
.5895740895651208
.5858638900928622
.5822058246130246
.5786022591953386
.5750554964345196
.5715677726466102
.5681412551756184
.5647780398237736
.561480148418744
.558249526531258
.5550880413564134
.5519974797717688
.5489795465849159
.5460358629827567
.5431679651940492
.5403773033759641
.5376652407345031
.535033052887475
.5324819274775462
.5300129640414654
.5276271741400965
.5253254817522752
.5231087239337768
.5209776517408959
.5189329314162849
.5169751458327579
.5151047961888646
.5133223039480824
.5116280130115599
.5100221921124966
.5085050374184026
.5070766753258329
.5057371654305407
.5044865036545775
.5033246255105425
.5022514094820719
.5012666804986806
.5003702134823612
.4995617369427597
.498840936597439
.49820745899362306
.49766091510788524
.4972008839005835
.49682691580232247
.4965385361104583
.49633524827452685
.49621653705057034
.4961818715055267
.4962307078542528
.49636249211320155
.4965766625564135
.4968726519611402
.4972498896321931
.4977078031959237
.49824582015657876
.49886336920963864
.4995598813086177
.500334790483636
.5011875344119009
.5021175547419677
.5031242971754175
.5042072113111467
.5053657502590818
.5065993700315512
.5079075287219184
.5092896854813496
.510745299305685
.5122738276454558
.5138747248529437
.515547440480984
.5172914174488312
.5191060900909586
.5209908821050312
.5229452044155648
.5249684529699413
.5270600064834564
.529219224149998
.5314454433347386
.5337379772649251
.5360961127344314
.5385191078372329
.5410061897443815
.5435565525383736
.5461693551180781
.5488437191865738
.5515787273334023
.5543734212218218
.55722679989073
.5601378181799346
.5631053852864916
.5661283634588112
.5692055668342545
.5723357604249493
.5755176592555735
.578749927655899
.582031178709984
.5853599738629721
.5887348226856326
.5921541827959567
.5956164599363519
.5991200082042791
.6026631304335008
.6062440787225232
.6098610551062511
.6135122123663853
.6171956549756711
.6209094401707093
.6246515791477335
.6284200383754793
.6322127410190622
.6360275684686014
.6398623619662261
.6437149243249969
.6475830217332696
.6514643856380157
.6553567147006477
.6592576768189837
.6631649112090718
.6670760305407218
.6709886231207371
.6749002551180098
.6788084728248108
.6827108049488136
.6866047649305889
.6904878532815135
.694357559937281
.698211366622378
.7020467492211695
.705861180151412
.7096521307362732
.7134170735711299
.7171534848816511
.7208588468698702
.7245306500451665
.7281663955372697
.7317635973885853
.7353197848233458
.7388325044912384
.7422993226833411
.7457178275183798
.7490856310974201
.7524003716253063
.7556597154972485
.7588613593491177
.7620030320701028
.7650824967765165
.768097552745618
.7710460373084357
.7739258277006533
.7767348428706977
.7794710452442664
.7821324424445847
.7847170889677413
.7872230878125471
.7896485920643672
.7919918064324757
.794250988740491
.796424451369522
.7985105626536717
.800507748227597
.8024144923258503
.8042293390337583
.8059508934896246
.8075778230380588
.8091088583342806
.8105427943992324
.8118784916254018
.8131148767332183
.8142509436779571
.8152857545070576
.8162184401678094
.8170482012653483
.8177743087709249
.8183961046804307
.8189130026231545
.8193244884207692
.8196301205965503
.8198295308348342
.8199224243907348
.8199085804501368
