.7638868865524592
.7639259424391895
.763862642512894
.7636970549323495
.7634293145811595
.7630596229543786
.7625882480028415
.7620155239352412
.7613418509779778
.7605676950928478
.7596935876526185
.7587201250745874
.7576479684121961
.756477842904809
.755210537485769
.7538469042488556
.7523878578732762
.750834375007355
.7491874936110587
.7474483122575579
.7456179893939809
.743697742561586
.7416888475755276
.739592637664478
.7374105025702945
.7351438876080058
.7327942926863688
.7303632712892594
.727852429418189
.7252634244962385
.7225979642337255
.71985780545593
.717044752893219
.7141606579339311
.711207417340401
.7081869719285137
.7051013052112075
.70195244200637
.6987424470095822
.6954734233321975
.6921475110052905
.6887668854499974
.6853337559148496
.6818503638807106
.6783189814339735
.6747419096087287
.6711214766986355
.6674600365393184
.6637599667621314
.6600236670202099
.6562535571878026
.6524520755339388
.6486216768715494
.6447648306832887
.6408840192253356
.6369817356105955
.6330604818728031
.6291227670131446
.6251711050311288
.6212080129415684
.6172360087796516
.6132576095962367
.6092753294456237
.6052916773682301
.6013091553707354
.5973302564064279
.5933574623586483
.5893932420303943
.5854400491433114
.5815003203494897
.577576473259626
.573670904491301
.5697859877412844
.5659240718859273
.5620874791138747
.558278503095454
.5544994071932253
.5507524227183175
.5470397472372329
.5433635429339079
.5397259350318582
.5361290102812534
.5325748155157702
.5290653562840338
.5256025955603658
.5221884525394626
.5188248015194558
.5155134708776142
.5122562421426893
.509054849167618
.5059109774059534
.5028262632949837
.49980229374807605
.4968406057582562
.49394268611452596
.49110997123179445
.48834384709468154
.4856456493147752
.4830166633001976
.48045812453561065
.47797121896999
.4755570835087469
.47321680660593624
.4709514289515154
.4687619442478005
.46664930006849337
.46461439879288596
.46265809860712037
.46078121456371174
.4589845196898889
.457268746134771
.45563458634487564
.45408269425705694
.45261368649764794
.45122814357635
.44992661106328374
.44870960073761673
.44757759169625255
.4465310314113081
.4455703367254006
.44469589477423077
.44390806382649267
.44320717403181
.44259352806816854
.4420674016811828
.44162904410850257
.4412786783836949
.4410165015150693
.44084268453606357
.44075737242505464
.4407606838936916
.44085271104412804
.4410335188968203
.44130314479180177
.4416615976676211
.4421088572233023
.44264487296986466
.4432695631790182
.44398281373764326
.4447844769176136
.4456743700712981
.4466522742638246
.4477179328537502
.4488710500342738
.45011128934745465
.4514382721841327
.4528515762823251
.45435073423683237
.4559352320326412
.45760450761440674
.45935794950392983
.4611948954770251
.46311463131058983
.4651163896100107
.4671993487262744
.46936263177134374
.4716053057394767
.4739263807412705
.4763248093562555
.47879948610892425
.4813492470721128
.4839728696007084
.48666907219770883
.4894365145137628
.49227379748044525
.4951794635766805
.4981519972269571
.501189825329242
.5042913179098388
.5074547889018237
.5106784970431518
.5139606468900488
.5172993899408929
.5206928258654382
.5241390038339532
.5276359239406189
.5311815387153718
.5347737547182522
.5384104342102833
.5420893968948647
.5458084217237211
.5495652487614966
.553357581103204
.5571830868388575
.5610394010597961
.5649241279013633
.5688348426168297
.5727690936776475
.576724404895343
.5806982775606059
.5846881925953481
.5886916127137543
.5927059845885798
.5967287410191892
.6007573030980535
.6047890823726543
.6088214829999544
.6128519038908062
.6168777408418714
.6208963886528049
.6249052432266544
.628901703651568
.6328831742620945
.6368470666784799
.6407908018225161
.6447118119086247
.6486075424089685
.6524754539914998
.6563130244299424
.6601177504848065
.6638871497546057
.6676187624965204
.6713101534158278
.6749589134234596
.6785626613611196
.6821190456934242
.6856257461665874
.6890804754331871
.6924809806426019
.6958250449967225
.6991104892705691
.7023351732974766
.7054969974185052
.7085939038957826
.7116238782894632
.7145849507980266
.7174751975616427
.7202927419283239
.7230357556826164
.7257024602365738
.7282911277827652
.7308000824090821
.7332277011750974
.7355724151497648
.7378327104102088
.7400071290014081
.7420942698565355
.7440927896777598
.7460014037772893
.7478188868784686
.7495440738767227
.7511758605601649
.7527132042896864
.754155124638348
.7555007039899073
.7567490880963146
.7578994865940349
.7589511734790366
.7599034875403217
.760755832751863
.7615076786228347
.7621585605060166
.7627080798642975
.7631559044951582
.7635017687130846
.7637454734898267
