.8004609578830001
.8010501256935572
.8015459135669701
.8019480536134723
.8022563471612381
.8024706647900087
.8025909463149647
.8026172007208553
.8025495060464168
.8023880092190794
.8021329258399823
.8017845399192914
.8013432035618441
.800809336603102
.8001834261954326
.799466026344703
.798657757397219
.7977593054769868
.7967714218733144
.7956949223787767
.7945306865775483
.7932796570841297
.7919428387325053
.7905212977157614
.7890161606762216
.787428613746165
.785759901539183
.7840113260922994
.7821842457589222
.7802800740527899
.7783002784430398
.7762463791006036
.7741199475960894
.7719226055494419
.7696560232316083
.7673219181185469
.7649220533979201
.7624582364288784
.7599323171553919
.7573461864736244
.7547017745539553
.7520010491182488
.7492460136731223
.746438705699998
.7435811948028076
.7406755808143588
.7377239918624071
.7347285823966516
.7316915311779418
.7286150392311346
.7255013277631577
.7223526360479844
.7191712192803857
.7159593464004433
.7127192978910254
.7094533635505659
.7061638402436753
.7028530296323077
.699523235890404
.6961767634051081
.6928159144679233
.689442986959289
.6860602720303896
.6826700517861197
.6792745969734127
.6758761646793517
.6724769960436586
.6690793139904274
.6656853209841229
.6622971968150834
.6589170964199781
.6555471477427915
.6521894496421062
.6488460698506054
.6455190429927679
.6422103686669293
.6389220095978465
.6356558898660243
.6324138932200145
.6291978614779122
.626009593024167
.6228508414077719
.619723314047687
.6166286710512215
.6135685241508111
.6105444357643801
.6075579181841122
.6046104328981038
.6017033900489162
.598838148032577
.5960160132410572
.5932382399506627
.5905060303581838
.5878205347659649
.5851828519163861
.5825940294754857
.5800550646647394
.5775669050391596
.575130449409142
.5727465489026163
.5704160081632549
.568139586679629
.5659180002394344
.563751922502013
.561641986681666
.5595887873334366
.5575928822323156
.5556547943361075
.5537750138215417
.5519540001825897
.5501921843794052
.5484899710257997
.546847740602745
.5452658516850336
.543744643167938
.5422844364805268
.5408855377721397
.5395482400585163
.5382728253140877
.5370595664970926
.5359087294943777
.5348205749730534
.5337953601265564
.5328333403031467
.5319347705054034
.5310999067499355
.530329007277209
.5296223336021938
.5289801513973582
.5284027312004747
.5278903489406706
.5274432862771781
.5270618307463233
.5267462757134175
.5264969201273798
.5263140680770976
.5261980281497476
.5261491125925492
.5261676362806245
.5262539154949105
.526408266515268
.5266310040351688
.5269224394054943
.52728287871616
.5277126207253577
.5282119546472621
.5287811578100459
.5294204931969415
.5301302068839336
.5309105253884114
.5317616529437518
.5326837687153511
.5336770239740732
.5347415392433871
.5358774014366849
.5370846610013582
.5383633290861659
.5397133747482755
.5411347222160712
.5426272482234358
.5441907794306801
.5458250899466818
.5475298989660627
.5493048685343996
.5511496014535611
.55306363933826
.5550464608338586
.5570974800043386
.5592160448981999
.5614014362988405
.5636528666647739
.5659694792638046
.5683503475040764
.5707944744636914
.5733007926194406
.575868163774033
.5784953791801298
.581181159858446
.5839241571062239
.5867229531914553
.5895760622274311
.592481931221419
.5954389412906278
.5984454090380071
.6014995880799565
.604599670717582
.607743789742818
.61093002037047
.6141563822870638
.6174208418072806
.6207213141287249
.624055665675804
.6274217165235862
.6308172428926493
.6342399797061231
.6376876232003641
.6411578335809711
.6446482377161563
.6481564318598061
.6516799843969311
.6552164386045525
.6587633154214617
.6623181162206642
.6658783255787135
.6694414140365218
.6730048408466159
.6765660567021846
.6801225064436331
.6836716317387116
.6872108737326281
.690737675664889
.6942494854499227
.6977437582188327
.701217958819923
.7046695642758779
.7080960661957564
.711494973140156
.7148638129381413
.7182001349547165
.721501512307789
.7247655440337671
.7279898572010419
.731172108970771
.7343099886044847
.7374012194181535
.7404435606824349
.7434348094689249
.7463728024422915
.7492554175982487
.7520805759473653
.7548462431447767
.7575504310658768
.7601911993281256
.762766656759119
.7652749628110898
.7677143289220325
.7700830198236502
.7723793547963369
.7746017088713865
.7767485139806741
.7788182600539916
.7808094960642677
.7827208310208638
.7845509349111498
.7862985395905556
.7879624396212571
.789541493059705
.7910346221931212
.7924408142251429
.7937591219107388
.7949886641405358
.7961286264746752
.7971782616263088
.79813688989483
.7990038995489348
.7997787471595937
