2.160037042313217
3.3835038311542225
1.1473171223037522
2.021695878632582
2.2756063045745734
1.6564629918316705
1.9920287792635971
2.063850246585659
2.051777373396771
1.9306671297261842
1.9646212580735245
1.918173610231058
1.9310212777292488
1.856296763358154
1.8660767986509583
.8458394054917786
1.9154444538541178
1.8690838100717944
2.1924609229323764
1.7615155112577412
1.962148598862651
1.9628164193586093
2.0483609302410253
1.8765231696403664
1.9170465009848403
1.9065955516183344
2.6747130300162705
1.2166701163540647
1.9269130781011299
2.1844550503236455
2.5089059820131037
1.7982489758712354
2.019059291707185
2.4528935581882543
2.110923963918922
2.00215490445121
2.1572783904888135
2.9032502282341914
2.0653880446676602
1.766741017220868
2.81759074340435
2.1784585029488017
.43277004650188733
.8264203033750244
1.4728848343082692
6.143230011384951
1.9134539720211592
1.561651798721594
2.392158850663923
2.168027092098715
2.385903478991515
3.9883879201254695
2.525340780547487
2.5872049365890106
2.1536994064677586
2.3438738059012003
2.1470074375062342
1.256365857260894
1.3027242740518803
2.3745829746082556
2.549413678690785
5.252459690690286
2.569214897335048
2.2304288983130007
5.951361824712774
.36406474961136226
1.7656149119308608
1.9865470040857094
6.263236954102589
1.5817285382248354
5.000473154395072
2.352418310477118
3.3753275958834275
2.8051086646267107
2.9627749474339904
2.455370991382072
3.1281023571024735
2.928640135283391
1.9298484006475043
1.6025812832073187
2.3560322707916974
2.68744422966636
4.051727551582492
.6152239233571324
2.900084205081547
.659065258357062
.47022171112266253
2.5449441114971556
1.7839112921321636
2.8836962685600547
1.6536654856338275
2.2838996353614647
2.735487898019782
1.9608662938626082
3.4288743758699027
3.7564528924542264
3.1846269103196345
2.7541794628048066
2.127938341925276
.49883219450460814
.20075607933612538
2.415087419762468
3.270800896199377
3.8481869397121407
1.1370823447548828
.7614291455245512
2.931867095546796
6.068973246710354
3.44226573706039
1.4290626534785122
3.704972811638021
1.8471365877291337
2.8896332773642848
3.884399983804335
2.946223752193521
2.8163846249384057
5.042640329369133
2.9768495092873035
3.145415521126234
1.8754729063063884
2.516110036664834
1.064022169645523
2.1939212338633887
3.6006285444095076
2.7175801925711105
2.728537381626275
1.485682114248223
3.3157329036183474
1.813413636302048
4.999192547299951
2.409399176813139
4.732614780254757
2.457465138401524
.9779836345796458
.2869556495986929
1.1653446350054617
2.5501753368320337
1.4918996096246806
.34580210683185175
3.8381920809590166
4.502992557853576
2.576073202927841
.3580268605203063
5.524349675761179
2.537537411807916
3.4370688315514935
2.7070779400773133
4.876465421668847
1.9828533360548164
2.7642575655903148
2.3965513038491917
3.1732557448842673
2.656353133975004
5.832224532591016
2.475920891630233
5.912259619481385
4.438735865741721
2.9358916542490356
6.069133142929287
2.3034694535595133
3.0548734744019796
2.87717417610843
3.994710199833786
5.994083713265818
2.3807743423411996
2.8650311062108824
4.621704568947321
4.49496071313591
3.928898179642316
1.496942025961018
3.948493592149608
3.445395425234916
1.7933780240949062
4.939944035465452
4.195174852548382
.3215485165457874
2.769335607576871
.9036991668535537
5.00686733396302
3.0054323676833823
2.6262881100195
1.901376685607131
1.9719358004620364
5.648121334591736
2.954503130190693
4.285859442999923
5.71322540365103
.9792506225381468
.019158647237253135
2.7107011791097797
2.035864436497791
2.6105477502187666
1.4507462570089347
1.77983174287
2.2354003608071995
2.614639414297635
3.627471039421734
2.620829225557135
2.4305001883512087
2.444955034796573
2.7345613623188183
2.3725018272268983
2.635452539186732
2.1318751565654956
2.1666499217333115
2.1987044775483575
5.17784580005344
2.225463944957049
2.474173069037626
2.2696384131135297
2.101957708994595
1.8939846137814556
3.881007636545919
2.6360037652119455
2.2840544079567313
1.935652352375028
2.102775781291294
1.9224357862706754
1.9949632461122366
2.923473641551638
.18498305707735518
2.0314347738193472
2.269998414001722
2.1476316072593216
2.134155184676116
1.949245083181781
1.9156816093687716
2.028222435204171
2.0436614294611637
1.98422177094435
.06545086195986638
2.060373951610968
2.201315416097211
1.9564915127236073
2.4710965087529906
2.1816600487877285
2.1862256534331745
2.036236152143001
2.071301149020507
1.8434311250663935
2.3075541313593133
1.4628290399410755
1.6998397962378249
2.2567723073840327
1.9371229013389977
1.9409743156244366
2.521573401620434
1.816903781161196
1.7677465698028794
1.8591200921876894
1.8827392895238209
1.990405527621169
2.541062180054348
2.2650500394022846
1.805934311092411
1.5387156983165315
