4.0589056977930085
4.059564807750075
4.060589544339567
4.061974993621838
4.063723402231616
4.065834625046879
4.0683149274385215
4.071165451359455
4.074390056647353
4.077993114859524
4.081980325569134
4.086357067966091
4.0911303227234725
4.096307299976388
4.101896899455973
4.107907021663429
4.11435289609193
4.121241743665511
4.1285913576913345
4.136409362279654
4.144722128321831
4.153544217835417
4.162900114119168
4.1728109302252285
4.183312162651912
4.194434882500346
4.205072943702586
4.218703782866598
4.231981099334739
4.246108304386993
4.261385784803288
4.277158391058453
4.294425181806599
4.313577628245589
4.333301371099182
4.355421362841394
4.380350270198306
4.405289696987047
4.440891438780014
4.4790425741576705
4.51440607346284
4.616373517443257
4.698520449859082
4.937858789760341
.33454897923502713
3.3997447803664826
4.249877566061926
4.32981577404993
4.973257214695316
4.624451856831943
1.9863677679920144
4.542836881740996
4.410175304026005
4.514308338491407
2.777285008667679
4.472722072561448
4.266252586852266
5.460040423822036
.17838811123926845
4.770981393174445
4.919199991094381
.3300519588349289
5.091167472431287
4.990673157701785
4.1731005062956665
4.556318012778759
5.044922890754636
5.254998964368992
4.839991061572034
5.309973461924784
4.849306436677974
.26812243318823903
4.3635127532237
3.317643442867155
3.994960095880387
2.6091448092025527
4.5228782597441395
4.322037156432273
2.2589632267225515
2.0844162599962406
3.6518059407469465
4.314718160257897
.06701110006604694
2.583920903332478
4.881923148528449
3.1166065239219076
3.233740952075193
4.582974299072874
4.046564620645157
5.260223578771272
4.146113559598531
4.572950566394743
5.2006047258894
4.477986338762831
2.0649818929086994
3.086013271000583
1.3507742588138196
5.664931307396475
4.828052572574945
4.391243231519887
4.391006393528846
5.254581183328969
2.916063507187932
3.9040522731453056
4.705614775272143
4.668429303971103
1.6462943072630623
4.590971228848266
3.767113406317076
4.944407796485156
4.102617929885323
5.181272686120023
2.150672151741471
4.289109766978475
2.681500750411466
1.9419911498224138
4.6584403309727715
3.0177356238334223
3.6078667826646207
5.4299075406177995
.4261834446469397
5.117326165907727
5.862953525893887
4.28271379975501
1.8236860820148202
1.92724733735772
5.319967311086589
4.028118840648363
5.5230264401605025
4.777888702225053
.24292872837412016
4.728637330689518
.412454150347469
5.173320608506656
5.027453466761486
5.218835683914623
.72840066242936
5.322966353196905
5.0156145019473435
4.3974395233241275
4.628091574283654
.5784210961000449
4.976487518328004
4.789575931912633
.20686463262293664
3.9312567211703886
.7885596299288302
4.611876524477864
5.386161526144038
.7227036680914658
5.757272351573395
2.834381013286608
6.2025742643649515
4.649181601936528
5.651750890506036
4.609743047351043
4.2396201267346925
.30265772502733235
4.546623725144213
5.211368330734753
.24432977713845005
5.830966643440318
3.424676246540926
4.342582515526432
5.050194945541419
5.432044467637704
3.5251817540763604
3.170410681803972
1.2657873438557612
4.503091765252718
.3903525466689146
5.526682786667676
4.484772923687606
1.2216306629113145
5.784086737184802
3.1737151371118664
4.753510706465022
3.300365135930212
5.450294158522569
4.71533052368228
4.542020509918428
3.9778042156915117
3.9551914437185385
4.932963103817448
4.500944743190352
4.654959532593777
4.709384442159314
4.832118252399566
4.63104077265535
4.19921158512776
5.439975016369035
3.9700199484462058
4.554593969714865
4.584799162612594
4.976188985121288
2.9836245068552323
4.06409185671877
.5401134580894364
4.76574286609573
4.661773086078693
5.33072294538432
4.403073959823269
4.6126730026330165
4.0994923494265
4.037355883952909
3.9611036229512226
5.149471988471408
3.655179409966726
3.927923283654689
2.800858325491877
5.492198094648401
4.689834407578868
3.984455842992233
.28029594526878654
4.67501962647146
3.969547115776585
3.9271886308044586
4.844124214177604
4.606557358083741
4.460006089182368
4.4180208943827886
4.3805415679662545
4.348483376965291
4.315469521840491
4.290079325657523
4.267870574647386
4.248531963104412
4.231231011078879
4.2154914449079754
4.201104883027234
4.187849795402634
4.175773127161619
4.164554904915676
4.154124311435879
4.1445573777607905
4.135522454950362
4.127202628055706
4.1194778408532
4.112322468377741
4.105696411171721
4.0995871164105395
4.093945955974114
4.088778964167876
4.0840627256015765
4.079773058962942
4.075906967263009
4.072459324393236
4.069394440114362
4.066730711454756
4.064452523789026
4.062553552718814
4.061029140725701
4.059879932183293
4.059088324579868
4.058664205561598
4.058603641656521
