1.9997742232389157
1.9991844801736036
1.9989481161226692
1.9990635645559465
1.9995299551772305
2.0003470980724813
2.00151549020498
2.003036310466058
2.0049114380289197
2.0071434686654754
2.0097357409329746
2.012692367770029
2.0160182801571978
2.0197192772313812
2.0238020904474965
2.0282744557722268
2.033145214866437
2.0384244035815797
2.0441234070284935
2.0502550845711056
2.0568340054354124
2.0638766259370698
2.0714016066623913
2.079430128131186
2.087986361712872
2.09709795925977
2.1067921080236403
2.1171196896561497
2.1281100770453207
2.1398189553961515
2.152309138680792
2.165648661281395
2.1799364162665924
2.195294474572613
2.2118526169162536
2.229841122787022
2.249566943086549
2.2713477922268837
2.296462130823727
2.3261044799658563
2.362209713685175
2.4543419228254493
3.9522774266220466
2.3278472908443746
2.4195171479939077
2.4776530621030233
2.578515931550619
2.6794236428241547
2.465223052702605
1.9197949884367915
2.7102263515292933
1.597400515614595
5.836431609769118
1.8537785059022092
3.1941659412245187
1.9611004065429007
1.2021356052084364
3.1402999004616525
3.675378364755943
2.7452266724299186
2.997237726371896
4.981913992513242
3.456424777425692
3.3987731763324653
2.2077798792499337
2.733060994519814
4.036095630087953
5.188533637106918
3.631893389839572
6.107117890633763
3.9738264215374137
1.622162622794903
2.866999877667226
2.3141232902600706
2.6376178981270684
2.272488564481076
3.5024557172258
3.155191524888245
2.360246547946563
2.380124822938871
2.775201240872697
3.485551848924805
2.1833270291198055
2.628899726341473
.5838566750009093
2.8400877537058626
2.9267906431739323
5.468490954565999
3.6499635868271163
1.8165024818116304
4.042322554354913
6.015533433162327
1.8331901508621495
5.757189041644617
2.9969011682267546
3.3531641813147868
2.92534216338181
2.35571835502582
1.3155345624046912
6.045022722610849
6.142649755785039
2.1012488308205644
3.654496242486145
4.82277064351582
1.209297847874181
1.1443438434779942
3.3479083979927875
1.0015732963101396
4.943376402845701
1.812646959218906
5.923813257841912
2.1618007822018335
3.7293207719658863
.3590468732828569
4.07250244284589
3.7312793123827053
1.3848685338737532
4.435386583253134
5.220594352368002
2.4802669331137377
3.2345607641493537
2.1672128423375465
2.8219233858771364
.6306378718985552
3.8574358778063758
3.9179121664808054
2.408015721648386
.07220117201938336
2.5954521705622344
1.714413859650108
3.2087341378731224
1.6350167281690045
3.2856175576309266
2.2593506933785648
2.0832779063480764
2.30640427211876
3.4063086418539186
2.407208376993781
2.059724601318134
.9546146900453802
1.434755999209413
3.2961888659379355
1.9912235064018162
1.7047902399031312
3.1000630085090517
5.955401023017879
3.3032302979634682
1.3345960105397232
2.3976668603385853
3.2199629274527517
2.6476825623291553
4.0736941165725895
2.849813201671809
1.3117139593448357
2.527620136791274
1.1727370079848747
.0077738810625191945
2.895469956705064
.905981449298805
2.1012387775492325
2.8039849043123013
2.510958309342037
3.9324254293101824
6.123753251241171
1.8199275330432911
2.193658634770671
3.735811706405789
3.4032511575273183
2.8112976464573407
6.245957074447322
2.568344614410478
2.1278944215735827
5.747261505105991
2.6265163549093344
2.187051459377649
2.947834568252434
.4910132420402924
2.8884449407190314
1.8754981041053682
6.143314870445966
4.710659316419765
3.0486592110743818
2.960239895177727
.5680538067875105
3.8261436020887665
4.4864184591341
4.665874733146399
5.419166671433487
3.819998532531347
2.7423208051110457
1.1664027131880736
2.4551273132582736
3.097890362455722
3.085537146593218
4.671443366907205
1.8988579833133166
2.2457369619068857
1.146280835858306
3.1100902180136742
2.808803038464884
4.409911942340699
2.2923535870178213
2.556527681928902
1.7059352710355178
1.4255721821974738
.9503104186484066
2.9953739138001154
4.813415159555078
4.74616448588813
3.293620848324448
2.795635027944801
2.2882361881789386
3.027351082688142
2.667131972947402
2.0957920828558088
2.6598020203962207
2.5831446908582834
2.3132116575939037
2.9674618566898374
2.5056596686386357
2.4366897290282097
2.387238315656532
2.348314683170635
2.315513866377124
2.2874824211782965
2.2627236539145485
2.2405209364640086
2.2203825572669658
2.2019709585391354
2.18504048944947
2.1694023987108295
2.1549104752991823
2.1414439942591983
2.1289064082911935
2.1172182490509996
2.1063107618387065
2.096127983674947
2.086620684796479
2.077746787902335
2.069469725895175
2.0617576544241416
2.0545825659901524
2.0479199192976907
2.04174797618154
2.036047490586242
2.0308014239369427
2.025994640476732
2.0216136566135816
2.017646570893241
2.0140827925868408
2.010912970952994
2.008128875995773
2.0057233101629492
2.00369000825669
2.0020236176567394
2.0007196039025104
