2.2374952787227205
2.6982790708765414
2.961365951954267
1.715011751948948
2.3827922285288157
3.356222177399193
1.4383285675953497
1.90575804505613
1.8314987895166581
.38667292583004453
.9788751128177742
6.2591707546218585
.2155485795936496
4.690416831398293
4.820035966422921
2.8207409640280705
5.773038561047526
4.6925980393546585
2.041776392108826
3.594204285002146
.10046161881308535
6.270447937082376
1.1617790029236517
4.404644654705564
4.9464393658652135
4.675860138926343
2.29927584392291
2.817736501661912
4.695838841433904
1.5125458197220842
2.1017551045484595
3.5101013771184064
5.69049135541534
1.942402077466678
.44086126124603453
4.986955897895012
.6473002664625955
2.1320227134601772
5.468543159837324
3.265222975594657
2.0050089330170806
.14852937652196196
2.511760303087712
2.571719190541751
2.826208099872428
2.4085037778132534
3.584047451010841
2.8810436835943154
.809453497240721
5.170604122878238
.5694948428413609
2.0750951460421625
.9740103842196719
1.0799722113812766
4.565993871457673
5.999153690180059
4.386361691637909
2.617921622017384
2.637812836778311
5.790399296500375
.39411747259426644
2.0951850207283584
.31486230155426576
4.519612162036303
2.166166042785525
2.288821690000729
3.0419694251767986
3.4693678637166716
2.187761951537299
2.8280950828881313
1.9358638091841662
4.8761220070947076
1.3190897119276972
.44561986355706473
.7554736552930192
5.284010961289585
.9504252359595613
.5871445746191419
3.3852137594586935
2.905334111824054
4.76984068530059
6.111897000742223
1.5109253152374027
2.320000566200319
.3574507472279276
2.3437463775052834
2.275377600038871
5.576039067571315
3.301672567848522
.268121407702
3.1500382529908606
4.711802601355869
6.204360706251924
3.823178267302918
.9882434953329096
1.2253148260460716
.7244744770616887
.01578292794988645
4.513595143361194
2.38175895771826
2.2555035490747812
5.531397950487531
.8130467629789573
1.245007001218985
2.9338049663256456
2.637323203616221
.43099384752360326
2.1441848577680496
.9673864013548785
3.5182450033117387
1.149803272185273
4.517219819968563
.4393287325238946
1.2543059872060054
.5268059431570222
.38304627801782143
1.784258139628129
.585258964551473
.7515227554262678
5.065432036910469
.05366653929867482
3.5380122557549516
5.856429938202194
1.0980683768896604
.36920423732218577
.39076485311117626
4.580320656449302
.9161733586136851
5.3356400885958415
1.845830990279815
.06182494408622041
1.7257956798320357
.13994861694222216
3.934314450018709
3.0312180668313413
4.3288183779887515
.2658226313985015
4.978732763780084
3.202914100421882
1.28064483718775
1.6710485243265296
.29676860877956823
3.307137735242108
2.3305464497203516
.2483475927639196
1.0380641978073841
.41850827209176966
1.9686504130621874
5.798255825031708
.46508030385637866
.047712833104539776
.8447477223792594
.33535149116692864
2.704994734811452
.1050767109097217
2.7885172952659296
1.8190394493922728
.6209554968019315
2.933063399629523
6.082257876942073
.7532506999158208
.5523045532467243
1.6123046649791322
2.902522138770978
6.109956294317779
.5400458344286543
2.107565268923473
2.04810298971287
1.6807201917128776
4.479499949004406
1.7406061234777752
1.3205055184804841
4.826412641017708
2.4018105988130323
2.006285738815391
3.2292932709921747
.4610280120751584
3.5807051649050905
2.499699904528727
.9564727430907656
.20385647051300015
4.677096361353005
4.787869761497987
2.7798833687858355
1.0373716502810355
2.2995966154410645
2.8072870927727784
3.4150458142056372
2.986380742812992
.6927194569775006
4.704712988034226
.4800150481231018
3.6637476104889632
4.063117179041324
5.335639181189196
.7154780496692998
2.2364394854394973
.8671112102463825
.12505489652175505
.2636897193697374
1.4031286666388443
.011083950181140168
1.2690541244569804
4.966028194646171
5.184241662002002
5.427092889336954
2.7618185050829123
5.740929896790174
1.161786327253754
6.267948473637226
4.998145835845428
4.019721981463027
2.6123851358516568
1.9589320457566952
.6633976102237922
4.179654079913902
5.387634857327864
4.142796482856719
4.571619320895147
2.431487293018238
2.9260953664860274
5.062057724298922
1.4276260855658878
.5121455686329099
.4902771766623939
4.516857389959682
4.295700890536292
5.649933656904613
6.039794579962141
5.209006935414067
2.9051166437086966
.4769440109635754
1.8240241439810259
5.196410903700569
2.4183184605516868
1.899465795202179
1.9626888076094335
.8965993201941309
1.401599106573256
4.157085919773843
2.3414697326480685
3.1746121001066676
3.4990344930782573
2.313867668280917
6.08642113184313
.005832242949529665
2.558449336604877
4.125776220186101
3.780512290511968
4.740587756830248
5.276562189393616
1.3332230820947064
2.5718914299660476
2.3933061056813933
4.127775773848295
3.1902048544818093
