6.183599629641087
6.181697562811557
6.180135724086469
6.178911485276387
6.178022731785724
6.1774678531165605
6.177245738602565
6.177355778330437
6.177797869435608
6.1785724280273016
6.17968040721486
6.181123321875127
6.182903281046059
6.185023029095163
6.187485997181895
6.190296366957732
6.193459149083267
6.196980279778202
6.200866739888632
6.205126701964055
6.20976971326813
6.214806924520445
6.220251378825019
6.226118379658892
6.23242596549742
6.239195529205219
6.24645260967057
6.25422814629394
6.26255970495378
6.2714939062452615
6.2810893733942805
.0082358847287054
.019402856914894073
.03153855785662074
.04482925434922436
.05954905961839074
.0761232869682189
.09525392209107508
.11832971164587747
.14837450248874262
.19399726552779128
.45328209581398227
.13965857342306265
.35093830306904295
3.5593776726494895
6.156867617361357
.07066933808924603
.13916446736205756
.009656092787047044
.6266106864334233
.20348611300514108
.723601677410457
.513489081496715
3.9529136898087884
.4160013532010822
5.950608184455277
3.566908885277641
.5332819006877401
.8042394805239539
.44385163172059805
.6283344709544849
3.845287819042831
1.3035631500352665
1.462314834876981
.29897715747980413
.692006031762066
5.198526425517745
5.998350345981365
5.062593817729709
6.264338899970127
5.8492431722608345
.30488105144993227
1.9234576584813716
.662916065051256
1.2441108668534078
.7155158809706421
5.990533715565114
5.574094678085238
.9803229748431193
1.0860089630455256
3.8722502703943853
6.214144763503864
.9866952763418873
3.15575829037423
.504911672989202
5.4191227894665985
5.782066352847561
.445825406526815
.19553935710383996
1.0095025956671826
.3355088624852627
.5911667948629251
1.1782726028331325
.6114245011945627
6.221886575004959
.22298946463750013
6.188109117497323
3.823687497278243
1.1046975048550394
.7827421167972233
.8192353995330421
2.648222468926612
.4539008539516587
.704363995346668
1.2806986748441531
1.2832464594882644
.3920681286354366
1.2830307209060727
.8083792123602116
2.326163282439502
1.0004973505421013
4.201261591548295
.6062957595157101
1.2185108942436003
.7228855034080546
.6375474064917661
1.8874845072816697
.8379964674296048
1.0016276127044144
5.835177354179143
.4630198135259729
4.738356642611112
.14185690396401185
1.5050491478935477
.7459270879650894
.7699859066008301
5.692491606509165
1.3510924866583167
6.112561391346485
2.896908113301425
.4797860806611869
2.6851688602489148
.5263529834752791
5.171751339889603
4.3888977611224895
5.315939485362655
.5876307590286718
5.610357613787853
4.1712575506332215
1.7452932798123015
2.202511681678768
.510080158469199
3.6825827818318118
2.636787093195988
.3556660846463213
1.2213059669477424
.48270811468750807
1.9066709467311505
5.257541162121086
.4020190728277093
5.946944008020129
.7540105875589269
6.273561036135309
1.6913788995434054
5.463657895216871
1.528252232160444
1.1187329835089557
6.241430096144267
1.3087419407345813
2.7985053048950164
6.000893106187547
4.921764077026655
.5585588999602074
.9274203638528462
1.6861114103218284
2.5109563506648307
.41922530514552037
.2422440442731819
5.678923522276687
.7875326206395279
4.182637938051716
1.7044290346712678
.6416789339540294
4.141189242968604
1.5803553860041646
5.6531606134806935
.6502377536271773
5.272731795822388
.9680356066355884
.47839541850240863
.28007756598757894
5.470622161315731
4.992498283169262
.4263740295506899
6.196398142651706
.05815595866525314
.04768686530404764
.11138519011132786
5.959810707278422
1.8066436647824773
.2489971485746416
.8643415383447248
3.382394008312339
2.9442923589087684
5.765767899829534
.24768890702383928
.42020445404119755
6.1234071582282645
1.6744441141099173
.9470701247639894
3.65792413104689
.24066964579231254
.48437700244385695
5.62940538467052
4.702925072539308
2.8705974280337685
.7064748138589252
1.0854760536901225
.9392679820202332
.6540294624695093
.4311812827928563
3.862521045932013
.45973632501238626
.24519465581644795
.7120937104727219
.17812850236376931
6.190475357570023
.5489744862137726
.2784976174771714
.6664981744965743
.41593371424962555
.33679616356380393
.2881583774372132
.25147657502272125
.2213172636176992
.19529282967555162
.17220672043151808
.15135881828194897
.13230213363141274
.11473172183035985
.0984289108164873
.083230793186857
.06901213896662739
.05567430638991766
.04313794052480091
.03133806170442455
.020220702072940355
.009740444796598524
6.283043970340422
6.273727500271207
6.264947635706626
6.25667935283311
6.248900704825836
6.24159234151778
6.234737125870687
6.228319823941625
6.222326852065223
6.216746069323854
6.211566606318684
6.2067787224547715
6.2023736871539015
6.198343680268074
6.194681708554732
6.191381535540408
6.1884376228544085
6.185845081164523
