2.4565980823920146
3.026508404526881
3.3717636998221803
1.87544833309763
2.631657380362263
3.9036689757751297
1.5944932624673056
2.072828371078433
1.9905747023904397
.6940691104773471
1.1677880486234997
.3771618382414763
.5518898956474221
5.413841832318349
5.527123016814201
3.2225033266610374
6.274727997834606
5.40420746262944
2.2216791588658626
4.248251952044798
.4145144500171192
.321548424541354
1.2769288380405284
5.1106431459332935
5.575550867763496
5.340682687359903
2.5554314797023423
3.2551986439081517
5.33200770975931
1.6041672414325152
2.308108287004929
4.141848121820084
6.05623022532478
2.110190944218825
.5462636751846244
5.490543394339021
.7050235729651888
2.367463689071343
5.812219713880257
3.8508647574394494
2.208797649104829
.22210081333209075
2.904919186924076
2.990648831332745
3.327103666482028
2.78207377801332
4.1842869999960755
3.4072658702851903
.756449237557347
5.441836410027662
.4959606057778423
2.360780324219311
.9118429148449616
1.0325182258464185
4.946839169177762
5.970359285292336
4.796823836130486
3.136172779559276
3.1677511226566626
5.756944596570495
.22700970145234312
2.470565250676385
.12942229091364865
4.829572594236906
2.60060432394231
2.779304526064646
3.659702286469182
4.0445331256568515
2.673283916349744
3.4593308818049735
2.3338691324010696
4.995568335416095
1.3908997992902004
.18613395671261745
.5670000383433313
5.22446244978585
.8429640544023931
.3405422788879058
3.992035580901419
3.6006852391184285
4.8683781442652005
5.793247006787016
1.8048105863576787
3.0232075053115928
.03460503241719515
3.0755013236898616
3.005581840394319
5.333827829946692
3.9624282351772457
6.1959001669033125
3.8633428079698326
4.7873092370553
5.815122713737946
4.298277774822921
1.0016849349200232
1.4537803081424592
.554595325794172
5.89109245623542
4.6641654820880625
3.2747917795398607
3.1496019292193864
5.23741915937091
.7400466966472798
1.5914731336784405
3.7828923569942248
3.562716602190534
.11723146759301795
3.0969117105251165
1.0847926984769058
4.155205508700924
1.480878440972198
4.648391072391025
.14051949166070177
1.7304118716888084
.287982585774591
.05902196512908198
2.712619832291331
.4000543391635327
.7203483494128129
4.912141267955386
5.899723655061962
4.174871439522793
5.423796739218012
1.4891084309007683
.05273043818083245
.0888965777778763
4.655657732994419
1.1145351143053013
5.04845381513894
2.867688313988639
5.909656725620081
2.7018949939046344
6.010859411013062
4.34367503965111
3.887493368412523
4.5180857954255025
6.192469769564632
4.828992397220443
3.9697429967352242
1.9222267764886958
2.606864683930464
6.2451000570598225
4.007741725022715
3.3538848758193485
6.174596920453062
1.4041349728119394
.16527221972338246
2.9598664982916674
5.352351986375259
.24799715209804418
5.904716210099295
.9808773862704818
.03385278214336207
3.5724389159431578
5.984410313729645
3.6133443354899057
2.6895866461731934
.5298051198128455
3.6833372716213724
5.629948348045422
.7747806911954891
.4031305612259999
2.328525281513336
3.6181822702693385
5.670573694393969
.38100523404915876
2.9110748534903887
2.833080334502048
2.3540799320428647
4.480617684485811
2.4117759988330203
1.7542891751250558
4.678434816832318
3.116343620832046
2.694137372851941
3.7295322365600434
.262270921715797
3.937618160628377
3.146968216303085
1.0702873192258346
6.191950633656507
4.590406568937619
4.6633892629361835
3.3338908788818546
1.1805278798188352
2.875666466971376
3.3291811301250807
3.777954380129806
3.4568798609587326
.6376480545514713
4.633033574355398
.3398657664182574
3.933480780343464
4.206945924144833
5.129567658132473
.6837696780328599
2.693852035055656
.9005947592701311
6.22415128384378
.11565556080113115
1.6366726407713106
6.125634857531397
1.448515454916647
4.921865630694665
5.109786397140676
5.3286527600848625
3.148564253838998
5.6403419893735816
1.2986143436863102
6.1940580666097045
5.030877472788255
4.243542471441835
2.9708499924658334
2.25105789765356
.7152950703436503
4.408541044463359
5.455584614188421
4.39559639246367
4.776998969158864
2.7482691652619913
3.2680597181917967
5.248760317951788
1.6090535154816985
.6246564383109856
.6114424018803106
4.82429491722703
4.6344112517197935
5.873712586008693
6.241805973527608
5.512561766769643
3.2429827806580818
.6600030317146555
2.0308722763281715
5.567070388716122
2.6896695732038136
2.1070738678840932
2.1742271474327914
1.0897184130076703
1.5811098094020917
4.664583281572039
2.591817835098704
3.5780803338607754
3.9669828298983383
2.5560347645706987
.19090991573763816
.36421360575791173
2.842482233689566
4.723831018594073
4.345052878512028
5.369463025736003
5.859553549808668
1.5124970920778749
2.861064320264404
2.643117516802363
4.791877043923833
3.6597252004784444
