5.993190432198791
5.990390709468313
5.992354549273118
5.993779156091243
5.995548696858169
5.995826478487778
5.998019065466089
6.000329252000039
6.002855698055956
6.005569660460328
6.008920550168387
6.0125217288706345
6.0165957640088905
6.020918879999371
6.025753429961185
6.0301920579983275
6.036659094109368
6.042589496911434
6.0499637661539545
6.055659873224013
6.063328820431195
6.071046066684122
6.079505860295477
6.087580896979539
6.096785029501733
6.106330103970414
5.891996350360317
6.125463056743879
6.138297798685114
6.152225472133384
6.181519789819273
6.174678472532371
6.189994527165924
6.223606666638521
6.221481093569807
6.235980751363668
6.257051992553315
6.239616800257156
.009755018024280915
.023641826611935812
6.2796711177093165
.08873751865434443
.07863332750226704
.10515239633735796
.14052093117423148
.15157999033964487
.2335248114944939
.24661159958944445
5.8028668271319646
.6712387455835671
6.108487719943206
.3220776715425657
.12844626088921807
.19289737207549607
5.727901521842774
.053418554400279206
6.083759956519234
1.752290246286913
2.922750486537108
.2282725201949436
.3707868499205098
1.7722870157822772
.44781988615786794
.27141756068686185
4.887073929468691
5.721149341391469
.14910303305004735
.292282918130236
6.00752377129883
.2200440804841799
5.843862266711556
.6404689876418326
3.5424303007334927
1.2888083009463251
1.8821268473480401
.9055372563253377
3.4058625951508006
2.2999234321679403
.692657646617099
.6192257521324454
1.0685625309879843
1.8105407058606007
.06596306325146273
.5757681091054643
3.7087257855961706
.6515776972238019
.6591133071826327
1.9874101740615764
1.046689852756633
4.520243967653551
1.0741525852540201
1.6822792968190585
3.8671822911580382
1.401967872295816
.11142934927972181
.3632006400162675
6.1454839352830035
4.670540099500347
1.9155625227357858
1.087574268799437
1.062886615061597
3.056344388355634
.14274780302895618
.5759578327583927
1.4254911007361217
1.3364094051178679
5.923277405923471
1.1744905900035576
.41129292912883564
1.7611432923567012
.6119652445213664
2.2761299840042177
5.968306855929814
.7368354551977463
6.12911290302792
5.846395047216555
1.1316662989800292
6.227612639994584
.21066687040595689
2.728186293221164
4.981827834201197
1.9108756161850904
3.7705807587718594
.6502013355267122
5.733840870057368
5.7741408567324815
2.372245114780234
.43179658120324493
2.925160140755994
1.22087485321547
4.839865927792659
1.143776766680717
5.036024793185312
2.0280521665501032
1.6922676982969698
2.1719387215672947
5.354982543303188
2.512529459544431
1.7041636618115872
.752681752270342
1.024440189958442
5.419031112343278
1.6740820413630466
1.2996537633488119
5.285349418930154
.4350970516583841
5.70804851297302
1.0560663254485094
3.357641999669769
5.7949057335892835
4.73156588277895
.11156218852423194
5.491867628316177
1.1972487042571798
4.898259955597155
1.1663491420155916
.7433759859293279
5.973693065286129
1.120138722853353
4.007920757367419
6.085985295377774
5.776355305334509
.4407589951185651
.9353013848129503
4.000621121516842
5.632520567168505
.5279315350536047
.46444771660351414
.2516428015870309
1.3688981985342226
.19979694919562885
6.1854366924157
1.4797262287634112
.36836979708999884
.15483596823060974
.5976488093048795
4.740298567000187
.6524315688585363
.19614722524510153
5.249696278560153
3.441922716013447
.9728072173748368
.9827207892978684
.09711279884769386
4.568609379613086
6.009991160796358
6.253283509142309
.20657777183562143
6.249691660892179
2.2138161536520435
.5546633609513467
1.4860902284506725
.1091988069447245
.21735725909124692
.5365339252185173
1.0520686156355588
3.8310563184367954
.8882130653963021
.5514792423083303
.5154887914026212
.8142511842562818
.33822245482172253
.5672390350309637
6.265275870415071
6.252432130670395
6.239203968260922
1.1673398206456316
6.16091019474568
.16250717986434537
6.111166553493368
5.079893536759261
1.3474176627291907
.3578827912051228
.12619307019516768
5.1314952580788304
.427882342970447
.439368357743394
.2589869076225071
.21537659587567504
.044726121293390264
.07232457191491193
.08500695289022353
.09657773777240664
.03146665395466286
.0010759385986887082
6.24985180410485
6.227527843174887
6.21063041604063
6.192503561950922
6.17421343402998
6.151086796188297
6.145054167027762
6.134031052370162
6.117510374175515
6.12325532887186
6.09707648712223
6.086649392761924
6.0755412021485675
6.066841576890553
6.057505821448565
6.052965021279583
6.042086208963923
6.035960221575362
6.032069372627337
6.024934090941272
6.019879730094644
6.02121366031222
6.0109057016234555
6.00714675982392
6.0040274340905455
6.001226555416281
5.998990953195037
6.00151374951497
5.996161111805893
5.993836367894577
5.992760430526507
