3.684200000000002473e-01
3.392800000000003591e-01
3.437000000000002276e-01
4.706199999999997607e-01
3.413400000000006429e-01
5.474400000000001487e-01
3.728599999999998582e-01
3.398200000000003995e-01
3.426200000000003132e-01
4.163599999999997303e-01
4.014000000000003121e-01
3.461800000000003208e-01
3.541000000000002479e-01
3.497599999999999598e-01
3.504000000000001558e-01
7.131599999999997941e-01
4.922199999999999909e-01
4.063200000000003476e-01
4.632600000000002272e-01
4.011000000000005117e-01
4.071400000000001129e-01
