3.574000000000002730e-01
3.905599999999996297e-01
3.396399999999999975e-01
3.422400000000000997e-01
3.385000000000002451e-01
5.434200000000000141e-01
3.513000000000006118e-01
3.366600000000004589e-01
3.361199999999995303e-01
3.372800000000001908e-01
6.492399999999998172e-01
4.111999999999998989e-01
3.706600000000003781e-01
3.805200000000001914e-01
3.839400000000004476e-01
3.429999999999998606e-01
3.447200000000003595e-01
3.487599999999999034e-01
3.444799999999997864e-01
3.384799999999999476e-01
3.390600000000001391e-01
