3.340600000000000236e-01
3.322800000000002973e-01
3.330200000000003713e-01
3.312600000000005540e-01
3.338800000000003432e-01
3.311600000000000099e-01
3.336000000000002852e-01
3.303000000000005376e-01
3.300600000000002421e-01
3.296200000000005237e-01
3.326000000000001733e-01
3.283399999999998542e-01
3.292800000000002392e-01
3.317400000000000904e-01
3.302600000000001090e-01
3.305200000000000915e-01
3.339400000000004032e-01
3.303600000000003201e-01
3.305000000000004601e-01
3.304800000000006066e-01
3.328800000000001758e-01
