3.240694444444445765e-01
3.248333333333334738e-01
3.245277777777779149e-01
3.242361111111107808e-01
3.234444444444445343e-01
3.419583333333334751e-01
3.209166666666661838e-01
3.263888888888888951e-01
3.247916666666665897e-01
3.227499999999997593e-01
3.242361111111110583e-01
3.229999999999997873e-01
3.203333333333333588e-01
3.238472222222221752e-01
3.230972222222225909e-01
3.224027777777777604e-01
3.219722222222221597e-01
3.223750000000001337e-01
3.221805555555554701e-01
3.200138888888888200e-01
3.242499999999999827e-01
