3.253750000000004694e-01
3.300694444444446374e-01
3.281944444444443443e-01
3.262500000000001510e-01
3.237222222222224111e-01
3.624027777777774073e-01
3.242083333333334871e-01
3.246666666666664924e-01
3.281805555555555309e-01
3.245000000000002327e-01
3.246250000000000524e-01
3.258472222222222880e-01
3.409444444444445499e-01
3.301527777777778505e-01
3.279027777777777097e-01
3.273333333333332540e-01
3.261805555555558067e-01
3.259861111111112542e-01
3.255833333333336133e-01
3.269166666666667997e-01
6.225833333333332664e-01
