9.163199999999989132e-01
8.689599999999991775e-01
8.831999999999990969e-01
8.877599999999994385e-01
9.144799999999986273e-01
9.495199999999990315e-01
9.447199999999988940e-01
9.108799999999996899e-01
9.511199999999992993e-01
9.446399999999993691e-01
9.251199999999998314e-01
9.227999999999997316e-01
9.632799999999984708e-01
9.620799999999987140e-01
9.579999999999995186e-01
9.401599999999992185e-01
9.455999999999995520e-01
9.400799999999993606e-01
9.275999999999993140e-01
9.272799999999993270e-01
9.623999999999989230e-01
