9.334399999999987152e-01
9.455999999999987748e-01
8.757599999999982066e-01
9.419199999999987583e-01
8.995999999999989560e-01
9.596799999999989783e-01
9.501599999999993384e-01
9.261599999999994282e-01
9.132799999999997587e-01
9.091999999999996751e-01
9.565599999999989667e-01
9.616799999999985360e-01
9.554399999999994009e-01
9.558399999999989127e-01
9.503999999999990234e-01
9.435199999999986931e-01
9.500799999999990364e-01
9.359199999999991970e-01
9.474399999999992827e-01
9.366399999999989179e-01
9.363999999999994550e-01
