0.000000000000000000e+00
2.235371466140697316e-01
1.972386587771202127e-01
1.985535831689677344e-01
2.143326758711373847e-01
2.013477975016436106e-01
1.750493096646942026e-01
1.487508218277447669e-01
1.224523339907954006e-01
1.260683760683760646e-01
9.976988823142672602e-02
7.347140039447726256e-02
4.717291255752781298e-02
2.087442472057840850e-02
4.109138724523220092e-03
-2.218934911242614536e-02
-4.355687047994750982e-02
-6.985535831689691777e-02
-9.927679158448397823e-02
-9.598948060486521550e-02
-9.812623274161735853e-02
-1.209730440499671156e-01
-1.433267587113741526e-01
-1.676528599605523751e-01
-1.849112426035503520e-01
-1.558185404339251234e-01
-1.674884944115714314e-01
-1.745562130177515381e-01
-1.916502301117686269e-01
-2.033201840894149348e-01
-2.151545036160421032e-01
-1.886916502301117515e-01
-1.872123602892833416e-01
-1.992110453648914814e-01
