0.000000000000000000e+00
-1.656911979547104341e-02
5.673347333820304150e-02
1.464006574141709649e-01
1.406186084733382080e-01
1.342348429510591967e-01
1.299940650109569495e-01
1.243896092037983514e-01
1.200958728999269864e-01
1.185253834915997451e-01
1.114540723155588303e-01
1.068028670562454346e-01
9.976442658875095404e-02
9.336376917457998859e-02
8.970188093498904225e-02
8.696128560993429679e-02
8.216307523739951879e-02
8.080989773557339939e-02
7.600529583637694042e-02
6.935993425858291705e-02
6.310034696859029291e-02
6.169740686632580601e-02
5.788120891161432219e-02
4.990640978816654472e-02
4.703387509130752681e-02
4.378834915997086713e-02
4.275474799123453462e-02
4.173803871439002444e-02
3.715029218407584627e-02
3.155496712929136555e-02
2.674945215485750524e-02
2.598794740686627761e-02
2.216398831263695010e-02
1.677136596055514225e-02
1.045653761869975301e-02
6.495617238860450920e-03
3.719411979547154051e-03
1.098429510591674135e-03
-1.874543462381245921e-03
-1.783692476260019619e-03
-3.284788166544876271e-03
-4.647096420744982991e-03
-7.531957633308886818e-03
-9.338933528122600122e-03
-1.123630387143892233e-02
-1.147872534696851334e-02
-1.381300219138044579e-02
-1.516800584368140428e-02
-1.659240321402476182e-02
-1.752921840759670211e-02
-1.793279766252733540e-02
-2.032916362308251346e-02
-2.122580350620884015e-02
-1.992969320672015668e-02
-1.910244704163618218e-02
-2.149926953981001754e-02
-2.489636596055506274e-02
-2.511961285609921532e-02
-2.671795105916713667e-02
-2.802364864864849772e-02
-2.877282688093485072e-02
-2.989317019722410526e-02
-2.927638787436066120e-02
-2.989408327246148925e-02
-3.070854638422188670e-02
-3.409240321402468021e-02
-3.418416727538336336e-02
-3.473749086924751706e-02
-3.515385317750175515e-02
-3.471603360116867071e-02
-3.556473703433155054e-02
-3.653168371073770709e-02
-3.898055149744333175e-02
-3.965485756026288638e-02
-4.029081446311170295e-02
-4.142759313367414681e-02
-4.086422571219861660e-02
-4.069302410518619434e-02
-4.110938641344039773e-02
-4.052730094959820090e-02
-4.106829802775745220e-02
-4.046384222059894870e-02
-4.143581081081079004e-02
-4.206583272461647538e-02
-4.175903944485021696e-02
-4.227949233016796426e-02
-4.253560993425853365e-02
-4.293553688823955466e-02
-4.300356099342583088e-02
-4.251460920379836195e-02
-4.210783418553686042e-02
-4.214481373265155373e-02
-4.193663257852445203e-02
-4.145818115412708976e-02
-4.114134404674944095e-02
-4.115777940102263027e-02
-4.101579620160700212e-02
-4.081537618699779268e-02
-4.067065376186995707e-02
-4.057980277574871342e-02
