0.000000000000000000e+00
3.405654174884943375e-01
5.364891518737672227e-01
4.352399737015121839e-01
3.339907955292571451e-01
2.327416173570019953e-01
1.919789612097304865e-01
1.512163050624589777e-01
1.104536489151874412e-01
6.837606837606846621e-02
2.629848783694942876e-02
-1.577909270216954624e-02
-3.681788297172906149e-02
-8.021038790269555130e-02
-1.104536489151873302e-01
-1.314924391847468454e-01
-1.748849441157133144e-01
-1.827744904667981396e-01
-1.906640368178829648e-01
-2.117028270874424800e-01
-2.327416173570019953e-01
