0.000000000000000000e+00
2.112821554979762428e-01
3.581347694287794758e-01
4.854993310640314808e-01
5.952048298870430409e-01
6.859303290487560600e-01
7.528704973835289582e-01
7.995012616640416736e-01
8.230537350336161184e-01
8.017747972023234748e-01
7.804958593710308312e-01
7.593778048739181497e-01
7.380988670426253950e-01
7.168199292113327514e-01
6.955409913800402188e-01
6.744229368829277593e-01
6.531439990516351157e-01
6.485842266592152239e-01
6.440244542667954430e-01
6.394646818743756622e-01
6.349049094819557704e-01
6.303451370895359895e-01
6.257853646971160977e-01
6.212255923046963169e-01
6.166658199122764250e-01
5.868346627377264424e-01
5.825289166624331161e-01
5.699503801927214841e-01
5.615040051482669270e-01
5.529729546647701444e-01
5.445265796203154762e-01
5.359955291368186936e-01
5.274644786533219110e-01
5.189334281698251283e-01
5.104023776863283457e-01
5.018713272028315631e-01
4.962023065589595272e-01
4.904655455638537997e-01
4.847287845687480168e-01
4.789920235736422338e-01
4.732552625785364508e-01
4.675185015834306679e-01
4.617817405883248849e-01
4.560449795932191575e-01
4.503082185981133745e-01
4.464554861216954440e-01
4.426027536452775135e-01
4.388600992396144429e-01
4.361250825585529234e-01
4.321792070991886670e-01
4.282333316398244105e-01
4.254051719758165651e-01
4.214592965164523086e-01
4.175134210570880522e-01
4.146852613930802067e-01
4.108325289166622762e-01
4.070306017036697255e-01
4.030847262443054690e-01
3.992319937678875941e-01
3.953792612914697191e-01
3.914333858321054627e-01
3.886052261680976172e-01
3.848795068502429695e-01
3.810775796372504187e-01
3.772248471608324882e-01
3.732789717014682318e-01
3.694262392250503568e-01
3.655735067486324819e-01
3.618308523429694112e-01
3.590026926789615658e-01
3.550568172195972538e-01
3.493539264001083722e-01
3.453741807651272144e-01
3.414452403935713809e-01
3.375163000220155474e-01
3.336381649138850380e-01
3.296584192789038803e-01
3.257294789073480468e-01
3.218005385357922687e-01
3.178715981642364907e-01
3.138918525292553330e-01
3.099629121576994994e-01
3.060339717861436659e-01
3.021050314145878324e-01
2.981252857796067302e-01
2.941963454080508966e-01
2.902674050364951186e-01
2.862876594015139609e-01
2.823587190299581273e-01
2.785821944486782109e-01
2.747040593405476461e-01
2.707751189689918681e-01
2.667953733340107658e-01
2.637301224406848332e-01
2.598519873325542684e-01
2.560923978390827749e-01
2.521126522041015616e-01
2.481329065691203761e-01
2.441531609341392739e-01
2.384163999390334909e-01
2.344366543040523609e-01
2.304061034056459623e-01
2.271630340903315892e-01
2.231832884553504870e-01
2.191696726447525112e-01
2.151645243780587746e-01
2.111509085674607988e-01
2.091906721536349878e-01
2.052363291503665199e-01
2.012057782519600935e-01
1.972260326169789912e-01
1.931954817185725926e-01
1.891649308201661939e-01
1.833942996494435651e-01
1.793637487510371664e-01
1.774035123372113554e-01
1.733983640705176188e-01
1.694186184355365166e-01
1.654388728005553866e-01
1.614083219021490156e-01
1.574031736354552513e-01
1.534234280004741213e-01
1.494436823654930191e-01
1.454893393622245512e-01
1.435629731240155860e-01
1.395578248573217939e-01
1.355780792223406916e-01
1.320555809581871742e-01
1.280250300597808033e-01
1.239944791613745712e-01
1.200147335263934273e-01
1.159841826279870147e-01
1.119536317295806022e-01
1.079230808311741896e-01
1.059628444173483924e-01
1.019322935189419799e-01
9.792714525224820166e-02
9.596690883842239062e-02
9.198716320344127451e-02
8.795661230503487582e-02
8.397686667005375971e-02
8.201663025622793479e-02
7.803688462124680481e-02
7.403173635455301271e-02
7.000118545614660015e-02
6.602143982116549792e-02
6.409507358295656043e-02
6.014073057968799541e-02
5.818049416586219130e-02
5.619485512032374591e-02
5.420921607478529358e-02
5.222357702924683431e-02
4.820996121864885853e-02
4.453504716421948645e-02
4.055530152923838422e-02
3.859506511541258705e-02
3.663482870158678295e-02
3.265508306660566684e-02
3.069484665277988356e-02
2.870920760724145551e-02
2.674897119341564794e-02
2.478873477958984037e-02
2.282849836576403280e-02
2.086826195193822175e-02
1.890802553811241418e-02
1.755745228539010161e-02
1.563108604718115718e-02
1.367084963335532012e-02
1.171061321952951255e-02
9.750376805703717120e-03
7.790140391877917354e-03
5.829903978052129732e-03
3.903537739843186607e-03
1.917898694304726254e-03
-8.467543904214729468e-06
-1.562261850327691191e-03
-3.488628088536646892e-03
-5.448864502362447092e-03
-7.409100916188252062e-03
-9.369337330014073512e-03
-1.132957374383988282e-02
-1.328981015766572682e-02
-1.525004657149153960e-02
-1.723568561702996244e-02
-1.919592203085576307e-02
-2.115615844468156717e-02
-2.311639485850737127e-02
-2.504276109671631570e-02
-2.700299751054212674e-02
