# comps 1
0.000000
0.000000
-0.000000
-0.000000
-0.000000
-0.000000
-0.000000
-0.000000
-0.000000
-0.000000
-0.000000
-0.000000
-0.000000
-0.000000
-0.000000
-0.000000
-0.000000
-0.000000
-0.000000
-0.000000
-0.000000
-0.000000
-0.000000
-0.000000
-0.000000
-0.000000
-0.000000
-0.000000
-0.000000
-0.000000
-0.000000
-0.000000
-0.000000
-0.000000
-0.000000
-0.000000
-0.000000
-0.000000
-0.000000
-0.000000
-0.000000
-0.000000
-0.000000
-0.000000
-0.000000
-0.000000
-0.000000
-0.000000
-0.000000
-0.000000
-0.000000
-0.000000
-0.000000
-0.000000
-0.000000
-0.000000
-0.000000
-0.000000
-0.000000
-0.000000
-0.000000
-0.000000
-0.000000
-0.000000
-0.000000
-0.000000
-0.000000
-0.000000
-0.000000
-0.000000
-0.000000
-0.000000
-0.000000
-0.000000
-0.000000
-0.000000
-0.000000
-0.000000
-0.000000
-0.000000
-0.000000
-0.000000
-0.000000
-0.000000
-0.000000
-0.000000
-0.000000
-0.000000
-0.000000
-0.000000
-0.000000
-0.000000
-0.000000
-0.000000
-0.000000
-0.000000
-0.000000
-0.000000
-0.000000
-0.000000


# comps 2
0.499671
0.243261
0.236239
0.173087
0.156052
0.126103
0.110135
0.092301
0.079820
0.067962
0.058659
0.050336
0.043468
0.037459
0.032383
0.027976
0.024209
0.020947
0.018141
0.015712
0.013615
0.011799
0.010229
0.008869
0.007691
0.006670
0.005785
0.005018
0.004353
0.003776
0.003276
0.002842
0.002466
0.002139
0.001856
0.001611
0.001398
0.001213
0.001052
0.000913
0.000792
0.000687
0.000596
0.000518
0.000449
0.000390
0.000338
0.000293
0.000255
0.000221
0.000192
0.000166
0.000144
0.000125
0.000109
0.000094
0.000082
0.000071
0.000062
0.000053
0.000046
0.000040
0.000035
0.000030
0.000026
0.000023
0.000020
0.000017
0.000015
0.000013
0.000011
0.000010
0.000008
0.000007
0.000006
0.000006
0.000005
0.000004
0.000004
0.000003
0.000003
0.000002
0.000002
0.000002
0.000002
0.000001
0.000001
0.000001
0.000001
0.000001
0.000001
0.000001
0.000000
0.000000
0.000000
0.000000
0.000000
0.000000
0.000000
0.000000


# comps 3
0.587689
0.164612
0.164612
0.124707
0.124707
0.094320
0.094320
0.070706
0.068157
0.052903
0.049186
0.039617
0.035998
0.029709
0.026592
0.022305
0.019766
0.016762
0.014753
0.012604
0.011043
0.009482
0.008282
0.007135
0.006219
0.005370
0.004674
0.004043
0.003515
0.003043
0.002644
0.002291
0.001990
0.001725
0.001498
0.001299
0.001128
0.000978
0.000849
0.000736
0.000639
0.000554
0.000481
0.000417
0.000362
0.000314
0.000273
0.000237
0.000205
0.000178
0.000155
0.000134
0.000116
0.000101
0.000088
0.000076
0.000066
0.000057
0.000050
0.000043
0.000037
0.000032
0.000028
0.000024
0.000021
0.000018
0.000016
0.000014
0.000012
0.000010
0.000009
0.000008
0.000007
0.000006
0.000005
0.000004
0.000004
0.000003
0.000003
0.000003
0.000002
0.000002
0.000002
0.000001
0.000001
0.000001
0.000001
0.000001
0.000001
0.000001
0.000001
0.000000
0.000000
0.000000
0.000000
0.000000
0.000000
0.000000
0.000000
0.000000


# comps 4
0.699704
0.033037
0.033037
0.033037
0.033037
0.033037
0.033037
0.033037
0.033037
0.029670
0.029670
0.023028
0.023028
0.017667
0.017102
0.013464
0.012577
0.010218
0.009320
0.007734
0.006942
0.005844
0.005189
0.004411
0.003887
0.003327
0.002917
0.002508
0.002192
0.001890
0.001648
0.001423
0.001239
0.001072
0.000932
0.000807
0.000702
0.000608
0.000528
0.000458
0.000398
0.000345
0.000299
0.000260
0.000225
0.000196
0.000170
0.000147
0.000128
0.000111
0.000096
0.000083
0.000072
0.000063
0.000055
0.000047
0.000041
0.000036
0.000031
0.000027
0.000023
0.000020
0.000018
0.000015
0.000013
0.000011
0.000010
0.000009
0.000007
0.000006
0.000006
0.000005
0.000004
0.000004
0.000003
0.000003
0.000002
0.000002
0.000002
0.000002
0.000001
0.000001
0.000001
0.000001
0.000001
0.000001
0.000001
0.000001
0.000000
0.000000
0.000000
0.000000
0.000000
0.000000
0.000000
0.000000
0.000000
0.000000
0.000000
0.000000


# comps 5
0.708087
0.118343
0.118343
0.098822
0.098822
0.077934
0.077934
0.059483
0.059462
0.044916
0.042640
0.033814
0.031113
0.025440
0.022949
0.019141
0.017046
0.014404
0.012719
0.010842
0.009519
0.008161
0.007138
0.006144
0.005360
0.004626
0.004029
0.003483
0.003030
0.002622
0.002279
0.001974
0.001715
0.001487
0.001291
0.001119
0.000972
0.000843
0.000732
0.000635
0.000551
0.000478
0.000415
0.000360
0.000312
0.000271
0.000235
0.000204
0.000177
0.000154
0.000133
0.000116
0.000100
0.000087
0.000076
0.000066
0.000057
0.000049
0.000043
0.000037
0.000032
0.000028
0.000024
0.000021
0.000018
0.000016
0.000014
0.000012
0.000010
0.000009
0.000008
0.000007
0.000006
0.000005
0.000004
0.000004
0.000003
0.000003
0.000003
0.000002
0.000002
0.000002
0.000001
0.000001
0.000001
0.000001
0.000001
0.000001
0.000001
0.000001
0.000000
0.000000
0.000000
0.000000
0.000000
0.000000
0.000000
0.000000
0.000000
0.000000


# comps 6
0.749343
0.082676
0.082676
0.075171
0.075171
0.062413
0.062413
0.049251
0.049251
0.038051
0.038051
0.029109
0.028655
0.022148
0.020925
0.016795
0.015437
0.012708
0.011465
0.009600
0.008554
0.007245
0.006401
0.005464
0.004799
0.004119
0.003604
0.003104
0.002708
0.002338
0.002037
0.001761
0.001532
0.001326
0.001153
0.000999
0.000868
0.000752
0.000653
0.000566
0.000492
0.000426
0.000370
0.000321
0.000279
0.000242
0.000210
0.000182
0.000158
0.000137
0.000119
0.000103
0.000090
0.000078
0.000067
0.000059
0.000051
0.000044
0.000038
0.000033
0.000029
0.000025
0.000022
0.000019
0.000016
0.000014
0.000012
0.000011
0.000009
0.000008
0.000007
0.000006
0.000005
0.000005
0.000004
0.000003
0.000003
0.000003
0.000002
0.000002
0.000002
0.000001
0.000001
0.000001
0.000001
0.000001
0.000001
0.000001
0.000001
0.000000
0.000000
0.000000
0.000000
0.000000
0.000000
0.000000
0.000000
0.000000
0.000000
0.000000


# comps 7
0.766108
0.060980
0.060980
0.060980
0.060980
0.057448
0.057448
0.045939
0.045939
0.035654
0.035654
0.027316
0.026735
0.020792
0.019558
0.015766
0.014445
0.011927
0.010737
0.009009
0.008015
0.006799
0.006000
0.005127
0.004500
0.003864
0.003379
0.002911
0.002540
0.002193
0.001910
0.001652
0.001437
0.001244
0.001081
0.000937
0.000814
0.000705
0.000613
0.000531
0.000461
0.000400
0.000347
0.000301
0.000261
0.000227
0.000197
0.000171
0.000148
0.000129
0.000112
0.000097
0.000084
0.000073
0.000063
0.000055
0.000048
0.000041
0.000036
0.000031
0.000027
0.000023
0.000020
0.000018
0.000015
0.000013
0.000012
0.000010
0.000009
0.000008
0.000007
0.000006
0.000005
0.000004
0.000004
0.000003
0.000003
0.000002
0.000002
0.000002
0.000002
0.000001
0.000001
0.000001
0.000001
0.000001
0.000001
0.000001
0.000001
0.000000
0.000000
0.000000
0.000000
0.000000
0.000000
0.000000
0.000000
0.000000
0.000000
0.000000


# comps 8
0.789037
0.058268
0.058268
0.058268
0.058268
0.056755
0.056755
0.045621
0.045621
0.035516
0.035516
0.027266
0.026891
0.020782
0.019649
0.015774
0.014502
0.011942
0.010775
0.009025
0.008041
0.006812
0.006018
0.005138
0.004513
0.003873
0.003389
0.002919
0.002547
0.002199
0.001915
0.001656
0.001441
0.001247
0.001084
0.000939
0.000816
0.000707
0.000614
0.000533
0.000462
0.000401
0.000348
0.000302
0.000262
0.000227
0.000197
0.000171
0.000149
0.000129
0.000112
0.000097
0.000084
0.000073
0.000063
0.000055
0.000048
0.000041
0.000036
0.000031
0.000027
0.000023
0.000020
0.000018
0.000015
0.000013
0.000012
0.000010
0.000009
0.000008
0.000007
0.000006
0.000005
0.000004
0.000004
0.000003
0.000003
0.000002
0.000002
0.000002
0.000002
0.000001
0.000001
0.000001
0.000001
0.000001
0.000001
0.000001
0.000001
0.000000
0.000000
0.000000
0.000000
0.000000
0.000000
0.000000
0.000000
0.000000
0.000000
0.000000


# comps 9
0.798570
0.042160
0.042160
0.042160
0.042160
0.042160
0.042160
0.042160
0.042160
0.033445
0.033445
0.025685
0.025397
0.019581
0.018543
0.014865
0.013681
0.011255
0.010162
0.008507
0.007583
0.006422
0.005675
0.004844
0.004255
0.003652
0.003195
0.002752
0.002401
0.002073
0.001806
0.001562
0.001359
0.001176
0.001022
0.000886
0.000769
0.000667
0.000579
0.000502
0.000436
0.000378
0.000328
0.000285
0.000247
0.000214
0.000186
0.000161
0.000140
0.000122
0.000105
0.000092
0.000079
0.000069
0.000060
0.000052
0.000045
0.000039
0.000034
0.000029
0.000026
0.000022
0.000019
0.000017
0.000014
0.000013
0.000011
0.000009
0.000008
0.000007
0.000006
0.000005
0.000005
0.000004
0.000004
0.000003
0.000003
0.000002
0.000002
0.000002
0.000001
0.000001
0.000001
0.000001
0.000001
0.000001
0.000001
0.000001
0.000000
0.000000
0.000000
0.000000
0.000000
0.000000
0.000000
0.000000
0.000000
0.000000
0.000000
0.000000


# comps 10
0.799721
0.043310
0.043310
0.043310
0.043310
0.043310
0.043310
0.039676
0.039676
0.031018
0.031018
0.023831
0.023327
0.018158
0.017063
0.013773
0.012604
0.010419
0.009370
0.007870
0.006995
0.005938
0.005237
0.004477
0.003928
0.003374
0.002950
0.002542
0.002217
0.001915
0.001667
0.001442
0.001254
0.001086
0.000944
0.000818
0.000711
0.000616
0.000535
0.000464
0.000403
0.000349
0.000303
0.000263
0.000228
0.000198
0.000172
0.000149
0.000129
0.000112
0.000097
0.000085
0.000073
0.000064
0.000055
0.000048
0.000042
0.000036
0.000031
0.000027
0.000024
0.000020
0.000018
0.000015
0.000013
0.000012
0.000010
0.000009
0.000008
0.000007
0.000006
0.000005
0.000004
0.000004
0.000003
0.000003
0.000002
0.000002
0.000002
0.000002
0.000001
0.000001
0.000001
0.000001
0.000001
0.000001
0.000001
0.000001
0.000000
0.000000
0.000000
0.000000
0.000000
0.000000
0.000000
0.000000
0.000000
0.000000
0.000000
0.000000


# comps 11
0.805391
0.023340
0.023340
0.023340
0.023340
0.023340
0.023340
0.023340
0.023340
0.023340
0.023340
0.023289
0.023122
0.017823
0.016892
0.013553
0.012468
0.010268
0.009264
0.007762
0.006914
0.005860
0.005175
0.004420
0.003881
0.003332
0.002914
0.002511
0.002191
0.001892
0.001647
0.001425
0.001239
0.001073
0.000933
0.000808
0.000702
0.000608
0.000528
0.000458
0.000398
0.000345
0.000299
0.000260
0.000225
0.000196
0.000170
0.000147
0.000128
0.000111
0.000096
0.000084
0.000072
0.000063
0.000055
0.000047
0.000041
0.000036
0.000031
0.000027
0.000023
0.000020
0.000018
0.000015
0.000013
0.000011
0.000010
0.000009
0.000007
0.000006
0.000006
0.000005
0.000004
0.000004
0.000003
0.000003
0.000002
0.000002
0.000002
0.000002
0.000001
0.000001
0.000001
0.000001
0.000001
0.000001
0.000001
0.000001
0.000000
0.000000
0.000000
0.000000
0.000000
0.000000
0.000000
0.000000
0.000000
0.000000
0.000000
0.000000


# comps 12
0.810322
0.028271
0.028271
0.028271
0.028271
0.028271
0.028271
0.028271
0.028271
0.028271
0.028271
0.023137
0.023011
0.017705
0.016810
0.013466
0.012406
0.010205
0.009218
0.007716
0.006879
0.005826
0.005148
0.004395
0.003861
0.003313
0.002899
0.002497
0.002179
0.001881
0.001639
0.001417
0.001233
0.001067
0.000928
0.000804
0.000698
0.000605
0.000526
0.000456
0.000396
0.000343
0.000298
0.000258
0.000224
0.000195
0.000169
0.000147
0.000127
0.000110
0.000096
0.000083
0.000072
0.000063
0.000054
0.000047
0.000041
0.000035
0.000031
0.000027
0.000023
0.000020
0.000017
0.000015
0.000013
0.000011
0.000010
0.000009
0.000007
0.000006
0.000006
0.000005
0.000004
0.000004
0.000003
0.000003
0.000002
0.000002
0.000002
0.000002
0.000001
0.000001
0.000001
0.000001
0.000001
0.000001
0.000001
0.000001
0.000000
0.000000
0.000000
0.000000
0.000000
0.000000
0.000000
0.000000
0.000000
0.000000
0.000000
0.000000


# comps 13
0.829717
-0.003616
-0.003616
-0.003616
-0.003616
-0.003616
-0.003616
-0.003616
-0.003616
-0.003616
-0.003616
-0.003616
-0.003616
-0.003616
-0.003616
-0.003616
-0.003616
-0.003616
-0.003616
-0.003616
-0.003616
-0.003616
-0.003616
-0.003616
-0.003616
-0.003616
-0.003616
-0.003616
-0.003616
-0.003616
-0.003616
-0.003616
-0.003616
-0.003616
-0.003616
-0.003616
-0.003616
-0.003616
-0.003616
-0.003616
-0.003616
-0.003616
-0.003616
-0.003616
-0.003616
-0.003616
-0.003616
-0.003616
-0.003616
-0.003616
-0.003616
-0.003616
-0.003616
-0.003616
-0.003616
-0.003616
-0.003616
-0.003616
-0.003616
-0.003616
-0.003616
-0.003616
-0.003616
-0.003616
-0.003616
-0.003616
-0.003616
-0.003616
-0.003616
-0.003616
-0.003616
-0.003616
-0.003616
-0.003616
-0.003616
-0.003616
-0.003616
-0.003616
-0.003616
-0.003616
-0.003616
-0.003616
-0.003616
-0.003616
-0.003616
-0.003616
-0.003616
-0.003616
-0.003616
-0.003616
-0.003616
-0.003616
-0.003616
-0.003616
-0.003616
-0.003616
-0.003616
-0.003616
-0.003616
-0.003616


# comps 14
0.832183
-0.001151
-0.001151
-0.001151
-0.001151
-0.001151
-0.001151
-0.001151
-0.001151
-0.001151
-0.001151
-0.001151
-0.001151
-0.001151
-0.001151
-0.001151
-0.001151
-0.001151
-0.001151
-0.001151
-0.001151
-0.001151
-0.001151
-0.001151
-0.001151
-0.001151
-0.001151
-0.001151
-0.001151
-0.001151
-0.001151
-0.001151
-0.001151
-0.001151
-0.001151
-0.001151
-0.001151
-0.001151
-0.001151
-0.001151
-0.001151
-0.001151
-0.001151
-0.001151
-0.001151
-0.001151
-0.001151
-0.001151
-0.001151
-0.001151
-0.001151
-0.001151
-0.001151
-0.001151
-0.001151
-0.001151
-0.001151
-0.001151
-0.001151
-0.001151
-0.001151
-0.001151
-0.001151
-0.001151
-0.001151
-0.001151
-0.001151
-0.001151
-0.001151
-0.001151
-0.001151
-0.001151
-0.001151
-0.001151
-0.001151
-0.001151
-0.001151
-0.001151
-0.001151
-0.001151
-0.001151
-0.001151
-0.001151
-0.001151
-0.001151
-0.001151
-0.001151
-0.001151
-0.001151
-0.001151
-0.001151
-0.001151
-0.001151
-0.001151
-0.001151
-0.001151
-0.001151
-0.001151
-0.001151
-0.001151


# comps 15
0.846483
-0.025312
-0.025312
-0.025312
-0.025312
-0.025312
-0.025312
-0.025312
-0.025312
-0.025312
-0.025312
-0.025312
-0.025312
-0.025312
-0.025312
-0.025312
-0.025312
-0.025312
-0.025312
-0.025312
-0.025312
-0.025312
-0.025312
-0.025312
-0.025312
-0.025312
-0.025312
-0.025312
-0.025312
-0.025312
-0.025312
-0.025312
-0.025312
-0.025312
-0.025312
-0.025312
-0.025312
-0.025312
-0.025312
-0.025312
-0.025312
-0.025312
-0.025312
-0.025312
-0.025312
-0.025312
-0.025312
-0.025312
-0.025312
-0.025312
-0.025312
-0.025312
-0.025312
-0.025312
-0.025312
-0.025312
-0.025312
-0.025312
-0.025312
-0.025312
-0.025312
-0.025312
-0.025312
-0.025312
-0.025312
-0.025312
-0.025312
-0.025312
-0.025312
-0.025312
-0.025312
-0.025312
-0.025312
-0.025312
-0.025312
-0.025312
-0.025312
-0.025312
-0.025312
-0.025312
-0.025312
-0.025312
-0.025312
-0.025312
-0.025312
-0.025312
-0.025312
-0.025312
-0.025312
-0.025312
-0.025312
-0.025312
-0.025312
-0.025312
-0.025312
-0.025312
-0.025312
-0.025312
-0.025312
-0.025312


# comps 16
0.848619
-0.023176
-0.023176
-0.023176
-0.023176
-0.023176
-0.023176
-0.023176
-0.023176
-0.023176
-0.023176
-0.023176
-0.023176
-0.023176
-0.023176
-0.023176
-0.023176
-0.023176
-0.023176
-0.023176
-0.023176
-0.023176
-0.023176
-0.023176
-0.023176
-0.023176
-0.023176
-0.023176
-0.023176
-0.023176
-0.023176
-0.023176
-0.023176
-0.023176
-0.023176
-0.023176
-0.023176
-0.023176
-0.023176
-0.023176
-0.023176
-0.023176
-0.023176
-0.023176
-0.023176
-0.023176
-0.023176
-0.023176
-0.023176
-0.023176
-0.023176
-0.023176
-0.023176
-0.023176
-0.023176
-0.023176
-0.023176
-0.023176
-0.023176
-0.023176
-0.023176
-0.023176
-0.023176
-0.023176
-0.023176
-0.023176
-0.023176
-0.023176
-0.023176
-0.023176
-0.023176
-0.023176
-0.023176
-0.023176
-0.023176
-0.023176
-0.023176
-0.023176
-0.023176
-0.023176
-0.023176
-0.023176
-0.023176
-0.023176
-0.023176
-0.023176
-0.023176
-0.023176
-0.023176
-0.023176
-0.023176
-0.023176
-0.023176
-0.023176
-0.023176
-0.023176
-0.023176
-0.023176
-0.023176
-0.023176


# comps 17
0.851907
-0.019888
-0.019888
-0.019888
-0.019888
-0.019888
-0.019888
-0.019888
-0.019888
-0.019888
-0.019888
-0.019888
-0.019888
-0.019888
-0.019888
-0.019888
-0.019888
-0.019888
-0.019888
-0.019888
-0.019888
-0.019888
-0.019888
-0.019888
-0.019888
-0.019888
-0.019888
-0.019888
-0.019888
-0.019888
-0.019888
-0.019888
-0.019888
-0.019888
-0.019888
-0.019888
-0.019888
-0.019888
-0.019888
-0.019888
-0.019888
-0.019888
-0.019888
-0.019888
-0.019888
-0.019888
-0.019888
-0.019888
-0.019888
-0.019888
-0.019888
-0.019888
-0.019888
-0.019888
-0.019888
-0.019888
-0.019888
-0.019888
-0.019888
-0.019888
-0.019888
-0.019888
-0.019888
-0.019888
-0.019888
-0.019888
-0.019888
-0.019888
-0.019888
-0.019888
-0.019888
-0.019888
-0.019888
-0.019888
-0.019888
-0.019888
-0.019888
-0.019888
-0.019888
-0.019888
-0.019888
-0.019888
-0.019888
-0.019888
-0.019888
-0.019888
-0.019888
-0.019888
-0.019888
-0.019888
-0.019888
-0.019888
-0.019888
-0.019888
-0.019888
-0.019888
-0.019888
-0.019888
-0.019888
-0.019888


# comps 18
0.865549
-0.006246
-0.006246
-0.006246
-0.006246
-0.006246
-0.006246
-0.006246
-0.006246
-0.006246
-0.006246
-0.006246
-0.006246
-0.006246
-0.006246
-0.006246
-0.006246
-0.006246
-0.006246
-0.006246
-0.006246
-0.006246
-0.006246
-0.006246
-0.006246
-0.006246
-0.006246
-0.006246
-0.006246
-0.006246
-0.006246
-0.006246
-0.006246
-0.006246
-0.006246
-0.006246
-0.006246
-0.006246
-0.006246
-0.006246
-0.006246
-0.006246
-0.006246
-0.006246
-0.006246
-0.006246
-0.006246
-0.006246
-0.006246
-0.006246
-0.006246
-0.006246
-0.006246
-0.006246
-0.006246
-0.006246
-0.006246
-0.006246
-0.006246
-0.006246
-0.006246
-0.006246
-0.006246
-0.006246
-0.006246
-0.006246
-0.006246
-0.006246
-0.006246
-0.006246
-0.006246
-0.006246
-0.006246
-0.006246
-0.006246
-0.006246
-0.006246
-0.006246
-0.006246
-0.006246
-0.006246
-0.006246
-0.006246
-0.006246
-0.006246
-0.006246
-0.006246
-0.006246
-0.006246
-0.006246
-0.006246
-0.006246
-0.006246
-0.006246
-0.006246
-0.006246
-0.006246
-0.006246
-0.006246
-0.006246


# comps 19
0.874260
-0.023176
-0.023176
-0.023176
-0.023176
-0.023176
-0.023176
-0.023176
-0.023176
-0.023176
-0.023176
-0.023176
-0.023176
-0.023176
-0.023176
-0.023176
-0.023176
-0.023176
-0.023176
-0.023176
-0.023176
-0.023176
-0.023176
-0.023176
-0.023176
-0.023176
-0.023176
-0.023176
-0.023176
-0.023176
-0.023176
-0.023176
-0.023176
-0.023176
-0.023176
-0.023176
-0.023176
-0.023176
-0.023176
-0.023176
-0.023176
-0.023176
-0.023176
-0.023176
-0.023176
-0.023176
-0.023176
-0.023176
-0.023176
-0.023176
-0.023176
-0.023176
-0.023176
-0.023176
-0.023176
-0.023176
-0.023176
-0.023176
-0.023176
-0.023176
-0.023176
-0.023176
-0.023176
-0.023176
-0.023176
-0.023176
-0.023176
-0.023176
-0.023176
-0.023176
-0.023176
-0.023176
-0.023176
-0.023176
-0.023176
-0.023176
-0.023176
-0.023176
-0.023176
-0.023176
-0.023176
-0.023176
-0.023176
-0.023176
-0.023176
-0.023176
-0.023176
-0.023176
-0.023176
-0.023176
-0.023176
-0.023176
-0.023176
-0.023176
-0.023176
-0.023176
-0.023176
-0.023176
-0.023176
-0.023176


# comps 20
0.875164
-0.022272
-0.022272
-0.022272
-0.022272
-0.022272
-0.022272
-0.022272
-0.022272
-0.022272
-0.022272
-0.022272
-0.022272
-0.022272
-0.022272
-0.022272
-0.022272
-0.022272
-0.022272
-0.022272
-0.022272
-0.022272
-0.022272
-0.022272
-0.022272
-0.022272
-0.022272
-0.022272
-0.022272
-0.022272
-0.022272
-0.022272
-0.022272
-0.022272
-0.022272
-0.022272
-0.022272
-0.022272
-0.022272
-0.022272
-0.022272
-0.022272
-0.022272
-0.022272
-0.022272
-0.022272
-0.022272
-0.022272
-0.022272
-0.022272
-0.022272
-0.022272
-0.022272
-0.022272
-0.022272
-0.022272
-0.022272
-0.022272
-0.022272
-0.022272
-0.022272
-0.022272
-0.022272
-0.022272
-0.022272
-0.022272
-0.022272
-0.022272
-0.022272
-0.022272
-0.022272
-0.022272
-0.022272
-0.022272
-0.022272
-0.022272
-0.022272
-0.022272
-0.022272
-0.022272
-0.022272
-0.022272
-0.022272
-0.022272
-0.022272
-0.022272
-0.022272
-0.022272
-0.022272
-0.022272
-0.022272
-0.022272
-0.022272
-0.022272
-0.022272
-0.022272
-0.022272
-0.022272
-0.022272
-0.022272


# comps 21
0.878945
0.007150
0.007150
0.007150
0.007150
0.007150
0.007150
0.007150
0.007150
0.007150
0.007150
0.007150
0.007150
0.007150
0.007150
0.007150
0.007150
0.006399
0.005867
0.004813
0.004336
0.003622
0.003223
0.002726
0.002406
0.002052
0.001801
0.001545
0.001351
0.001163
0.001015
0.000876
0.000763
0.000659
0.000573
0.000496
0.000431
0.000374
0.000325
0.000281
0.000244
0.000212
0.000184
0.000160
0.000138
0.000120
0.000104
0.000090
0.000079
0.000068
0.000059
0.000051
0.000045
0.000039
0.000034
0.000029
0.000025
0.000022
0.000019
0.000016
0.000014
0.000012
0.000011
0.000009
0.000008
0.000007
0.000006
0.000005
0.000005
0.000004
0.000003
0.000003
0.000003
0.000002
0.000002
0.000002
0.000001
0.000001
0.000001
0.000001
0.000001
0.000001
0.000001
0.000001
0.000000
0.000000
0.000000
0.000000
0.000000
0.000000
0.000000
0.000000
0.000000
0.000000
0.000000
0.000000
0.000000
0.000000
0.000000
0.000000


# comps 22
0.888067
-0.009369
-0.009369
-0.009369
-0.009369
-0.009369
-0.009369
-0.009369
-0.009369
-0.009369
-0.009369
-0.009369
-0.009369
-0.009369
-0.009369
-0.009369
-0.009369
-0.009369
-0.009369
-0.009369
-0.009369
-0.009369
-0.009369
-0.009369
-0.009369
-0.009369
-0.009369
-0.009369
-0.009369
-0.009369
-0.009369
-0.009369
-0.009369
-0.009369
-0.009369
-0.009369
-0.009369
-0.009369
-0.009369
-0.009369
-0.009369
-0.009369
-0.009369
-0.009369
-0.009369
-0.009369
-0.009369
-0.009369
-0.009369
-0.009369
-0.009369
-0.009369
-0.009369
-0.009369
-0.009369
-0.009369
-0.009369
-0.009369
-0.009369
-0.009369
-0.009369
-0.009369
-0.009369
-0.009369
-0.009369
-0.009369
-0.009369
-0.009369
-0.009369
-0.009369
-0.009369
-0.009369
-0.009369
-0.009369
-0.009369
-0.009369
-0.009369
-0.009369
-0.009369
-0.009369
-0.009369
-0.009369
-0.009369
-0.009369
-0.009369
-0.009369
-0.009369
-0.009369
-0.009369
-0.009369
-0.009369
-0.009369
-0.009369
-0.009369
-0.009369
-0.009369
-0.009369
-0.009369
-0.009369
-0.009369


# comps 23
0.890368
-0.007068
-0.007068
-0.007068
-0.007068
-0.007068
-0.007068
-0.007068
-0.007068
-0.007068
-0.007068
-0.007068
-0.007068
-0.007068
-0.007068
-0.007068
-0.007068
-0.007068
-0.007068
-0.007068
-0.007068
-0.007068
-0.007068
-0.007068
-0.007068
-0.007068
-0.007068
-0.007068
-0.007068
-0.007068
-0.007068
-0.007068
-0.007068
-0.007068
-0.007068
-0.007068
-0.007068
-0.007068
-0.007068
-0.007068
-0.007068
-0.007068
-0.007068
-0.007068
-0.007068
-0.007068
-0.007068
-0.007068
-0.007068
-0.007068
-0.007068
-0.007068
-0.007068
-0.007068
-0.007068
-0.007068
-0.007068
-0.007068
-0.007068
-0.007068
-0.007068
-0.007068
-0.007068
-0.007068
-0.007068
-0.007068
-0.007068
-0.007068
-0.007068
-0.007068
-0.007068
-0.007068
-0.007068
-0.007068
-0.007068
-0.007068
-0.007068
-0.007068
-0.007068
-0.007068
-0.007068
-0.007068
-0.007068
-0.007068
-0.007068
-0.007068
-0.007068
-0.007068
-0.007068
-0.007068
-0.007068
-0.007068
-0.007068
-0.007068
-0.007068
-0.007068
-0.007068
-0.007068
-0.007068
-0.007068


# comps 24
0.892423
-0.005013
-0.005013
-0.005013
-0.005013
-0.005013
-0.005013
-0.005013
-0.005013
-0.005013
-0.005013
-0.005013
-0.005013
-0.005013
-0.005013
-0.005013
-0.005013
-0.005013
-0.005013
-0.005013
-0.005013
-0.005013
-0.005013
-0.005013
-0.005013
-0.005013
-0.005013
-0.005013
-0.005013
-0.005013
-0.005013
-0.005013
-0.005013
-0.005013
-0.005013
-0.005013
-0.005013
-0.005013
-0.005013
-0.005013
-0.005013
-0.005013
-0.005013
-0.005013
-0.005013
-0.005013
-0.005013
-0.005013
-0.005013
-0.005013
-0.005013
-0.005013
-0.005013
-0.005013
-0.005013
-0.005013
-0.005013
-0.005013
-0.005013
-0.005013
-0.005013
-0.005013
-0.005013
-0.005013
-0.005013
-0.005013
-0.005013
-0.005013
-0.005013
-0.005013
-0.005013
-0.005013
-0.005013
-0.005013
-0.005013
-0.005013
-0.005013
-0.005013
-0.005013
-0.005013
-0.005013
-0.005013
-0.005013
-0.005013
-0.005013
-0.005013
-0.005013
-0.005013
-0.005013
-0.005013
-0.005013
-0.005013
-0.005013
-0.005013
-0.005013
-0.005013
-0.005013
-0.005013
-0.005013
-0.005013


# comps 25
0.909188
-0.026709
-0.026709
-0.026709
-0.026709
-0.026709
-0.026709
-0.026709
-0.026709
-0.026709
-0.026709
-0.026709
-0.026709
-0.026709
-0.026709
-0.026709
-0.026709
-0.026709
-0.026709
-0.026709
-0.026709
-0.026709
-0.026709
-0.026709
-0.026709
-0.026709
-0.026709
-0.026709
-0.026709
-0.026709
-0.026709
-0.026709
-0.026709
-0.026709
-0.026709
-0.026709
-0.026709
-0.026709
-0.026709
-0.026709
-0.026709
-0.026709
-0.026709
-0.026709
-0.026709
-0.026709
-0.026709
-0.026709
-0.026709
-0.026709
-0.026709
-0.026709
-0.026709
-0.026709
-0.026709
-0.026709
-0.026709
-0.026709
-0.026709
-0.026709
-0.026709
-0.026709
-0.026709
-0.026709
-0.026709
-0.026709
-0.026709
-0.026709
-0.026709
-0.026709
-0.026709
-0.026709
-0.026709
-0.026709
-0.026709
-0.026709
-0.026709
-0.026709
-0.026709
-0.026709
-0.026709
-0.026709
-0.026709
-0.026709
-0.026709
-0.026709
-0.026709
-0.026709
-0.026709
-0.026709
-0.026709
-0.026709
-0.026709
-0.026709
-0.026709
-0.026709
-0.026709
-0.026709
-0.026709
-0.026709


# comps 26
0.911818
-0.036900
-0.036900
-0.036900
-0.036900
-0.036900
-0.036900
-0.036900
-0.036900
-0.036900
-0.036900
-0.036900
-0.036900
-0.036900
-0.036900
-0.036900
-0.036900
-0.036900
-0.036900
-0.036900
-0.036900
-0.036900
-0.036900
-0.036900
-0.036900
-0.036900
-0.036900
-0.036900
-0.036900
-0.036900
-0.036900
-0.036900
-0.036900
-0.036900
-0.036900
-0.036900
-0.036900
-0.036900
-0.036900
-0.036900
-0.036900
-0.036900
-0.036900
-0.036900
-0.036900
-0.036900
-0.036900
-0.036900
-0.036900
-0.036900
-0.036900
-0.036900
-0.036900
-0.036900
-0.036900
-0.036900
-0.036900
-0.036900
-0.036900
-0.036900
-0.036900
-0.036900
-0.036900
-0.036900
-0.036900
-0.036900
-0.036900
-0.036900
-0.036900
-0.036900
-0.036900
-0.036900
-0.036900
-0.036900
-0.036900
-0.036900
-0.036900
-0.036900
-0.036900
-0.036900
-0.036900
-0.036900
-0.036900
-0.036900
-0.036900
-0.036900
-0.036900
-0.036900
-0.036900
-0.036900
-0.036900
-0.036900
-0.036900
-0.036900
-0.036900
-0.036900
-0.036900
-0.036900
-0.036900
-0.036900


# comps 27
0.912804
-0.035914
-0.035914
-0.035914
-0.035914
-0.035914
-0.035914
-0.035914
-0.035914
-0.035914
-0.035914
-0.035914
-0.035914
-0.035914
-0.035914
-0.035914
-0.035914
-0.035914
-0.035914
-0.035914
-0.035914
-0.035914
-0.035914
-0.035914
-0.035914
-0.035914
-0.035914
-0.035914
-0.035914
-0.035914
-0.035914
-0.035914
-0.035914
-0.035914
-0.035914
-0.035914
-0.035914
-0.035914
-0.035914
-0.035914
-0.035914
-0.035914
-0.035914
-0.035914
-0.035914
-0.035914
-0.035914
-0.035914
-0.035914
-0.035914
-0.035914
-0.035914
-0.035914
-0.035914
-0.035914
-0.035914
-0.035914
-0.035914
-0.035914
-0.035914
-0.035914
-0.035914
-0.035914
-0.035914
-0.035914
-0.035914
-0.035914
-0.035914
-0.035914
-0.035914
-0.035914
-0.035914
-0.035914
-0.035914
-0.035914
-0.035914
-0.035914
-0.035914
-0.035914
-0.035914
-0.035914
-0.035914
-0.035914
-0.035914
-0.035914
-0.035914
-0.035914
-0.035914
-0.035914
-0.035914
-0.035914
-0.035914
-0.035914
-0.035914
-0.035914
-0.035914
-0.035914
-0.035914
-0.035914
-0.035914


# comps 28
0.912311
-0.023586
-0.023586
-0.023586
-0.023586
-0.023586
-0.023586
-0.023586
-0.023586
-0.023586
-0.023586
-0.023586
-0.023586
-0.023586
-0.023586
-0.023586
-0.023586
-0.023586
-0.023586
-0.023586
-0.023586
-0.023586
-0.023586
-0.023586
-0.023586
-0.023586
-0.023586
-0.023586
-0.023586
-0.023586
-0.023586
-0.023586
-0.023586
-0.023586
-0.023586
-0.023586
-0.023586
-0.023586
-0.023586
-0.023586
-0.023586
-0.023586
-0.023586
-0.023586
-0.023586
-0.023586
-0.023586
-0.023586
-0.023586
-0.023586
-0.023586
-0.023586
-0.023586
-0.023586
-0.023586
-0.023586
-0.023586
-0.023586
-0.023586
-0.023586
-0.023586
-0.023586
-0.023586
-0.023586
-0.023586
-0.023586
-0.023586
-0.023586
-0.023586
-0.023586
-0.023586
-0.023586
-0.023586
-0.023586
-0.023586
-0.023586
-0.023586
-0.023586
-0.023586
-0.023586
-0.023586
-0.023586
-0.023586
-0.023586
-0.023586
-0.023586
-0.023586
-0.023586
-0.023586
-0.023586
-0.023586
-0.023586
-0.023586
-0.023586
-0.023586
-0.023586
-0.023586
-0.023586
-0.023586
-0.023586


# comps 29
0.914448
-0.047091
-0.047091
-0.047091
-0.047091
-0.047091
-0.047091
-0.047091
-0.047091
-0.047091
-0.047091
-0.047091
-0.047091
-0.047091
-0.047091
-0.047091
-0.047091
-0.047091
-0.047091
-0.047091
-0.047091
-0.047091
-0.047091
-0.047091
-0.047091
-0.047091
-0.047091
-0.047091
-0.047091
-0.047091
-0.047091
-0.047091
-0.047091
-0.047091
-0.047091
-0.047091
-0.047091
-0.047091
-0.047091
-0.047091
-0.047091
-0.047091
-0.047091
-0.047091
-0.047091
-0.047091
-0.047091
-0.047091
-0.047091
-0.047091
-0.047091
-0.047091
-0.047091
-0.047091
-0.047091
-0.047091
-0.047091
-0.047091
-0.047091
-0.047091
-0.047091
-0.047091
-0.047091
-0.047091
-0.047091
-0.047091
-0.047091
-0.047091
-0.047091
-0.047091
-0.047091
-0.047091
-0.047091
-0.047091
-0.047091
-0.047091
-0.047091
-0.047091
-0.047091
-0.047091
-0.047091
-0.047091
-0.047091
-0.047091
-0.047091
-0.047091
-0.047091
-0.047091
-0.047091
-0.047091
-0.047091
-0.047091
-0.047091
-0.047091
-0.047091
-0.047091
-0.047091
-0.047091
-0.047091
-0.047091


# comps 30
0.914941
-0.046598
-0.046598
-0.046598
-0.046598
-0.046598
-0.046598
-0.046598
-0.046598
-0.046598
-0.046598
-0.046598
-0.046598
-0.046598
-0.046598
-0.046598
-0.046598
-0.046598
-0.046598
-0.046598
-0.046598
-0.046598
-0.046598
-0.046598
-0.046598
-0.046598
-0.046598
-0.046598
-0.046598
-0.046598
-0.046598
-0.046598
-0.046598
-0.046598
-0.046598
-0.046598
-0.046598
-0.046598
-0.046598
-0.046598
-0.046598
-0.046598
-0.046598
-0.046598
-0.046598
-0.046598
-0.046598
-0.046598
-0.046598
-0.046598
-0.046598
-0.046598
-0.046598
-0.046598
-0.046598
-0.046598
-0.046598
-0.046598
-0.046598
-0.046598
-0.046598
-0.046598
-0.046598
-0.046598
-0.046598
-0.046598
-0.046598
-0.046598
-0.046598
-0.046598
-0.046598
-0.046598
-0.046598
-0.046598
-0.046598
-0.046598
-0.046598
-0.046598
-0.046598
-0.046598
-0.046598
-0.046598
-0.046598
-0.046598
-0.046598
-0.046598
-0.046598
-0.046598
-0.046598
-0.046598
-0.046598
-0.046598
-0.046598
-0.046598
-0.046598
-0.046598
-0.046598
-0.046598
-0.046598
-0.046598


# comps 31
0.935815
-0.051364
-0.051364
-0.051364
-0.051364
-0.051364
-0.051364
-0.051364
-0.051364
-0.051364
-0.051364
-0.051364
-0.051364
-0.051364
-0.051364
-0.051364
-0.051364
-0.051364
-0.051364
-0.051364
-0.051364
-0.051364
-0.051364
-0.051364
-0.051364
-0.051364
-0.051364
-0.051364
-0.051364
-0.051364
-0.051364
-0.051364
-0.051364
-0.051364
-0.051364
-0.051364
-0.051364
-0.051364
-0.051364
-0.051364
-0.051364
-0.051364
-0.051364
-0.051364
-0.051364
-0.051364
-0.051364
-0.051364
-0.051364
-0.051364
-0.051364
-0.051364
-0.051364
-0.051364
-0.051364
-0.051364
-0.051364
-0.051364
-0.051364
-0.051364
-0.051364
-0.051364
-0.051364
-0.051364
-0.051364
-0.051364
-0.051364
-0.051364
-0.051364
-0.051364
-0.051364
-0.051364
-0.051364
-0.051364
-0.051364
-0.051364
-0.051364
-0.051364
-0.051364
-0.051364
-0.051364
-0.051364
-0.051364
-0.051364
-0.051364
-0.051364
-0.051364
-0.051364
-0.051364
-0.051364
-0.051364
-0.051364
-0.051364
-0.051364
-0.051364
-0.051364
-0.051364
-0.051364
-0.051364
-0.051364


# comps 32
0.947650
-0.052350
-0.052350
-0.052350
-0.052350
-0.052350
-0.052350
-0.052350
-0.052350
-0.052350
-0.052350
-0.052350
-0.052350
-0.052350
-0.052350
-0.052350
-0.052350
-0.052350
-0.052350
-0.052350
-0.052350
-0.052350
-0.052350
-0.052350
-0.052350
-0.052350
-0.052350
-0.052350
-0.052350
-0.052350
-0.052350
-0.052350
-0.052350
-0.052350
-0.052350
-0.052350
-0.052350
-0.052350
-0.052350
-0.052350
-0.052350
-0.052350
-0.052350
-0.052350
-0.052350
-0.052350
-0.052350
-0.052350
-0.052350
-0.052350
-0.052350
-0.052350
-0.052350
-0.052350
-0.052350
-0.052350
-0.052350
-0.052350
-0.052350
-0.052350
-0.052350
-0.052350
-0.052350
-0.052350
-0.052350
-0.052350
-0.052350
-0.052350
-0.052350
-0.052350
-0.052350
-0.052350
-0.052350
-0.052350
-0.052350
-0.052350
-0.052350
-0.052350
-0.052350
-0.052350
-0.052350
-0.052350
-0.052350
-0.052350
-0.052350
-0.052350
-0.052350
-0.052350
-0.052350
-0.052350
-0.052350
-0.052350
-0.052350
-0.052350
-0.052350
-0.052350
-0.052350
-0.052350
-0.052350
-0.052350


# comps 33
0.948882
-0.051118
-0.051118
-0.051118
-0.051118
-0.051118
-0.051118
-0.051118
-0.051118
-0.051118
-0.051118
-0.051118
-0.051118
-0.051118
-0.051118
-0.051118
-0.051118
-0.051118
-0.051118
-0.051118
-0.051118
-0.051118
-0.051118
-0.051118
-0.051118
-0.051118
-0.051118
-0.051118
-0.051118
-0.051118
-0.051118
-0.051118
-0.051118
-0.051118
-0.051118
-0.051118
-0.051118
-0.051118
-0.051118
-0.051118
-0.051118
-0.051118
-0.051118
-0.051118
-0.051118
-0.051118
-0.051118
-0.051118
-0.051118
-0.051118
-0.051118
-0.051118
-0.051118
-0.051118
-0.051118
-0.051118
-0.051118
-0.051118
-0.051118
-0.051118
-0.051118
-0.051118
-0.051118
-0.051118
-0.051118
-0.051118
-0.051118
-0.051118
-0.051118
-0.051118
-0.051118
-0.051118
-0.051118
-0.051118
-0.051118
-0.051118
-0.051118
-0.051118
-0.051118
-0.051118
-0.051118
-0.051118
-0.051118
-0.051118
-0.051118
-0.051118
-0.051118
-0.051118
-0.051118
-0.051118
-0.051118
-0.051118
-0.051118
-0.051118
-0.051118
-0.051118
-0.051118
-0.051118
-0.051118
-0.051118


# comps 34
0.950197
-0.049803
-0.049803
-0.049803
-0.049803
-0.049803
-0.049803
-0.049803
-0.049803
-0.049803
-0.049803
-0.049803
-0.049803
-0.049803
-0.049803
-0.049803
-0.049803
-0.049803
-0.049803
-0.049803
-0.049803
-0.049803
-0.049803
-0.049803
-0.049803
-0.049803
-0.049803
-0.049803
-0.049803
-0.049803
-0.049803
-0.049803
-0.049803
-0.049803
-0.049803
-0.049803
-0.049803
-0.049803
-0.049803
-0.049803
-0.049803
-0.049803
-0.049803
-0.049803
-0.049803
-0.049803
-0.049803
-0.049803
-0.049803
-0.049803
-0.049803
-0.049803
-0.049803
-0.049803
-0.049803
-0.049803
-0.049803
-0.049803
-0.049803
-0.049803
-0.049803
-0.049803
-0.049803
-0.049803
-0.049803
-0.049803
-0.049803
-0.049803
-0.049803
-0.049803
-0.049803
-0.049803
-0.049803
-0.049803
-0.049803
-0.049803
-0.049803
-0.049803
-0.049803
-0.049803
-0.049803
-0.049803
-0.049803
-0.049803
-0.049803
-0.049803
-0.049803
-0.049803
-0.049803
-0.049803
-0.049803
-0.049803
-0.049803
-0.049803
-0.049803
-0.049803
-0.049803
-0.049803
-0.049803
-0.049803


