# comps 1
-0.000000
-0.000000
-0.000000
-0.000000
-0.000000
-0.000000
-0.000000
-0.000000
-0.000000
-0.000000
-0.000000
-0.000000
-0.000000
-0.000000
-0.000000
-0.000000
-0.000000
-0.000000
-0.000000
-0.000000
-0.000000
-0.000000
-0.000000
-0.000000
-0.000000
-0.000000
-0.000000
-0.000000
-0.000000
-0.000000
-0.000000
-0.000000
-0.000000
-0.000000
-0.000000
-0.000000
-0.000000
-0.000000
-0.000000
-0.000000
-0.000000
-0.000000
-0.000000
-0.000000
-0.000000
-0.000000
-0.000000
-0.000000
-0.000000
-0.000000
-0.000000
-0.000000
-0.000000
-0.000000
-0.000000
-0.000000
-0.000000
-0.000000
-0.000000
-0.000000
-0.000000
-0.000000
-0.000000
-0.000000
-0.000000
-0.000000
-0.000000
-0.000000
-0.000000
-0.000000
-0.000000
-0.000000
-0.000000
-0.000000
-0.000000
-0.000000
-0.000000
-0.000000
-0.000000
-0.000000
-0.000000
-0.000000
-0.000000
-0.000000
-0.000000
-0.000000
-0.000000
-0.000000
-0.000000
-0.000000
-0.000000
-0.000000
-0.000000
-0.000000
-0.000000
-0.000000
-0.000000
-0.000000
-0.000000
-0.000000


# comps 2
0.393491
0.162722
0.162722
0.154709
0.150380
0.130899
0.122085
0.108927
0.100213
0.090232
0.082515
0.074615
0.068026
0.061649
0.056115
0.050914
0.046304
0.042039
0.038215
0.034707
0.031542
0.028652
0.026035
0.023652
0.021491
0.019524
0.017740
0.016117
0.014643
0.013304
0.012087
0.010982
0.009978
0.009065
0.008236
0.007483
0.006799
0.006177
0.005612
0.005099
0.004633
0.004209
0.003824
0.003474
0.003157
0.002868
0.002606
0.002367
0.002151
0.001954
0.001775
0.001613
0.001466
0.001332
0.001210
0.001099
0.000999
0.000907
0.000824
0.000749
0.000680
0.000618
0.000562
0.000510
0.000464
0.000421
0.000383
0.000348
0.000316
0.000287
0.000261
0.000237
0.000215
0.000196
0.000178
0.000161
0.000147
0.000133
0.000121
0.000110
0.000100
0.000091
0.000083
0.000075
0.000068
0.000062
0.000056
0.000051
0.000046
0.000042
0.000038
0.000035
0.000032
0.000029
0.000026
0.000024
0.000022
0.000020
0.000018
0.000016


# comps 3
0.642012
0.180473
0.180473
0.166763
0.161150
0.139664
0.130025
0.116026
0.106661
0.096078
0.087826
0.079439
0.072409
0.065631
0.059733
0.054201
0.049291
0.044752
0.040680
0.036946
0.033577
0.030500
0.027715
0.025178
0.022877
0.020784
0.018884
0.017157
0.015588
0.014162
0.012867
0.011690
0.010621
0.009650
0.008768
0.007966
0.007237
0.006575
0.005974
0.005428
0.004931
0.004480
0.004071
0.003698
0.003360
0.003053
0.002774
0.002520
0.002290
0.002080
0.001890
0.001717
0.001560
0.001417
0.001288
0.001170
0.001063
0.000966
0.000878
0.000797
0.000724
0.000658
0.000598
0.000543
0.000494
0.000448
0.000407
0.000370
0.000336
0.000306
0.000278
0.000252
0.000229
0.000208
0.000189
0.000172
0.000156
0.000142
0.000129
0.000117
0.000106
0.000097
0.000088
0.000080
0.000073
0.000066
0.000060
0.000054
0.000049
0.000045
0.000041
0.000037
0.000034
0.000031
0.000028
0.000025
0.000023
0.000021
0.000019
0.000017


# comps 4
0.701183
0.137081
0.137081
0.090607
0.087071
0.071864
0.067842
0.059489
0.055224
0.049342
0.045355
0.040852
0.037350
0.033778
0.030793
0.027908
0.025402
0.023048
0.020961
0.019030
0.017299
0.015711
0.014278
0.012970
0.011786
0.010707
0.009728
0.008838
0.008030
0.007296
0.006629
0.006022
0.005472
0.004971
0.004517
0.004104
0.003728
0.003387
0.003078
0.002796
0.002540
0.002308
0.002097
0.001905
0.001731
0.001573
0.001429
0.001298
0.001180
0.001072
0.000974
0.000885
0.000804
0.000730
0.000663
0.000603
0.000548
0.000498
0.000452
0.000411
0.000373
0.000339
0.000308
0.000280
0.000254
0.000231
0.000210
0.000191
0.000173
0.000157
0.000143
0.000130
0.000118
0.000107
0.000097
0.000089
0.000080
0.000073
0.000066
0.000060
0.000055
0.000050
0.000045
0.000041
0.000037
0.000034
0.000031
0.000028
0.000025
0.000023
0.000021
0.000019
0.000017
0.000016
0.000014
0.000013
0.000012
0.000011
0.000010
0.000009


# comps 5
0.730769
0.141026
0.141026
0.113337
0.110814
0.092933
0.087340
0.077144
0.071305
0.063946
0.058628
0.052910
0.048306
0.043732
0.039837
0.036124
0.032867
0.029830
0.027123
0.024629
0.022386
0.020333
0.018477
0.016785
0.015252
0.013856
0.012589
0.011438
0.010392
0.009441
0.008578
0.007794
0.007081
0.006433
0.005845
0.005311
0.004825
0.004384
0.003983
0.003619
0.003288
0.002987
0.002714
0.002466
0.002240
0.002035
0.001849
0.001680
0.001526
0.001387
0.001260
0.001145
0.001040
0.000945
0.000859
0.000780
0.000709
0.000644
0.000585
0.000532
0.000483
0.000439
0.000399
0.000362
0.000329
0.000299
0.000272
0.000247
0.000224
0.000204
0.000185
0.000168
0.000153
0.000139
0.000126
0.000115
0.000104
0.000095
0.000086
0.000078
0.000071
0.000064
0.000059
0.000053
0.000048
0.000044
0.000040
0.000036
0.000033
0.000030
0.000027
0.000025
0.000022
0.000020
0.000019
0.000017
0.000015
0.000014
0.000013
0.000011


# comps 6
0.760355
0.170611
0.170611
0.138916
0.134557
0.114318
0.106838
0.094834
0.087387
0.078553
0.071901
0.064969
0.059262
0.053686
0.048880
0.044341
0.040332
0.036613
0.033285
0.030228
0.027473
0.024954
0.022676
0.020600
0.018718
0.017005
0.015451
0.014037
0.012754
0.011587
0.010528
0.009565
0.008690
0.007896
0.007174
0.006517
0.005921
0.005380
0.004888
0.004441
0.004035
0.003666
0.003331
0.003026
0.002749
0.002498
0.002269
0.002062
0.001873
0.001702
0.001546
0.001405
0.001276
0.001160
0.001054
0.000957
0.000870
0.000790
0.000718
0.000652
0.000593
0.000538
0.000489
0.000444
0.000404
0.000367
0.000333
0.000303
0.000275
0.000250
0.000227
0.000206
0.000188
0.000170
0.000155
0.000141
0.000128
0.000116
0.000105
0.000096
0.000087
0.000079
0.000072
0.000065
0.000059
0.000054
0.000049
0.000044
0.000040
0.000037
0.000033
0.000030
0.000028
0.000025
0.000023
0.000021
0.000019
0.000017
0.000015
0.000014


# comps 7
0.772189
0.131164
0.131164
0.106992
0.106992
0.089106
0.086586
0.074624
0.070205
0.062151
0.057524
0.051556
0.047309
0.042671
0.038976
0.035273
0.032140
0.029139
0.026515
0.024063
0.021881
0.019868
0.018059
0.016402
0.014906
0.013540
0.012304
0.011177
0.010156
0.009227
0.008383
0.007616
0.006920
0.006287
0.005712
0.005190
0.004715
0.004284
0.003892
0.003536
0.003213
0.002919
0.002652
0.002410
0.002189
0.001989
0.001807
0.001642
0.001492
0.001355
0.001231
0.001119
0.001016
0.000924
0.000839
0.000762
0.000693
0.000629
0.000572
0.000519
0.000472
0.000429
0.000390
0.000354
0.000322
0.000292
0.000265
0.000241
0.000219
0.000199
0.000181
0.000164
0.000149
0.000136
0.000123
0.000112
0.000102
0.000092
0.000084
0.000076
0.000069
0.000063
0.000057
0.000052
0.000047
0.000043
0.000039
0.000035
0.000032
0.000029
0.000027
0.000024
0.000022
0.000020
0.000018
0.000016
0.000015
0.000014
0.000012
0.000011


# comps 8
0.798817
0.157791
0.157791
0.139272
0.139272
0.116801
0.111863
0.097610
0.091103
0.081140
0.074778
0.067232
0.061552
0.055611
0.050733
0.045955
0.041845
0.037957
0.034527
0.031342
0.028494
0.025876
0.023518
0.021362
0.019412
0.017634
0.016023
0.014557
0.013226
0.012016
0.010918
0.009919
0.009012
0.008188
0.007439
0.006759
0.006141
0.005579
0.005069
0.004605
0.004184
0.003802
0.003454
0.003138
0.002851
0.002590
0.002354
0.002138
0.001943
0.001765
0.001604
0.001457
0.001324
0.001203
0.001093
0.000993
0.000902
0.000820
0.000745
0.000676
0.000615
0.000558
0.000507
0.000461
0.000419
0.000381
0.000346
0.000314
0.000285
0.000259
0.000236
0.000214
0.000194
0.000177
0.000161
0.000146
0.000132
0.000120
0.000109
0.000099
0.000090
0.000082
0.000075
0.000068
0.000062
0.000056
0.000051
0.000046
0.000042
0.000038
0.000035
0.000031
0.000029
0.000026
0.000024
0.000021
0.000019
0.000018
0.000016
0.000015


# comps 9
0.810651
0.118343
0.118343
0.093904
0.093904
0.078969
0.078969
0.066810
0.064277
0.055976
0.052437
0.046585
0.043026
0.038623
0.035403
0.031957
0.029173
0.026413
0.024059
0.021818
0.019850
0.018017
0.016381
0.014875
0.013520
0.012280
0.011160
0.010137
0.009211
0.008368
0.007604
0.006908
0.006276
0.005702
0.005181
0.004707
0.004277
0.003886
0.003530
0.003207
0.002914
0.002648
0.002405
0.002185
0.001986
0.001804
0.001639
0.001489
0.001353
0.001229
0.001117
0.001015
0.000922
0.000838
0.000761
0.000691
0.000628
0.000571
0.000519
0.000471
0.000428
0.000389
0.000353
0.000321
0.000292
0.000265
0.000241
0.000219
0.000199
0.000181
0.000164
0.000149
0.000135
0.000123
0.000112
0.000102
0.000092
0.000084
0.000076
0.000069
0.000063
0.000057
0.000052
0.000047
0.000043
0.000039
0.000035
0.000032
0.000029
0.000027
0.000024
0.000022
0.000020
0.000018
0.000016
0.000015
0.000014
0.000012
0.000011
0.000010


# comps 10
0.819527
0.075937
0.075937
0.072865
0.072865
0.064239
0.064239
0.055422
0.055132
0.046876
0.044697
0.039201
0.036551
0.032585
0.030020
0.026998
0.024714
0.022331
0.020370
0.018453
0.016802
0.015241
0.013863
0.012585
0.011441
0.010390
0.009443
0.008577
0.007794
0.007081
0.006434
0.005845
0.005311
0.004825
0.004384
0.003983
0.003619
0.003288
0.002987
0.002714
0.002466
0.002240
0.002035
0.001849
0.001680
0.001526
0.001387
0.001260
0.001145
0.001040
0.000945
0.000859
0.000780
0.000709
0.000644
0.000585
0.000532
0.000483
0.000439
0.000399
0.000362
0.000329
0.000299
0.000272
0.000247
0.000224
0.000204
0.000185
0.000168
0.000153
0.000139
0.000126
0.000115
0.000104
0.000095
0.000086
0.000078
0.000071
0.000064
0.000059
0.000053
0.000048
0.000044
0.000040
0.000036
0.000033
0.000030
0.000027
0.000025
0.000022
0.000020
0.000019
0.000017
0.000015
0.000014
0.000013
0.000011
0.000010
0.000009
0.000009


# comps 11
0.843195
0.073964
0.073964
0.072852
0.072852
0.064239
0.064239
0.055422
0.055132
0.046876
0.044697
0.039201
0.036551
0.032585
0.030020
0.026998
0.024714
0.022331
0.020370
0.018453
0.016802
0.015241
0.013863
0.012585
0.011441
0.010390
0.009443
0.008577
0.007794
0.007081
0.006434
0.005845
0.005311
0.004825
0.004384
0.003983
0.003619
0.003288
0.002987
0.002714
0.002466
0.002240
0.002035
0.001849
0.001680
0.001526
0.001387
0.001260
0.001145
0.001040
0.000945
0.000859
0.000780
0.000709
0.000644
0.000585
0.000532
0.000483
0.000439
0.000399
0.000362
0.000329
0.000299
0.000272
0.000247
0.000224
0.000204
0.000185
0.000168
0.000153
0.000139
0.000126
0.000115
0.000104
0.000095
0.000086
0.000078
0.000071
0.000064
0.000059
0.000053
0.000048
0.000044
0.000040
0.000036
0.000033
0.000030
0.000027
0.000025
0.000022
0.000020
0.000019
0.000017
0.000015
0.000014
0.000013
0.000011
0.000010
0.000009
0.000009


# comps 12
0.852071
0.082840
0.082840
0.070955
0.070955
0.062762
0.062762
0.054695
0.054695
0.046545
0.044919
0.039053
0.036650
0.032519
0.030064
0.026969
0.024733
0.022318
0.020379
0.018447
0.016806
0.015239
0.013865
0.012584
0.011442
0.010390
0.009444
0.008577
0.007795
0.007081
0.006434
0.005845
0.005311
0.004825
0.004384
0.003983
0.003619
0.003288
0.002987
0.002714
0.002466
0.002240
0.002035
0.001849
0.001680
0.001526
0.001387
0.001260
0.001145
0.001040
0.000945
0.000859
0.000780
0.000709
0.000644
0.000585
0.000532
0.000483
0.000439
0.000399
0.000362
0.000329
0.000299
0.000272
0.000247
0.000224
0.000204
0.000185
0.000168
0.000153
0.000139
0.000126
0.000115
0.000104
0.000095
0.000086
0.000078
0.000071
0.000064
0.000059
0.000053
0.000048
0.000044
0.000040
0.000036
0.000033
0.000030
0.000027
0.000025
0.000022
0.000020
0.000019
0.000017
0.000015
0.000014
0.000013
0.000011
0.000010
0.000009
0.000009


# comps 13
0.855030
0.085799
0.085799
0.073512
0.073512
0.064900
0.064900
0.056464
0.056464
0.048006
0.046246
0.040259
0.037745
0.033514
0.030968
0.027790
0.025480
0.022996
0.020995
0.019007
0.017314
0.015701
0.014285
0.012965
0.011789
0.010705
0.009730
0.008837
0.008031
0.007295
0.006629
0.006022
0.005472
0.004971
0.004517
0.004104
0.003728
0.003387
0.003078
0.002796
0.002540
0.002308
0.002097
0.001905
0.001731
0.001573
0.001429
0.001298
0.001180
0.001072
0.000974
0.000885
0.000804
0.000730
0.000663
0.000603
0.000548
0.000498
0.000452
0.000411
0.000373
0.000339
0.000308
0.000280
0.000254
0.000231
0.000210
0.000191
0.000173
0.000157
0.000143
0.000130
0.000118
0.000107
0.000097
0.000089
0.000080
0.000073
0.000066
0.000060
0.000055
0.000050
0.000045
0.000041
0.000037
0.000034
0.000031
0.000028
0.000025
0.000023
0.000021
0.000019
0.000017
0.000016
0.000014
0.000013
0.000012
0.000011
0.000010
0.000009


# comps 14
0.860947
0.040434
0.040434
0.040434
0.040434
0.040434
0.040434
0.040434
0.040434
0.037444
0.037178
0.031669
0.030175
0.026481
0.024682
0.022009
0.020273
0.018235
0.016690
0.015082
0.013758
0.012463
0.011348
0.010294
0.009363
0.008500
0.007727
0.007017
0.006378
0.005793
0.005264
0.004782
0.004345
0.003948
0.003587
0.003259
0.002961
0.002690
0.002444
0.002220
0.002017
0.001833
0.001665
0.001513
0.001375
0.001249
0.001135
0.001031
0.000937
0.000851
0.000773
0.000702
0.000638
0.000580
0.000527
0.000479
0.000435
0.000395
0.000359
0.000326
0.000296
0.000269
0.000245
0.000222
0.000202
0.000183
0.000167
0.000151
0.000138
0.000125
0.000114
0.000103
0.000094
0.000085
0.000077
0.000070
0.000064
0.000058
0.000053
0.000048
0.000044
0.000040
0.000036
0.000033
0.000030
0.000027
0.000024
0.000022
0.000020
0.000018
0.000017
0.000015
0.000014
0.000013
0.000011
0.000010
0.000009
0.000009
0.000008
0.000007


# comps 15
0.903024
0.056870
0.056870
0.056870
0.056870
0.056870
0.056870
0.056870
0.056870
0.053088
0.050882
0.044464
0.041569
0.036987
0.034124
0.030657
0.028084
0.025362
0.023145
0.020960
0.019089
0.017313
0.015750
0.014296
0.012998
0.011803
0.010728
0.009744
0.008855
0.008044
0.007309
0.006640
0.006033
0.005481
0.004980
0.004525
0.004111
0.003735
0.003393
0.003083
0.002801
0.002545
0.002312
0.002101
0.001909
0.001734
0.001576
0.001431
0.001301
0.001182
0.001074
0.000975
0.000886
0.000805
0.000732
0.000665
0.000604
0.000549
0.000498
0.000453
0.000411
0.000374
0.000340
0.000309
0.000280
0.000255
0.000231
0.000210
0.000191
0.000174
0.000158
0.000143
0.000130
0.000118
0.000107
0.000098
0.000089
0.000081
0.000073
0.000067
0.000060
0.000055
0.000050
0.000045
0.000041
0.000037
0.000034
0.000031
0.000028
0.000025
0.000023
0.000021
0.000019
0.000017
0.000016
0.000014
0.000013
0.000012
0.000011
0.000010


# comps 16
0.905983
0.034188
0.034188
0.034188
0.034188
0.034188
0.034188
0.034188
0.034188
0.034188
0.034188
0.034188
0.034188
0.034188
0.032359
0.028985
0.026611
0.023993
0.021922
0.019835
0.018076
0.016386
0.014912
0.013532
0.012305
0.011173
0.010156
0.009224
0.008383
0.007615
0.006919
0.006286
0.005711
0.005189
0.004715
0.004283
0.003892
0.003536
0.003212
0.002919
0.002652
0.002409
0.002189
0.001989
0.001807
0.001642
0.001492
0.001355
0.001231
0.001119
0.001016
0.000923
0.000839
0.000762
0.000692
0.000629
0.000572
0.000519
0.000472
0.000429
0.000390
0.000354
0.000322
0.000292
0.000265
0.000241
0.000219
0.000199
0.000181
0.000164
0.000149
0.000136
0.000123
0.000112
0.000102
0.000092
0.000084
0.000076
0.000069
0.000063
0.000057
0.000052
0.000047
0.000043
0.000039
0.000035
0.000032
0.000029
0.000027
0.000024
0.000022
0.000020
0.000018
0.000016
0.000015
0.000014
0.000012
0.000011
0.000010
0.000009


# comps 17
0.911900
0.014464
0.014464
0.014464
0.014464
0.014464
0.014464
0.014464
0.014464
0.014464
0.014464
0.014464
0.014464
0.014464
0.014464
0.014464
0.014464
0.014464
0.014464
0.014464
0.014464
0.014464
0.013232
0.012006
0.010919
0.009913
0.009012
0.008184
0.007438
0.006756
0.006139
0.005577
0.005068
0.004604
0.004183
0.003800
0.003453
0.003137
0.002850
0.002590
0.002353
0.002138
0.001942
0.001765
0.001603
0.001457
0.001323
0.001202
0.001092
0.000993
0.000902
0.000819
0.000744
0.000676
0.000614
0.000558
0.000507
0.000461
0.000419
0.000380
0.000346
0.000314
0.000285
0.000259
0.000235
0.000214
0.000194
0.000177
0.000160
0.000146
0.000132
0.000120
0.000109
0.000099
0.000090
0.000082
0.000075
0.000068
0.000061
0.000056
0.000051
0.000046
0.000042
0.000038
0.000035
0.000031
0.000029
0.000026
0.000024
0.000021
0.000019
0.000018
0.000016
0.000015
0.000013
0.000012
0.000011
0.000010
0.000009
0.000008


# comps 18
0.928008
-0.046351
-0.046351
-0.046351
-0.046351
-0.046351
-0.046351
-0.046351
-0.046351
-0.046351
-0.046351
-0.046351
-0.046351
-0.046351
-0.046351
-0.046351
-0.046351
-0.046351
-0.046351
-0.046351
-0.046351
-0.046351
-0.046351
-0.046351
-0.046351
-0.046351
-0.046351
-0.046351
-0.046351
-0.046351
-0.046351
-0.046351
-0.046351
-0.046351
-0.046351
-0.046351
-0.046351
-0.046351
-0.046351
-0.046351
-0.046351
-0.046351
-0.046351
-0.046351
-0.046351
-0.046351
-0.046351
-0.046351
-0.046351
-0.046351
-0.046351
-0.046351
-0.046351
-0.046351
-0.046351
-0.046351
-0.046351
-0.046351
-0.046351
-0.046351
-0.046351
-0.046351
-0.046351
-0.046351
-0.046351
-0.046351
-0.046351
-0.046351
-0.046351
-0.046351
-0.046351
-0.046351
-0.046351
-0.046351
-0.046351
-0.046351
-0.046351
-0.046351
-0.046351
-0.046351
-0.046351
-0.046351
-0.046351
-0.046351
-0.046351
-0.046351
-0.046351
-0.046351
-0.046351
-0.046351
-0.046351
-0.046351
-0.046351
-0.046351
-0.046351
-0.046351
-0.046351
-0.046351
-0.046351
-0.046351


# comps 19
0.935897
-0.012821
-0.012821
-0.012821
-0.012821
-0.012821
-0.012821
-0.012821
-0.012821
-0.012821
-0.012821
-0.012821
-0.012821
-0.012821
-0.012821
-0.012821
-0.012821
-0.012821
-0.012821
-0.012821
-0.012821
-0.012821
-0.012821
-0.012821
-0.012821
-0.012821
-0.012821
-0.012821
-0.012821
-0.012821
-0.012821
-0.012821
-0.012821
-0.012821
-0.012821
-0.012821
-0.012821
-0.012821
-0.012821
-0.012821
-0.012821
-0.012821
-0.012821
-0.012821
-0.012821
-0.012821
-0.012821
-0.012821
-0.012821
-0.012821
-0.012821
-0.012821
-0.012821
-0.012821
-0.012821
-0.012821
-0.012821
-0.012821
-0.012821
-0.012821
-0.012821
-0.012821
-0.012821
-0.012821
-0.012821
-0.012821
-0.012821
-0.012821
-0.012821
-0.012821
-0.012821
-0.012821
-0.012821
-0.012821
-0.012821
-0.012821
-0.012821
-0.012821
-0.012821
-0.012821
-0.012821
-0.012821
-0.012821
-0.012821
-0.012821
-0.012821
-0.012821
-0.012821
-0.012821
-0.012821
-0.012821
-0.012821
-0.012821
-0.012821
-0.012821
-0.012821
-0.012821
-0.012821
-0.012821
-0.012821


# comps 20
0.938856
-0.035503
-0.035503
-0.035503
-0.035503
-0.035503
-0.035503
-0.035503
-0.035503
-0.035503
-0.035503
-0.035503
-0.035503
-0.035503
-0.035503
-0.035503
-0.035503
-0.035503
-0.035503
-0.035503
-0.035503
-0.035503
-0.035503
-0.035503
-0.035503
-0.035503
-0.035503
-0.035503
-0.035503
-0.035503
-0.035503
-0.035503
-0.035503
-0.035503
-0.035503
-0.035503
-0.035503
-0.035503
-0.035503
-0.035503
-0.035503
-0.035503
-0.035503
-0.035503
-0.035503
-0.035503
-0.035503
-0.035503
-0.035503
-0.035503
-0.035503
-0.035503
-0.035503
-0.035503
-0.035503
-0.035503
-0.035503
-0.035503
-0.035503
-0.035503
-0.035503
-0.035503
-0.035503
-0.035503
-0.035503
-0.035503
-0.035503
-0.035503
-0.035503
-0.035503
-0.035503
-0.035503
-0.035503
-0.035503
-0.035503
-0.035503
-0.035503
-0.035503
-0.035503
-0.035503
-0.035503
-0.035503
-0.035503
-0.035503
-0.035503
-0.035503
-0.035503
-0.035503
-0.035503
-0.035503
-0.035503
-0.035503
-0.035503
-0.035503
-0.035503
-0.035503
-0.035503
-0.035503
-0.035503
-0.035503


# comps 21
0.941815
-0.058185
-0.058185
-0.058185
-0.058185
-0.058185
-0.058185
-0.058185
-0.058185
-0.058185
-0.058185
-0.058185
-0.058185
-0.058185
-0.058185
-0.058185
-0.058185
-0.058185
-0.058185
-0.058185
-0.058185
-0.058185
-0.058185
-0.058185
-0.058185
-0.058185
-0.058185
-0.058185
-0.058185
-0.058185
-0.058185
-0.058185
-0.058185
-0.058185
-0.058185
-0.058185
-0.058185
-0.058185
-0.058185
-0.058185
-0.058185
-0.058185
-0.058185
-0.058185
-0.058185
-0.058185
-0.058185
-0.058185
-0.058185
-0.058185
-0.058185
-0.058185
-0.058185
-0.058185
-0.058185
-0.058185
-0.058185
-0.058185
-0.058185
-0.058185
-0.058185
-0.058185
-0.058185
-0.058185
-0.058185
-0.058185
-0.058185
-0.058185
-0.058185
-0.058185
-0.058185
-0.058185
-0.058185
-0.058185
-0.058185
-0.058185
-0.058185
-0.058185
-0.058185
-0.058185
-0.058185
-0.058185
-0.058185
-0.058185
-0.058185
-0.058185
-0.058185
-0.058185
-0.058185
-0.058185
-0.058185
-0.058185
-0.058185
-0.058185
-0.058185
-0.058185
-0.058185
-0.058185
-0.058185
-0.058185


