# comps 10.000000
0.000000
0.000000
0.000000
0.000000
0.000000
0.000000
-0.000000
-0.000000
-0.000000
-0.000000
-0.000000
-0.000000
-0.000000
-0.000000
-0.000000
-0.000000
-0.000000
-0.000000
-0.000000
-0.000000
-0.000000
-0.000000
-0.000000
-0.000000
-0.000000
-0.000000
-0.000000
-0.000000
-0.000000
-0.000000
-0.000000
-0.000000
-0.000000
-0.000000
-0.000000
-0.000000
-0.000000
-0.000000
-0.000000
-0.000000
-0.000000
-0.000000
-0.000000
-0.000000
-0.000000
-0.000000
-0.000000
-0.000000
-0.000000
-0.000000
-0.000000
-0.000000
-0.000000
-0.000000
-0.000000
-0.000000
-0.000000
-0.000000
-0.000000
-0.000000
-0.000000
-0.000000
-0.000000
-0.000000
-0.000000
-0.000000
-0.000000
-0.000000
-0.000000
-0.000000
-0.000000
-0.000000
-0.000000
-0.000000
-0.000000
-0.000000
-0.000000
-0.000000
-0.000000
-0.000000
-0.000000
-0.000000
-0.000000
-0.000000
-0.000000
-0.000000
-0.000000
-0.000000
-0.000000
-0.000000
-0.000000
-0.000000
-0.000000
-0.000000
-0.000000
-0.000000
-0.000000
-0.000000
-0.000000


# comps 20.219521
0.215406
0.211907
0.208364
0.204931
0.201552
0.198240
0.194987
0.191794
0.188658
0.185580
0.182556
0.179587
0.176670
0.173805
0.170991
0.168226
0.165510
0.162841
0.160219
0.157642
0.155109
0.152620
0.150174
0.147770
0.145407
0.143084
0.140800
0.138555
0.136348
0.134178
0.132045
0.129947
0.127884
0.125856
0.123861
0.121900
0.119971
0.118073
0.116208
0.114372
0.112567
0.110792
0.109046
0.107328
0.105638
0.103976
0.102340
0.100732
0.099149
0.097592
0.096060
0.094553
0.093070
0.091611
0.090175
0.088763
0.087373
0.086006
0.084660
0.083336
0.082033
0.080751
0.079489
0.078247
0.077025
0.075823
0.074639
0.073475
0.072328
0.071200
0.070090
0.068998
0.067922
0.066864
0.065823
0.064797
0.063788
0.062795
0.061818
0.060856
0.059909
0.058977
0.058059
0.057156
0.056268
0.055393
0.054532
0.053684
0.052850
0.052028
0.051220
0.050424
0.049641
0.048870
0.048111
0.047364
0.046628
0.045904
0.045192


# comps 30.483982
0.317315
0.284138
0.257314
0.243403
0.233089
0.225246
0.218508
0.212537
0.207050
0.201943
0.197130
0.192568
0.188217
0.184054
0.180055
0.176206
0.172491
0.168899
0.165422
0.162050
0.158778
0.155598
0.152507
0.149499
0.146570
0.143717
0.140937
0.138226
0.135583
0.133003
0.130486
0.128029
0.125630
0.123287
0.120998
0.118762
0.116576
0.114440
0.112351
0.110309
0.108312
0.106358
0.104447
0.102578
0.100748
0.098957
0.097204
0.095488
0.093808
0.092163
0.090552
0.088973
0.087427
0.085912
0.084428
0.082973
0.081548
0.080150
0.078780
0.077437
0.076120
0.074829
0.073563
0.072321
0.071102
0.069907
0.068735
0.067584
0.066455
0.065348
0.064260
0.063193
0.062146
0.061118
0.060108
0.059117
0.058144
0.057189
0.056250
0.055329
0.054424
0.053535
0.052662
0.051804
0.050962
0.050134
0.049321
0.048522
0.047737
0.046965
0.046207
0.045462
0.044730
0.044010
0.043303
0.042607
0.041924
0.041252
0.040592


# comps 40.596807
0.421910
0.391408
0.359336
0.342058
0.327138
0.315186
0.304261
0.294353
0.285050
0.276309
0.268010
0.260117
0.252578
0.245366
0.238450
0.231809
0.225424
0.219278
0.213356
0.207647
0.202137
0.196818
0.191680
0.186714
0.181913
0.177269
0.172776
0.168428
0.164218
0.160142
0.156193
0.152368
0.148661
0.145068
0.141585
0.138207
0.134931
0.131754
0.128670
0.125678
0.122774
0.119954
0.117216
0.114557
0.111974
0.109465
0.107027
0.104657
0.102353
0.100113
0.097935
0.095817
0.093756
0.091751
0.089800
0.087900
0.086052
0.084252
0.082499
0.080791
0.079128
0.077508
0.075928
0.074389
0.072889
0.071426
0.070000
0.068608
0.067251
0.065927
0.064636
0.063375
0.062144
0.060943
0.059770
0.058625
0.057506
0.056413
0.055346
0.054303
0.053283
0.052287
0.051313
0.050361
0.049431
0.048520
0.047630
0.046759
0.045907
0.045074
0.044258
0.043460
0.042679
0.041914
0.041165
0.040432
0.039715
0.039012
0.038323


# comps 50.691728
0.504486
0.475913
0.438616
0.418582
0.399798
0.384591
0.370345
0.357373
0.345108
0.333569
0.322593
0.312152
0.302179
0.292643
0.283507
0.274743
0.266328
0.258241
0.250462
0.242975
0.235765
0.228818
0.222122
0.215665
0.209437
0.203427
0.197628
0.192028
0.186622
0.181400
0.176355
0.171481
0.166771
0.162218
0.157817
0.153561
0.149445
0.145464
0.141613
0.137887
0.134281
0.130790
0.127412
0.124140
0.120973
0.117905
0.114933
0.112053
0.109263
0.106559
0.103938
0.101397
0.098932
0.096543
0.094225
0.091976
0.089794
0.087677
0.085622
0.083627
0.081689
0.079808
0.077981
0.076206
0.074481
0.072805
0.071176
0.069593
0.068053
0.066556
0.065100
0.063684
0.062306
0.060965
0.059660
0.058390
0.057153
0.055949
0.054776
0.053634
0.052521
0.051437
0.050381
0.049351
0.048347
0.047369
0.046414
0.045484
0.044576
0.043691
0.042827
0.041984
0.041161
0.040357
0.039573
0.038808
0.038060
0.037330
0.036617


# comps 60.766946
0.567357
0.537900
0.496702
0.473915
0.452212
0.434402
0.417697
0.402448
0.388045
0.374500
0.361631
0.349399
0.337727
0.326575
0.315901
0.305672
0.295857
0.286433
0.277376
0.268666
0.260285
0.252217
0.244447
0.236961
0.229747
0.222792
0.216086
0.209618
0.203379
0.197358
0.191548
0.185940
0.180526
0.175299
0.170251
0.165375
0.160665
0.156115
0.151718
0.147469
0.143362
0.139392
0.135554
0.131842
0.128253
0.124781
0.121422
0.118173
0.115029
0.111986
0.109041
0.106189
0.103428
0.100755
0.098166
0.095658
0.093228
0.090874
0.088592
0.086381
0.084237
0.082159
0.080144
0.078189
0.076293
0.074454
0.072670
0.070938
0.069257
0.067625
0.066041
0.064503
0.063008
0.061557
0.060147
0.058777
0.057446
0.056152
0.054894
0.053671
0.052481
0.051324
0.050199
0.049104
0.048039
0.047002
0.045993
0.045011
0.044055
0.043123
0.042216
0.041332
0.040472
0.039633
0.038815
0.038018
0.037242
0.036484
0.035746


# comps 70.823858
0.611924
0.579792
0.534078
0.508524
0.484024
0.463964
0.445203
0.428156
0.412120
0.397099
0.382877
0.369403
0.356582
0.344363
0.332694
0.321535
0.310848
0.300603
0.290774
0.281336
0.272267
0.263549
0.255163
0.247094
0.239327
0.231849
0.224646
0.217706
0.211019
0.204573
0.198359
0.192368
0.186590
0.181017
0.175640
0.170453
0.165447
0.160615
0.155951
0.151448
0.147100
0.142902
0.138846
0.134929
0.131144
0.127487
0.123952
0.120536
0.117233
0.114040
0.110952
0.107966
0.105078
0.102283
0.099579
0.096963
0.094430
0.091978
0.089605
0.087306
0.085080
0.082924
0.080835
0.078811
0.076849
0.074948
0.073104
0.071317
0.069584
0.067904
0.066273
0.064691
0.063156
0.061666
0.060220
0.058816
0.057453
0.056129
0.054843
0.053593
0.052379
0.051199
0.050053
0.048938
0.047854
0.046800
0.045775
0.044778
0.043807
0.042863
0.041944
0.041050
0.040179
0.039331
0.038505
0.037701
0.036917
0.036154
0.035410


# comps 80.861467
0.637187
0.602380
0.551685
0.523737
0.496603
0.474754
0.454347
0.436007
0.418834
0.402861
0.387806
0.373611
0.360153
0.347372
0.335202
0.323593
0.312501
0.301890
0.291727
0.281984
0.272637
0.263663
0.255042
0.246757
0.238790
0.231127
0.223753
0.216656
0.209824
0.203244
0.196907
0.190801
0.184918
0.179248
0.173783
0.168514
0.163433
0.158534
0.153808
0.149250
0.144852
0.140608
0.136512
0.132558
0.128742
0.125057
0.121499
0.118062
0.114743
0.111536
0.108437
0.105443
0.102549
0.099751
0.097046
0.094431
0.091901
0.089455
0.087088
0.084798
0.082582
0.080437
0.078360
0.076350
0.074403
0.072518
0.070691
0.068922
0.067207
0.065546
0.063935
0.062374
0.060859
0.059391
0.057967
0.056585
0.055245
0.053944
0.052681
0.051455
0.050265
0.049109
0.047986
0.046896
0.045836
0.044806
0.043805
0.042832
0.041886
0.040967
0.040072
0.039202
0.038355
0.037531
0.036729
0.035948
0.035188
0.034448
0.033728


# comps 90.880371
0.643745
0.605621
0.550547
0.520405
0.491269
0.468181
0.446792
0.427807
0.410175
0.393916
0.378693
0.364427
0.350970
0.338247
0.326175
0.314697
0.303760
0.293319
0.283339
0.273788
0.264636
0.255861
0.247439
0.239352
0.231582
0.224113
0.216930
0.210020
0.203370
0.196969
0.190806
0.184870
0.179152
0.173643
0.168334
0.163217
0.158284
0.153528
0.148942
0.144518
0.140251
0.136134
0.132162
0.128328
0.124628
0.121055
0.117606
0.114276
0.111059
0.107952
0.104950
0.102050
0.099247
0.096537
0.093918
0.091386
0.088937
0.086569
0.084278
0.082062
0.079917
0.077842
0.075833
0.073888
0.072005
0.070181
0.068415
0.066703
0.065045
0.063438
0.061881
0.060371
0.058907
0.057488
0.056111
0.054775
0.053479
0.052222
0.051001
0.049816
0.048666
0.047549
0.046463
0.045409
0.044385
0.043390
0.042423
0.041483
0.040568
0.039679
0.038815
0.037974
0.037155
0.036359
0.035584
0.034829
0.034095
0.033380
0.032683


# comps 100.885038
0.631952
0.576737
0.513294
0.475922
0.442324
0.416116
0.392913
0.372993
0.355141
0.339184
0.324663
0.311391
0.299143
0.287780
0.277172
0.267223
0.257850
0.248990
0.240586
0.232595
0.224979
0.217706
0.210749
0.204086
0.197696
0.191562
0.185669
0.180002
0.174551
0.169304
0.164251
0.159383
0.154690
0.150167
0.145804
0.141595
0.137534
0.133615
0.129832
0.126178
0.122651
0.119243
0.115951
0.112770
0.109695
0.106723
0.103850
0.101072
0.098385
0.095787
0.093272
0.090839
0.088485
0.086206
0.084000
0.081864
0.079795
0.077791
0.075850
0.073969
0.072146
0.070379
0.068666
0.067005
0.065395
0.063832
0.062317
0.060846
0.059419
0.058034
0.056690
0.055384
0.054116
0.052885
0.051688
0.050526
0.049396
0.048298
0.047231
0.046193
0.045183
0.044202
0.043246
0.042317
0.041413
0.040533
0.039676
0.038842
0.038029
0.037238
0.036467
0.035716
0.034984
0.034271
0.033576
0.032898
0.032237
0.031592
0.030964


# comps 110.889801
0.630542
0.576227
0.511719
0.474398
0.440454
0.414161
0.390821
0.370844
0.352941
0.336966
0.322438
0.309175
0.296944
0.285607
0.275030
0.265117
0.255783
0.246963
0.238602
0.230654
0.223081
0.215851
0.208938
0.202317
0.195969
0.189877
0.184024
0.178398
0.172986
0.167777
0.162761
0.157929
0.153272
0.148783
0.144454
0.140278
0.136249
0.132361
0.128608
0.124984
0.121485
0.118106
0.114841
0.111686
0.108637
0.105691
0.102842
0.100087
0.097424
0.094847
0.092355
0.089944
0.087610
0.085351
0.083165
0.081048
0.078997
0.077012
0.075088
0.073224
0.071418
0.069668
0.067971
0.066326
0.064730
0.063183
0.061682
0.060225
0.058812
0.057440
0.056108
0.054815
0.053560
0.052340
0.051156
0.050005
0.048886
0.047799
0.046742
0.045714
0.044715
0.043743
0.042798
0.041878
0.040982
0.040111
0.039263
0.038437
0.037633
0.036850
0.036087
0.035344
0.034619
0.033913
0.033225
0.032554
0.031900
0.031262
0.030640


# comps 120.894469
0.629037
0.576485
0.513393
0.477280
0.444289
0.418638
0.395774
0.376088
0.358363
0.342461
0.327936
0.314616
0.302288
0.290822
0.280094
0.270014
0.260504
0.251502
0.242956
0.234823
0.227067
0.219657
0.212568
0.205776
0.199263
0.193010
0.187003
0.181229
0.175674
0.170329
0.165182
0.160225
0.155449
0.150846
0.146408
0.142128
0.138000
0.134017
0.130173
0.126464
0.122883
0.119425
0.116086
0.112860
0.109744
0.106734
0.103824
0.101012
0.098293
0.095664
0.093122
0.090663
0.088284
0.085982
0.083755
0.081599
0.079512
0.077492
0.075535
0.073640
0.071804
0.070025
0.068301
0.066630
0.065010
0.063440
0.061917
0.060440
0.059007
0.057617
0.056268
0.054958
0.053687
0.052452
0.051254
0.050089
0.048958
0.047859
0.046791
0.045753
0.044744
0.043763
0.042808
0.041880
0.040977
0.040099
0.039244
0.038411
0.037601
0.036812
0.036044
0.035296
0.034567
0.033857
0.033165
0.032490
0.031833
0.031192
0.030566


# comps 130.899232
0.627627
0.570509
0.502957
0.464508
0.429379
0.402533
0.378765
0.358613
0.340648
0.324731
0.310333
0.297263
0.285266
0.274194
0.263903
0.254290
0.245265
0.236758
0.228710
0.221073
0.213808
0.206881
0.200263
0.193932
0.187865
0.182046
0.176459
0.171090
0.165926
0.160958
0.156175
0.151567
0.147128
0.142848
0.138721
0.134740
0.130899
0.127192
0.123614
0.120159
0.116823
0.113600
0.110486
0.107478
0.104570
0.101759
0.099041
0.096412
0.093870
0.091411
0.089032
0.086730
0.084501
0.082344
0.080255
0.078233
0.076274
0.074376
0.072537
0.070755
0.069028
0.067353
0.065730
0.064156
0.062629
0.061147
0.059710
0.058315
0.056961
0.055646
0.054370
0.053131
0.051927
0.050757
0.049620
0.048516
0.047442
0.046398
0.045383
0.044396
0.043436
0.042502
0.041593
0.040709
0.039847
0.039009
0.038193
0.037398
0.036624
0.035869
0.035134
0.034418
0.033720
0.033039
0.032375
0.031728
0.031097
0.030481
0.029880


# comps 140.903900
0.626122
0.567485
0.498007
0.458704
0.422718
0.395424
0.371315
0.351009
0.332980
0.317093
0.302784
0.289852
0.278026
0.267151
0.257072
0.247682
0.238886
0.230611
0.222794
0.215387
0.208346
0.201639
0.195236
0.189112
0.183247
0.177622
0.172222
0.167034
0.162044
0.157242
0.152619
0.148165
0.143872
0.139733
0.135741
0.131889
0.128172
0.124584
0.121119
0.117773
0.114540
0.111416
0.108398
0.105480
0.102659
0.099931
0.097292
0.094740
0.092271
0.089882
0.087569
0.085330
0.083163
0.081063
0.079030
0.077061
0.075153
0.073304
0.071512
0.069774
0.068090
0.066456
0.064872
0.063335
0.061843
0.060396
0.058991
0.057628
0.056303
0.055018
0.053769
0.052555
0.051376
0.050230
0.049117
0.048034
0.046981
0.045958
0.044962
0.043993
0.043050
0.042133
0.041240
0.040371
0.039524
0.038700
0.037897
0.037115
0.036353
0.035611
0.034887
0.034181
0.033493
0.032822
0.032168
0.031530
0.030907
0.030300
0.029707


# comps 150.908663
0.624712
0.563837
0.492255
0.451148
0.413945
0.385686
0.360962
0.340238
0.321988
0.306011
0.291724
0.278894
0.267233
0.256567
0.246732
0.237608
0.229093
0.221108
0.213587
0.206475
0.199730
0.193314
0.187198
0.181354
0.175762
0.170403
0.165261
0.160322
0.155574
0.151005
0.146607
0.142371
0.138288
0.134351
0.130553
0.126889
0.123352
0.119937
0.116639
0.113454
0.110376
0.107401
0.104526
0.101745
0.099057
0.096456
0.093941
0.091507
0.089151
0.086871
0.084663
0.082526
0.080455
0.078450
0.076507
0.074625
0.072800
0.071032
0.069317
0.067654
0.066041
0.064477
0.062959
0.061486
0.060056
0.058669
0.057321
0.056013
0.054742
0.053507
0.052307
0.051142
0.050008
0.048907
0.047836
0.046794
0.045781
0.044795
0.043836
0.042903
0.041995
0.041110
0.040249
0.039411
0.038594
0.037798
0.037023
0.036267
0.035531
0.034813
0.034113
0.033431
0.032765
0.032116
0.031482
0.030864
0.030261
0.029672
0.029098


# comps 160.923280
0.620811
0.559317
0.484384
0.441864
0.403260
0.374193
0.348862
0.327813
0.309400
0.293415
0.279224
0.266576
0.255157
0.244779
0.235262
0.226478
0.218316
0.210691
0.203531
0.196779
0.190389
0.184322
0.178546
0.173034
0.167764
0.162716
0.157875
0.153226
0.148757
0.144458
0.140319
0.136331
0.132487
0.128779
0.125202
0.121749
0.118415
0.115195
0.112083
0.109076
0.106170
0.103359
0.100642
0.098013
0.095469
0.093007
0.090625
0.088319
0.086085
0.083923
0.081828
0.079798
0.077832
0.075926
0.074078
0.072287
0.070551
0.068866
0.067232
0.065647
0.064108
0.062615
0.061166
0.059759
0.058392
0.057065
0.055776
0.054523
0.053306
0.052122
0.050972
0.049854
0.048766
0.047709
0.046680
0.045679
0.044704
0.043756
0.042833
0.041934
0.041059
0.040206
0.039376
0.038567
0.037778
0.037010
0.036261
0.035531
0.034818
0.034124
0.033447
0.032786
0.032141
0.031512
0.030897
0.030298
0.029713
0.029141
0.028583


# comps 170.928043
0.619401
0.561611
0.485415
0.443449
0.404144
0.374930
0.349191
0.327927
0.309273
0.293127
0.278794
0.266043
0.254542
0.244104
0.234542
0.225726
0.217543
0.209904
0.202736
0.195983
0.189594
0.183532
0.177763
0.172260
0.167000
0.161964
0.157136
0.152500
0.148045
0.143760
0.139635
0.135661
0.131831
0.128138
0.124575
0.121136
0.117816
0.114609
0.111511
0.108518
0.105624
0.102827
0.100122
0.097505
0.094974
0.092524
0.090154
0.087859
0.085637
0.083485
0.081401
0.079382
0.077426
0.075530
0.073693
0.071911
0.070184
0.068509
0.066884
0.065307
0.063777
0.062292
0.060851
0.059452
0.058093
0.056774
0.055492
0.054246
0.053036
0.051859
0.050716
0.049604
0.048523
0.047471
0.046448
0.045453
0.044484
0.043541
0.042624
0.041730
0.040860
0.040012
0.039187
0.038382
0.037599
0.036835
0.036090
0.035364
0.034656
0.033965
0.033292
0.032635
0.031994
0.031368
0.030757
0.030161
0.029579
0.029011
0.028456


# comps 180.929357
0.614543
0.557910
0.481136
0.439782
0.400603
0.371745
0.346215
0.325190
0.306718
0.290743
0.276554
0.263932
0.252544
0.242208
0.232737
0.224005
0.215897
0.208328
0.201226
0.194533
0.188201
0.182192
0.176474
0.171018
0.165804
0.160811
0.156024
0.151428
0.147010
0.142761
0.138670
0.134730
0.130932
0.127269
0.123735
0.120325
0.117032
0.113852
0.110779
0.107810
0.104940
0.102165
0.099482
0.096886
0.094375
0.091945
0.089593
0.087316
0.085111
0.082977
0.080909
0.078905
0.076964
0.075083
0.073259
0.071491
0.069777
0.068114
0.066501
0.064937
0.063418
0.061944
0.060514
0.059125
0.057776
0.056465
0.055193
0.053956
0.052754
0.051586
0.050451
0.049346
0.048273
0.047228
0.046212
0.045224
0.044262
0.043325
0.042413
0.041526
0.040661
0.039819
0.038999
0.038200
0.037421
0.036662
0.035922
0.035200
0.034497
0.033810
0.033141
0.032488
0.031851
0.031229
0.030622
0.030029
0.029450
0.028885
0.028334


# comps 190.930615
0.609627
0.551915
0.473576
0.431995
0.392540
0.363765
0.338324
0.317488
0.299212
0.283464
0.269504
0.257119
0.245966
0.235864
0.226623
0.218116
0.210227
0.202872
0.195977
0.189484
0.183346
0.177524
0.171985
0.166704
0.161656
0.156824
0.152192
0.147744
0.143470
0.139358
0.135399
0.131586
0.127909
0.124363
0.120942
0.117639
0.114450
0.111369
0.108392
0.105515
0.102733
0.100043
0.097440
0.094923
0.092487
0.090128
0.087846
0.085635
0.083495
0.081421
0.079412
0.077465
0.075578
0.073749
0.071975
0.070256
0.068587
0.066969
0.065399
0.063875
0.062396
0.060960
0.059566
0.058212
0.056896
0.055618
0.054377
0.053170
0.051997
0.050856
0.049747
0.048669
0.047619
0.046598
0.045605
0.044638
0.043697
0.042781
0.041888
0.041019
0.040173
0.039348
0.038544
0.037761
0.036998
0.036253
0.035527
0.034819
0.034129
0.033455
0.032798
0.032157
0.031531
0.030920
0.030323
0.029741
0.029172
0.028616
0.028073


# comps 200.931872
0.604712
0.545919
0.466017
0.424208
0.384478
0.355785
0.330432
0.309785
0.291707
0.276186
0.262455
0.250306
0.239388
0.229520
0.220509
0.212226
0.204558
0.197416
0.190727
0.184435
0.178490
0.172855
0.167497
0.162389
0.157509
0.152837
0.148359
0.144060
0.139929
0.135955
0.132128
0.128441
0.124887
0.121458
0.118149
0.114954
0.111868
0.108887
0.106005
0.103220
0.100526
0.097920
0.095399
0.092960
0.090598
0.088312
0.086099
0.083955
0.081878
0.079865
0.077915
0.076025
0.074192
0.072415
0.070692
0.069020
0.067398
0.065824
0.064297
0.062814
0.061374
0.059976
0.058618
0.057299
0.056017
0.054771
0.053561
0.052384
0.051239
0.050126
0.049044
0.047991
0.046966
0.045969
0.044998
0.044053
0.043133
0.042236
0.041363
0.040513
0.039684
0.038877
0.038090
0.037322
0.036574
0.035845
0.035133
0.034439
0.033762
0.033101
0.032456
0.031826
0.031211
0.030611
0.030025
0.029453
0.028893
0.028347
0.027813


# comps 210.933130
0.599796
0.539923
0.458457
0.416422
0.376415
0.347805
0.322540
0.302082
0.284202
0.268907
0.255406
0.243493
0.232810
0.223176
0.214394
0.206337
0.198888
0.191959
0.185478
0.179386
0.173635
0.168187
0.163008
0.158074
0.153361
0.148851
0.144527
0.140377
0.136388
0.132551
0.128857
0.125297
0.121864
0.118552
0.115355
0.112268
0.109286
0.106404
0.103619
0.100925
0.098319
0.095798
0.093358
0.090997
0.088710
0.086496
0.084352
0.082274
0.080261
0.078309
0.076418
0.074584
0.072806
0.071081
0.069408
0.067784
0.066208
0.064679
0.063194
0.061752
0.060352
0.058992
0.057670
0.056386
0.055138
0.053924
0.052745
0.051598
0.050482
0.049397
0.048340
0.047313
0.046313
0.045339
0.044391
0.043467
0.042568
0.041692
0.040838
0.040007
0.039196
0.038406
0.037635
0.036884
0.036151
0.035436
0.034739
0.034058
0.033394
0.032746
0.032113
0.031495
0.030892
0.030302
0.029727
0.029164
0.028615
0.028078
0.027553


# comps 220.934444
0.594938
0.534782
0.452880
0.411128
0.371346
0.343057
0.318078
0.297896
0.280261
0.265189
0.251889
0.240159
0.229642
0.220159
0.211517
0.203590
0.196261
0.189444
0.183069
0.177076
0.171419
0.166060
0.160967
0.156113
0.151477
0.147040
0.142787
0.138704
0.134780
0.131004
0.127369
0.123865
0.120487
0.117227
0.114081
0.111042
0.108106
0.105268
0.102525
0.099872
0.097306
0.094823
0.092419
0.090093
0.087840
0.085658
0.083544
0.081497
0.079512
0.077588
0.075724
0.073915
0.072161
0.070460
0.068809
0.067208
0.065653
0.064144
0.062678
0.061255
0.059873
0.058530
0.057225
0.055956
0.054724
0.053525
0.052360
0.051226
0.050124
0.049051
0.048007
0.046991
0.046002
0.045039
0.044102
0.043189
0.042299
0.041432
0.040588
0.039765
0.038962
0.038180
0.037417
0.036673
0.035947
0.035239
0.034549
0.033875
0.033217
0.032574
0.031947
0.031335
0.030737
0.030153
0.029582
0.029024
0.028479
0.027947
0.027426


# comps 230.935702
0.590023
0.528832
0.445402
0.403462
0.363439
0.335265
0.310404
0.290439
0.273026
0.258203
0.245153
0.233678
0.223412
0.214178
0.205779
0.198087
0.190988
0.184394
0.178232
0.172446
0.166988
0.161820
0.156910
0.152232
0.147765
0.143490
0.139391
0.135457
0.131674
0.128035
0.124529
0.121150
0.117890
0.114744
0.111706
0.108772
0.105935
0.103193
0.100540
0.097974
0.095491
0.093087
0.090760
0.088506
0.086322
0.084207
0.082157
0.080169
0.078243
0.076375
0.074563
0.072805
0.071100
0.069445
0.067838
0.066279
0.064765
0.063294
0.061866
0.060478
0.059129
0.057819
0.056545
0.055306
0.054102
0.052930
0.051791
0.050682
0.049603
0.048553
0.047531
0.046536
0.045566
0.044622
0.043703
0.042807
0.041934
0.041083
0.040254
0.039445
0.038657
0.037887
0.037137
0.036406
0.035691
0.034995
0.034314
0.033650
0.033002
0.032369
0.031751
0.031147
0.030557
0.029981
0.029417
0.028867
0.028329
0.027803
0.027288


# comps 240.937016
0.587222
0.527369
0.443587
0.402131
0.362171
0.334220
0.309464
0.289624
0.272297
0.257554
0.244565
0.233143
0.222922
0.213725
0.205358
0.197695
0.190619
0.184047
0.177904
0.172135
0.166692
0.161538
0.156641
0.151975
0.147518
0.143253
0.139164
0.135239
0.131465
0.127833
0.124335
0.120964
0.117711
0.114572
0.111541
0.108612
0.105781
0.103045
0.100398
0.097837
0.095359
0.092960
0.090637
0.088388
0.086209
0.084097
0.082051
0.080068
0.078145
0.076281
0.074472
0.072718
0.071016
0.069364
0.067760
0.066204
0.064692
0.063224
0.061799
0.060413
0.059067
0.057759
0.056487
0.055250
0.054048
0.052879
0.051741
0.050634
0.049557
0.048508
0.047488
0.046494
0.045526
0.044584
0.043666
0.042771
0.041900
0.041050
0.040222
0.039414
0.038627
0.037859
0.037110
0.036379
0.035666
0.034970
0.034290
0.033627
0.032980
0.032348
0.031730
0.031127
0.030538
0.029962
0.029399
0.028849
0.028312
0.027786
0.027273


# comps 250.938331
0.582364
0.521945
0.437542
0.396199
0.356355
0.328667
0.304151
0.284569
0.267477
0.252960
0.240180
0.228954
0.218915
0.209890
0.201684
0.194172
0.187241
0.180804
0.174791
0.169145
0.163819
0.158777
0.153987
0.149423
0.145065
0.140894
0.136895
0.133055
0.129364
0.125812
0.122390
0.119091
0.115909
0.112837
0.109871
0.107004
0.104233
0.101554
0.098962
0.096454
0.094027
0.091677
0.089401
0.087196
0.085061
0.082991
0.080985
0.079041
0.077155
0.075326
0.073552
0.071830
0.070160
0.068539
0.066964
0.065436
0.063952
0.062510
0.061109
0.059748
0.058425
0.057139
0.055889
0.054673
0.053491
0.052340
0.051221
0.050132
0.049072
0.048040
0.047035
0.046057
0.045104
0.044175
0.043271
0.042389
0.041530
0.040693
0.039876
0.039080
0.038304
0.037546
0.036807
0.036086
0.035382
0.034696
0.034025
0.033370
0.032731
0.032106
0.031497
0.030901
0.030318
0.029749
0.029193
0.028650
0.028118
0.027599
0.027091


# comps 260.946132
0.555185
0.490856
0.399954
0.355553
0.313404
0.284482
0.259269
0.239446
0.222395
0.208128
0.195735
0.184990
0.175495
0.167054
0.159458
0.152570
0.146268
0.140463
0.135079
0.130057
0.125349
0.120917
0.116729
0.112758
0.108984
0.105387
0.101954
0.098671
0.095527
0.092513
0.089620
0.086842
0.084171
0.081603
0.079131
0.076751
0.074459
0.072250
0.070122
0.068069
0.066090
0.064181
0.062338
0.060560
0.058844
0.057187
0.055587
0.054041
0.052549
0.051106
0.049712
0.048365
0.047062
0.045803
0.044585
0.043407
0.042268
0.041166
0.040099
0.039066
0.038067
0.037099
0.036162
0.035254
0.034375
0.033523
0.032698
0.031898
0.031122
0.030370
0.029641
0.028933
0.028247
0.027582
0.026936
0.026309
0.025700
0.025109
0.024535
0.023978
0.023436
0.022910
0.022399
0.021902
0.021418
0.020949
0.020492
0.020047
0.019615
0.019195
0.018785
0.018387
0.017999
0.017621
0.017254
0.016896
0.016547
0.016207
0.015875


# comps 270.948354
0.540947
0.477217
0.385242
0.341068
0.299070
0.270447
0.245505
0.225958
0.209163
0.195141
0.182980
0.172458
0.163177
0.154943
0.147548
0.140857
0.134746
0.129129
0.123928
0.119087
0.114556
0.110297
0.106279
0.102476
0.098866
0.095431
0.092156
0.089029
0.086039
0.083176
0.080431
0.077799
0.075272
0.072844
0.070511
0.068268
0.066110
0.064033
0.062034
0.060110
0.058256
0.056470
0.054749
0.053091
0.051492
0.049951
0.048464
0.047031
0.045648
0.044314
0.043026
0.041784
0.040585
0.039427
0.038309
0.037229
0.036187
0.035179
0.034206
0.033266
0.032357
0.031478
0.030629
0.029808
0.029014
0.028245
0.027502
0.026783
0.026087
0.025414
0.024762
0.024131
0.023519
0.022927
0.022354
0.021798
0.021260
0.020738
0.020232
0.019741
0.019266
0.018805
0.018357
0.017923
0.017502
0.017093
0.016696
0.016310
0.015936
0.015573
0.015220
0.014877
0.014543
0.014220
0.013905
0.013598
0.013301
0.013011
0.012729


# comps 280.949836
0.536256
0.470318
0.377019
0.332308
0.290037
0.261324
0.236380
0.216886
0.200175
0.186256
0.174210
0.163810
0.154655
0.146550
0.139284
0.132721
0.126739
0.121249
0.116174
0.111456
0.107047
0.102909
0.099009
0.095322
0.091826
0.088504
0.085340
0.082322
0.079438
0.076680
0.074039
0.071509
0.069081
0.066752
0.064516
0.062368
0.060303
0.058318
0.056410
0.054574
0.052808
0.051108
0.049472
0.047896
0.046380
0.044919
0.043512
0.042156
0.040850
0.039591
0.038378
0.037208
0.036081
0.034994
0.033945
0.032934
0.031959
0.031018
0.030110
0.029233
0.028388
0.027571
0.026783
0.026022
0.025287
0.024577
0.023891
0.023228
0.022588
0.021969
0.021371
0.020792
0.020233
0.019692
0.019169
0.018663
0.018174
0.017700
0.017241
0.016797
0.016368
0.015951
0.015548
0.015158
0.014780
0.014413
0.014058
0.013713
0.013380
0.013056
0.012742
0.012437
0.012142
0.011855
0.011577
0.011307
0.011045
0.010790
0.010543


# comps 290.950907
0.535269
0.465474
0.371085
0.325377
0.282924
0.254078
0.229225
0.209844
0.193311
0.179580
0.167739
0.157548
0.148605
0.140709
0.133651
0.127292
0.121509
0.116212
0.111326
0.106791
0.102559
0.098591
0.094856
0.091328
0.087985
0.084810
0.081788
0.078906
0.076154
0.073523
0.071003
0.068589
0.066274
0.064053
0.061920
0.059872
0.057903
0.056010
0.054190
0.052439
0.050754
0.049132
0.047571
0.046068
0.044621
0.043227
0.041884
0.040590
0.039343
0.038141
0.036983
0.035866
0.034789
0.033750
0.032749
0.031782
0.030850
0.029950
0.029082
0.028244
0.027435
0.026654
0.025900
0.025171
0.024468
0.023788
0.023131
0.022496
0.021883
0.021290
0.020716
0.020162
0.019625
0.019107
0.018605
0.018119
0.017649
0.017194
0.016754
0.016327
0.015914
0.015514
0.015127
0.014751
0.014387
0.014035
0.013693
0.013361
0.013040
0.012728
0.012426
0.012132
0.011847
0.011571
0.011302
0.011042
0.010789
0.010543
0.010304


# comps 300.951978
0.530168
0.461658
0.365524
0.320437
0.277686
0.249166
0.224387
0.205234
0.188857
0.175314
0.163638
0.153614
0.144826
0.137082
0.130168
0.123947
0.118296
0.113126
0.108360
0.103941
0.099821
0.095960
0.092327
0.088897
0.085649
0.082564
0.079629
0.076831
0.074159
0.071604
0.069158
0.066814
0.064567
0.062411
0.060341
0.058352
0.056441
0.054604
0.052837
0.051137
0.049501
0.047926
0.046411
0.044951
0.043545
0.042191
0.040887
0.039630
0.038418
0.037251
0.036125
0.035040
0.033993
0.032983
0.032010
0.031070
0.030164
0.029289
0.028445
0.027629
0.026843
0.026083
0.025349
0.024640
0.023955
0.023293
0.022654
0.022036
0.021439
0.020861
0.020303
0.019762
0.019240
0.018734
0.018245
0.017772
0.017314
0.016870
0.016441
0.016025
0.015622
0.015232
0.014854
0.014488
0.014132
0.013788
0.013454
0.013131
0.012817
0.012512
0.012217
0.011930
0.011651
0.011381
0.011119
0.010864
0.010617
0.010376
0.010143


# comps 310.960169
0.511609
0.458494
0.362279
0.319652
0.277563
0.249454
0.224943
0.205897
0.189617
0.176112
0.164467
0.154449
0.145662
0.137908
0.130978
0.124737
0.119063
0.113867
0.109074
0.104626
0.100477
0.096587
0.092925
0.089467
0.086190
0.083078
0.080116
0.077291
0.074593
0.072013
0.069544
0.067177
0.064908
0.062730
0.060639
0.058631
0.056700
0.054844
0.053060
0.051343
0.049691
0.048101
0.046570
0.045096
0.043677
0.042309
0.040992
0.039723
0.038500
0.037322
0.036186
0.035090
0.034034
0.033015
0.032033
0.031085
0.030171
0.029288
0.028437
0.027615
0.026821
0.026055
0.025316
0.024601
0.023911
0.023245
0.022601
0.021978
0.021377
0.020795
0.020233
0.019689
0.019164
0.018655
0.018163
0.017687
0.017226
0.016781
0.016349
0.015931
0.015526
0.015134
0.014755
0.014387
0.014030
0.013685
0.013350
0.013025
0.012711
0.012405
0.012109
0.011822
0.011543
0.011272
0.011010
0.010755
0.010507
0.010266
0.010033


# comps 320.961240
0.504450
0.451412
0.353918
0.311484
0.269396
0.241593
0.217339
0.198606
0.182617
0.169403
0.158033
0.148281
0.139746
0.132233
0.125534
0.119512
0.114048
0.109053
0.104452
0.100189
0.096215
0.092494
0.088994
0.085690
0.082562
0.079593
0.076767
0.074074
0.071502
0.069043
0.066689
0.064433
0.062271
0.060195
0.058203
0.056288
0.054449
0.052680
0.050978
0.049341
0.047766
0.046250
0.044790
0.043384
0.042030
0.040726
0.039469
0.038258
0.037091
0.035965
0.034880
0.033834
0.032825
0.031852
0.030913
0.030007
0.029133
0.028290
0.027475
0.026689
0.025930
0.025197
0.024489
0.023805
0.023145
0.022506
0.021889
0.021293
0.020716
0.020159
0.019620
0.019098
0.018594
0.018106
0.017633
0.017176
0.016734
0.016306
0.015891
0.015489
0.015100
0.014723
0.014358
0.014004
0.013661
0.013328
0.013006
0.012693
0.012390
0.012096
0.011810
0.011533
0.011264
0.011003
0.010749
0.010503
0.010264
0.010031
0.009806


# comps 330.962311
0.499348
0.445204
0.346443
0.304215
0.262026
0.234538
0.210480
0.192045
0.176306
0.163360
0.152235
0.142724
0.134415
0.127119
0.120626
0.114803
0.109527
0.104713
0.100285
0.096187
0.092371
0.088802
0.085447
0.082283
0.079289
0.076447
0.073745
0.071169
0.068710
0.066359
0.064110
0.061954
0.059888
0.057904
0.056000
0.054171
0.052412
0.050722
0.049095
0.047531
0.046025
0.044575
0.043179
0.041834
0.040539
0.039291
0.038089
0.036930
0.035813
0.034736
0.033697
0.032695
0.031729
0.030797
0.029897
0.029029
0.028192
0.027383
0.026602
0.025848
0.025120
0.024417
0.023738
0.023081
0.022447
0.021834
0.021241
0.020669
0.020115
0.019579
0.019061
0.018559
0.018074
0.017605
0.017150
0.016711
0.016285
0.015872
0.015473
0.015086
0.014711
0.014348
0.013995
0.013654
0.013323
0.013002
0.012691
0.012389
0.012096
0.011812
0.011536
0.011268
0.011008
0.010755
0.010510
0.010272
0.010040
0.009815
0.009597


# comps 340.965086
0.495950
0.444135
0.345543
0.304241
0.262386
0.235310
0.211473
0.193233
0.177612
0.164753
0.153677
0.144193
0.135892
0.128590
0.122079
0.116230
0.110923
0.106073
0.101606
0.097468
0.093611
0.089999
0.086603
0.083397
0.080362
0.077480
0.074738
0.072125
0.069629
0.067242
0.064958
0.062769
0.060670
0.058656
0.056722
0.054863
0.053077
0.051360
0.049708
0.048119
0.046589
0.045117
0.043699
0.042334
0.041019
0.039751
0.038530
0.037354
0.036219
0.035126
0.034071
0.033055
0.032074
0.031128
0.030215
0.029334
0.028484
0.027664
0.026872
0.026107
0.025369
0.024655
0.023966
0.023301
0.022658
0.022036
0.021435
0.020855
0.020293
0.019750
0.019225
0.018717
0.018226
0.017750
0.017290
0.016844
0.016413
0.015995
0.015591
0.015199
0.014820
0.014452
0.014096
0.013750
0.013415
0.013091
0.012776
0.012470
0.012174
0.011887
0.011608
0.011337
0.011074
0.010819
0.010571
0.010330
0.010096
0.009869
0.009648


# comps 350.966157
0.490849
0.437998
0.338105
0.296834
0.254903
0.228086
0.204466
0.186518
0.171168
0.158589
0.147778
0.138554
0.130499
0.123435
0.117151
0.111519
0.106419
0.101767
0.097491
0.093533
0.089850
0.086404
0.083165
0.080111
0.077220
0.074476
0.071867
0.069379
0.067004
0.064733
0.062558
0.060475
0.058477
0.056559
0.054716
0.052946
0.051244
0.049607
0.048032
0.046516
0.045057
0.043651
0.042298
0.040994
0.039737
0.038526
0.037359
0.036233
0.035148
0.034101
0.033091
0.032117
0.031178
0.030271
0.029395
0.028550
0.027734
0.026947
0.026186
0.025451
0.024741
0.024055
0.023392
0.022752
0.022133
0.021534
0.020955
0.020395
0.019854
0.019330
0.018823
0.018332
0.017858
0.017398
0.016953
0.016522
0.016105
0.015701
0.015309
0.014929
0.014562
0.014205
0.013859
0.013524
0.013199
0.012884
0.012578
0.012281
0.011993
0.011713
0.011442
0.011178
0.010922
0.010673
0.010432
0.010197
0.009969
0.009747
0.009532


# comps 360.967228
0.489862
0.434080
0.333008
0.291171
0.249018
0.222181
0.198627
0.180806
0.165607
0.153196
0.142560
0.133512
0.125634
0.118744
0.112632
0.107167
0.102231
0.097737
0.093614
0.089805
0.086264
0.082956
0.079851
0.076925
0.074157
0.071532
0.069037
0.066659
0.064389
0.062219
0.060143
0.058153
0.056244
0.054412
0.052653
0.050962
0.049337
0.047773
0.046269
0.044821
0.043426
0.042084
0.040790
0.039544
0.038342
0.037184
0.036068
0.034992
0.033953
0.032952
0.031986
0.031053
0.030154
0.029285
0.028447
0.027638
0.026856
0.026101
0.025372
0.024667
0.023986
0.023329
0.022693
0.022078
0.021484
0.020909
0.020353
0.019815
0.019295
0.018791
0.018304
0.017832
0.017376
0.016934
0.016505
0.016091
0.015689
0.015299
0.014922
0.014556
0.014202
0.013858
0.013525
0.013201
0.012887
0.012583
0.012288
0.012001
0.011722
0.011452
0.011190
0.010935
0.010687
0.010446
0.010213
0.009985
0.009764
0.009550
0.009341


# comps 370.967546
0.486065
0.431367
0.330041
0.288578
0.246517
0.219853
0.196398
0.178674
0.163546
0.151198
0.140614
0.131612
0.123775
0.116923
0.110845
0.105413
0.100507
0.096043
0.091948
0.088167
0.084653
0.081372
0.078292
0.075391
0.072648
0.070048
0.067576
0.065221
0.062975
0.060827
0.058773
0.056805
0.054918
0.053107
0.051368
0.049698
0.048093
0.046549
0.045064
0.043635
0.042259
0.040935
0.039659
0.038431
0.037247
0.036106
0.035007
0.033947
0.032925
0.031940
0.030990
0.030073
0.029189
0.028335
0.027512
0.026717
0.025950
0.025209
0.024494
0.023803
0.023136
0.022491
0.021869
0.021267
0.020685
0.020123
0.019579
0.019053
0.018545
0.018053
0.017577
0.017117
0.016672
0.016240
0.015823
0.015419
0.015027
0.014648
0.014281
0.013925
0.013581
0.013247
0.012923
0.012609
0.012304
0.012009
0.011722
0.011444
0.011175
0.010913
0.010659
0.010412
0.010173
0.009940
0.009714
0.009494
0.009281
0.009074
0.008872


# comps 380.967931
0.482335
0.429257
0.327944
0.286923
0.245037
0.218576
0.195255
0.177652
0.162618
0.150351
0.139833
0.130889
0.123100
0.116290
0.110249
0.104849
0.099972
0.095534
0.091463
0.087703
0.084210
0.080946
0.077884
0.074999
0.072271
0.069685
0.067227
0.064885
0.062650
0.060515
0.058471
0.056514
0.054637
0.052836
0.051107
0.049445
0.047849
0.046313
0.044836
0.043415
0.042046
0.040729
0.039460
0.038238
0.037061
0.035926
0.034833
0.033779
0.032762
0.031782
0.030837
0.029926
0.029046
0.028197
0.027378
0.026588
0.025824
0.025088
0.024376
0.023689
0.023025
0.022384
0.021765
0.021166
0.020587
0.020028
0.019487
0.018964
0.018458
0.017969
0.017496
0.017038
0.016595
0.016166
0.015751
0.015349
0.014959
0.014582
0.014217
0.013863
0.013520
0.013188
0.012865
0.012553
0.012250
0.011956
0.011671
0.011395
0.011126
0.010866
0.010613
0.010367
0.010129
0.009898
0.009673
0.009454
0.009242
0.009036
0.008835


# comps 390.968317
0.478605
0.427148
0.325847
0.285268
0.243556
0.217299
0.194112
0.176630
0.161691
0.149504
0.139052
0.130165
0.122425
0.115657
0.109652
0.104285
0.099438
0.095026
0.090978
0.087240
0.083766
0.080521
0.077476
0.074607
0.071894
0.069322
0.066877
0.064548
0.062326
0.060202
0.058170
0.056223
0.054356
0.052565
0.050845
0.049193
0.047605
0.046077
0.044608
0.043194
0.041834
0.040523
0.039262
0.038046
0.036875
0.035747
0.034659
0.033611
0.032600
0.031625
0.030685
0.029778
0.028903
0.028059
0.027244
0.026458
0.025699
0.024966
0.024258
0.023575
0.022915
0.022277
0.021661
0.021065
0.020490
0.019933
0.019395
0.018875
0.018372
0.017886
0.017415
0.016959
0.016518
0.016092
0.015679
0.015279
0.014891
0.014516
0.014153
0.013801
0.013459
0.013129
0.012808
0.012497
0.012196
0.011903
0.011620
0.011345
0.011078
0.010819
0.010567
0.010323
0.010086
0.009855
0.009632
0.009414
0.009203
0.008998
0.008798


# comps 400.968702
0.472817
0.421720
0.320769
0.280656
0.239377
0.213493
0.190633
0.173431
0.158733
0.146755
0.136486
0.127759
0.120160
0.113518
0.107627
0.102363
0.097610
0.093284
0.089317
0.085653
0.082249
0.079069
0.076086
0.073275
0.070617
0.068097
0.065702
0.063420
0.061243
0.059162
0.057171
0.055263
0.053434
0.051679
0.049994
0.048375
0.046818
0.045322
0.043882
0.042496
0.041162
0.039878
0.038640
0.037449
0.036301
0.035194
0.034128
0.033099
0.032108
0.031152
0.030229
0.029340
0.028481
0.027653
0.026854
0.026082
0.025337
0.024618
0.023923
0.023252
0.022604
0.021978
0.021372
0.020788
0.020222
0.019676
0.019147
0.018636
0.018142
0.017663
0.017201
0.016753
0.016320
0.015900
0.015494
0.015100
0.014719
0.014350
0.013993
0.013646
0.013311
0.012985
0.012670
0.012364
0.012067
0.011779
0.011500
0.011229
0.010966
0.010711
0.010463
0.010222
0.009988
0.009761
0.009541
0.009326
0.009118
0.008916
0.008719


# comps 410.969087
0.467030
0.416293
0.315691
0.276045
0.235198
0.209686
0.187155
0.170231
0.155776
0.144007
0.133920
0.125352
0.117895
0.111380
0.105603
0.100441
0.095782
0.091543
0.087655
0.084066
0.080732
0.077617
0.074695
0.071942
0.069340
0.066872
0.064526
0.062292
0.060160
0.058122
0.056172
0.054304
0.052513
0.050794
0.049143
0.047557
0.046032
0.044566
0.043155
0.041797
0.040490
0.039232
0.038019
0.036851
0.035726
0.034642
0.033596
0.032588
0.031616
0.030678
0.029774
0.028902
0.028060
0.027247
0.026463
0.025706
0.024975
0.024269
0.023588
0.022929
0.022293
0.021678
0.021084
0.020510
0.019955
0.019418
0.018899
0.018397
0.017911
0.017441
0.016987
0.016547
0.016121
0.015708
0.015309
0.014922
0.014548
0.014185
0.013833
0.013492
0.013162
0.012842
0.012531
0.012230
0.011938
0.011655
0.011380
0.011113
0.010854
0.010603
0.010358
0.010121
0.009891
0.009667
0.009450
0.009239
0.009033
0.008834
0.008640


# comps 420.969472
0.461242
0.410865
0.310614
0.271434
0.231020
0.205880
0.183676
0.167032
0.152819
0.141259
0.131354
0.122946
0.115631
0.109241
0.103578
0.098519
0.093954
0.089802
0.085994
0.082479
0.079214
0.076165
0.073305
0.070610
0.068062
0.065647
0.063351
0.061164
0.059077
0.057082
0.055173
0.053344
0.051591
0.049908
0.048292
0.046739
0.045246
0.043810
0.042428
0.041099
0.039819
0.038586
0.037398
0.036254
0.035152
0.034089
0.033064
0.032077
0.031124
0.030205
0.029319
0.028463
0.027638
0.026841
0.026072
0.025330
0.024613
0.023921
0.023252
0.022606
0.021982
0.021379
0.020796
0.020232
0.019687
0.019160
0.018651
0.018158
0.017681
0.017219
0.016773
0.016340
0.015922
0.015517
0.015124
0.014744
0.014376
0.014019
0.013673
0.013338
0.013013
0.012698
0.012393
0.012097
0.011809
0.011530
0.011260
0.010997
0.010742
0.010495
0.010254
0.010021
0.009794
0.009573
0.009359
0.009151
0.008948
0.008752
0.008560


# comps 430.969858
0.455454
0.405438
0.305536
0.266823
0.226841
0.202073
0.180198
0.163833
0.149862
0.138510
0.128788
0.120540
0.113366
0.107103
0.101553
0.096597
0.092126
0.088060
0.084333
0.080892
0.077697
0.074713
0.071914
0.069277
0.066785
0.064422
0.062175
0.060036
0.057994
0.056042
0.054174
0.052385
0.050669
0.049022
0.047441
0.045921
0.044459
0.043054
0.041702
0.040400
0.039147
0.037940
0.036777
0.035657
0.034577
0.033536
0.032533
0.031565
0.030632
0.029732
0.028863
0.028025
0.027216
0.026436
0.025682
0.024954
0.024251
0.023572
0.022917
0.022283
0.021671
0.021079
0.020507
0.019954
0.019420
0.018902
0.018402
0.017918
0.017450
0.016997
0.016559
0.016134
0.015723
0.015325
0.014939
0.014566
0.014204
0.013853
0.013514
0.013184
0.012865
0.012555
0.012255
0.011963
0.011680
0.011406
0.011140
0.010881
0.010630
0.010386
0.010150
0.009920
0.009696
0.009479
0.009268
0.009063
0.008864
0.008670
0.008481


# comps 440.970243
0.449667
0.400026
0.300486
0.262251
0.222712
0.198327
0.176788
0.160710
0.146989
0.135853
0.126319
0.118236
0.111209
0.105076
0.099643
0.094795
0.090421
0.086444
0.082798
0.079434
0.076310
0.073393
0.070656
0.068078
0.065641
0.063330
0.061134
0.059041
0.057044
0.055135
0.053308
0.051557
0.049878
0.048266
0.046718
0.045230
0.043799
0.042423
0.041098
0.039823
0.038595
0.037412
0.036273
0.035174
0.034116
0.033095
0.032111
0.031162
0.030246
0.029363
0.028511
0.027688
0.026894
0.026127
0.025387
0.024672
0.023981
0.023314
0.022670
0.022047
0.021445
0.020863
0.020301
0.019757
0.019231
0.018722
0.018229
0.017753
0.017292
0.016846
0.016414
0.015996
0.015591
0.015198
0.014818
0.014450
0.014093
0.013747
0.013412
0.013087
0.012772
0.012466
0.012170
0.011882
0.011603
0.011332
0.011069
0.010813
0.010565
0.010324
0.010090
0.009863
0.009642
0.009427
0.009218
0.009015
0.008818
0.008626
0.008439


# comps 450.970628
0.443879
0.394598
0.295408
0.257640
0.218533
0.194520
0.173310
0.157511
0.144032
0.133105
0.123753
0.115830
0.108944
0.102937
0.097619
0.092873
0.088593
0.084702
0.081137
0.077848
0.074793
0.071941
0.069266
0.066746
0.064364
0.062105
0.059958
0.057913
0.055961
0.054095
0.052309
0.050597
0.048956
0.047380
0.045866
0.044412
0.043013
0.041667
0.040371
0.039124
0.037923
0.036766
0.035652
0.034577
0.033541
0.032543
0.031580
0.030651
0.029754
0.028890
0.028055
0.027250
0.026472
0.025721
0.024996
0.024296
0.023619
0.022966
0.022334
0.021724
0.021134
0.020564
0.020012
0.019479
0.018963
0.018464
0.017981
0.017514
0.017062
0.016624
0.016200
0.015789
0.015392
0.015007
0.014633
0.014272
0.013921
0.013582
0.013252
0.012933
0.012623
0.012323
0.012031
0.011748
0.011474
0.011207
0.010948
0.010697
0.010453
0.010216
0.009986
0.009762
0.009544
0.009333
0.009127
0.008928
0.008733
0.008544
0.008360


# comps 460.970819
0.439955
0.391769
0.292705
0.255318
0.216449
0.192660
0.171628
0.155982
0.142633
0.131816
0.122560
0.114720
0.107908
0.101966
0.096705
0.092012
0.087779
0.083932
0.080407
0.077154
0.074134
0.071314
0.068668
0.066177
0.063821
0.061587
0.059464
0.057441
0.055511
0.053665
0.051898
0.050205
0.048581
0.047022
0.045524
0.044084
0.042700
0.041367
0.040085
0.038851
0.037662
0.036516
0.035412
0.034348
0.033323
0.032334
0.031380
0.030459
0.029572
0.028715
0.027888
0.027090
0.026319
0.025575
0.024856
0.024162
0.023492
0.022844
0.022217
0.021612
0.021027
0.020461
0.019914
0.019385
0.018873
0.018378
0.017899
0.017435
0.016987
0.016552
0.016131
0.015724
0.015329
0.014947
0.014576
0.014217
0.013869
0.013531
0.013204
0.012887
0.012579
0.012281
0.011991
0.011710
0.011437
0.011172
0.010915
0.010665
0.010422
0.010187
0.009958
0.009735
0.009519
0.009308
0.009104
0.008905
0.008711
0.008523
0.008340


# comps 470.971009
0.436030
0.388924
0.289984
0.252972
0.214335
0.190765
0.169908
0.154412
0.141188
0.130479
0.121317
0.113557
0.106816
0.100937
0.095733
0.091090
0.086904
0.083099
0.079613
0.076396
0.073409
0.070621
0.068005
0.065541
0.063212
0.061003
0.058904
0.056904
0.054994
0.053169
0.051422
0.049748
0.048141
0.046600
0.045118
0.043694
0.042325
0.041007
0.039739
0.038518
0.037342
0.036208
0.035116
0.034064
0.033049
0.032070
0.031126
0.030216
0.029337
0.028489
0.027671
0.026881
0.026118
0.025381
0.024670
0.023983
0.023319
0.022677
0.022057
0.021458
0.020879
0.020318
0.019777
0.019253
0.018746
0.018255
0.017781
0.017321
0.016877
0.016446
0.016029
0.015625
0.015234
0.014855
0.014488
0.014132
0.013787
0.013452
0.013128
0.012813
0.012508
0.012212
0.011925
0.011646
0.011375
0.011113
0.010857
0.010610
0.010369
0.010135
0.009908
0.009687
0.009472
0.009263
0.009060
0.008863
0.008671
0.008484
0.008302


# comps 480.971085
0.446394
0.395801
0.296938
0.258806
0.219673
0.195519
0.174244
0.158365
0.144828
0.133845
0.124447
0.116480
0.109556
0.103514
0.098164
0.093389
0.089082
0.085166
0.081577
0.078266
0.075191
0.072319
0.069626
0.067089
0.064690
0.062416
0.060254
0.058195
0.056230
0.054351
0.052553
0.050830
0.049177
0.047591
0.046068
0.044603
0.043195
0.041841
0.040537
0.039282
0.038073
0.036909
0.035788
0.034707
0.033665
0.032660
0.031691
0.030757
0.029855
0.028986
0.028146
0.027336
0.026555
0.025800
0.025071
0.024367
0.023687
0.023030
0.022395
0.021781
0.021189
0.020615
0.020061
0.019525
0.019007
0.018506
0.018020
0.017551
0.017097
0.016657
0.016231
0.015819
0.015420
0.015033
0.014658
0.014295
0.013943
0.013602
0.013272
0.012951
0.012640
0.012339
0.012046
0.011762
0.011487
0.011220
0.010960
0.010708
0.010463
0.010225
0.009994
0.009770
0.009552
0.009340
0.009133
0.008933
0.008738
0.008548
0.008364


# comps 490.971276
0.440412
0.391892
0.292995
0.255573
0.216710
0.192925
0.171887
0.156241
0.142884
0.132061
0.122797
0.114949
0.108127
0.102176
0.096906
0.092203
0.087962
0.084106
0.080572
0.077310
0.074282
0.071454
0.068801
0.066302
0.063939
0.061699
0.059569
0.057540
0.055603
0.053752
0.051980
0.050282
0.048653
0.047089
0.045587
0.044143
0.042755
0.041419
0.040133
0.038895
0.037703
0.036554
0.035448
0.034381
0.033353
0.032361
0.031405
0.030482
0.029592
0.028734
0.027905
0.027105
0.026333
0.025587
0.024867
0.024171
0.023499
0.022850
0.022223
0.021616
0.021030
0.020463
0.019915
0.019386
0.018873
0.018377
0.017897
0.017433
0.016983
0.016548
0.016127
0.015719
0.015323
0.014941
0.014570
0.014210
0.013862
0.013524
0.013197
0.012879
0.012571
0.012272
0.011982
0.011701
0.011428
0.011163
0.010905
0.010655
0.010413
0.010177
0.009948
0.009725
0.009509
0.009298
0.009094
0.008895
0.008701
0.008513
0.008330


# comps 500.971466
0.436487
0.389047
0.290274
0.253227
0.214596
0.191031
0.170167
0.154670
0.141439
0.130725
0.121553
0.113786
0.107035
0.101147
0.095934
0.091282
0.087086
0.083273
0.079777
0.076552
0.073557
0.070761
0.068138
0.065666
0.063330
0.061115
0.059009
0.057002
0.055087
0.053256
0.051504
0.049824
0.048213
0.046667
0.045181
0.043753
0.042380
0.041059
0.039787
0.038562
0.037383
0.036247
0.035152
0.034096
0.033079
0.032098
0.031151
0.030239
0.029358
0.028508
0.027688
0.026896
0.026132
0.025393
0.024681
0.023992
0.023327
0.022684
0.022063
0.021462
0.020882
0.020321
0.019778
0.019253
0.018745
0.018254
0.017779
0.017319
0.016873
0.016442
0.016025
0.015620
0.015229
0.014849
0.014481
0.014125
0.013780
0.013445
0.013120
0.012805
0.012500
0.012204
0.011916
0.011637
0.011366
0.011103
0.010848
0.010600
0.010359
0.010125
0.009898
0.009677
0.009462
0.009253
0.009050
0.008853
0.008661
0.008474
0.008292


