# relative largest cluster	avg path	other clusters	 #num clusters
1.000000000000000000e+00 0.000000000000000000e+00 1.000000000000000000e+00 1.000000000000000000e+00
1.000000000000000000e+00 0.000000000000000000e+00 1.000000000000000000e+00 1.000000000000000000e+00
1.000000000000000000e+00 0.000000000000000000e+00 1.000000000000000000e+00 1.000000000000000000e+00
1.000000000000000000e+00 0.000000000000000000e+00 1.000000000000000000e+00 1.000000000000000000e+00
1.000000000000000000e+00 0.000000000000000000e+00 1.000000000000000000e+00 1.000000000000000000e+00
1.000000000000000000e+00 0.000000000000000000e+00 1.000000000000000000e+00 1.000000000000000000e+00
1.000000000000000000e+00 0.000000000000000000e+00 1.000000000000000000e+00 1.000000000000000000e+00
1.000000000000000000e+00 0.000000000000000000e+00 1.000000000000000000e+00 1.000000000000000000e+00
1.000000000000000000e+00 0.000000000000000000e+00 1.000000000000000000e+00 1.000000000000000000e+00
1.000000000000000000e+00 0.000000000000000000e+00 1.000000000000000000e+00 1.000000000000000000e+00
1.000000000000000000e+00 0.000000000000000000e+00 1.000000000000000000e+00 1.000000000000000000e+00
1.000000000000000000e+00 0.000000000000000000e+00 1.000000000000000000e+00 1.000000000000000000e+00
1.000000000000000000e+00 0.000000000000000000e+00 1.000000000000000000e+00 1.000000000000000000e+00
1.000000000000000000e+00 0.000000000000000000e+00 1.000000000000000000e+00 1.000000000000000000e+00
1.000000000000000000e+00 0.000000000000000000e+00 1.000000000000000000e+00 1.000000000000000000e+00
1.000000000000000000e+00 0.000000000000000000e+00 1.000000000000000000e+00 1.000000000000000000e+00
1.000000000000000000e+00 0.000000000000000000e+00 1.000000000000000000e+00 1.000000000000000000e+00
1.000000000000000000e+00 0.000000000000000000e+00 1.000000000000000000e+00 1.000000000000000000e+00
1.000000000000000000e+00 0.000000000000000000e+00 1.000000000000000000e+00 1.000000000000000000e+00
1.000000000000000000e+00 0.000000000000000000e+00 1.000000000000000000e+00 1.000000000000000000e+00
1.000000000000000000e+00 0.000000000000000000e+00 1.000000000000000000e+00 1.000000000000000000e+00
1.000000000000000000e+00 0.000000000000000000e+00 1.000000000000000000e+00 1.000000000000000000e+00
1.000000000000000000e+00 0.000000000000000000e+00 1.000000000000000000e+00 1.000000000000000000e+00
1.000000000000000000e+00 0.000000000000000000e+00 1.000000000000000000e+00 1.000000000000000000e+00
1.000000000000000000e+00 0.000000000000000000e+00 1.000000000000000000e+00 1.000000000000000000e+00
1.000000000000000000e+00 0.000000000000000000e+00 1.000000000000000000e+00 1.000000000000000000e+00
1.000000000000000000e+00 0.000000000000000000e+00 1.000000000000000000e+00 1.000000000000000000e+00
1.000000000000000000e+00 0.000000000000000000e+00 1.000000000000000000e+00 1.000000000000000000e+00
1.000000000000000000e+00 0.000000000000000000e+00 1.000000000000000000e+00 1.000000000000000000e+00
1.000000000000000000e+00 0.000000000000000000e+00 1.000000000000000000e+00 1.000000000000000000e+00
1.000000000000000000e+00 0.000000000000000000e+00 1.000000000000000000e+00 1.000000000000000000e+00
1.000000000000000000e+00 0.000000000000000000e+00 1.000000000000000000e+00 1.000000000000000000e+00
1.000000000000000000e+00 0.000000000000000000e+00 1.000000000000000000e+00 1.000000000000000000e+00
1.000000000000000000e+00 0.000000000000000000e+00 1.000000000000000000e+00 1.000000000000000000e+00
1.000000000000000000e+00 0.000000000000000000e+00 1.000000000000000000e+00 1.000000000000000000e+00
1.000000000000000000e+00 0.000000000000000000e+00 1.000000000000000000e+00 1.000000000000000000e+00
1.000000000000000000e+00 0.000000000000000000e+00 1.000000000000000000e+00 1.000000000000000000e+00
1.000000000000000000e+00 0.000000000000000000e+00 1.000000000000000000e+00 1.000000000000000000e+00
1.000000000000000000e+00 0.000000000000000000e+00 1.000000000000000000e+00 1.000000000000000000e+00
1.000000000000000000e+00 0.000000000000000000e+00 1.000000000000000000e+00 1.000000000000000000e+00
1.000000000000000000e+00 0.000000000000000000e+00 1.000000000000000000e+00 1.000000000000000000e+00
9.999781659388645716e-01 0.000000000000000000e+00 1.000000000000000000e+00 1.010000000000000009e+00
9.999781181619254999e-01 0.000000000000000000e+00 1.000000000000000000e+00 1.010000000000000009e+00
9.999780701754386047e-01 0.000000000000000000e+00 1.000000000000000000e+00 1.010000000000000009e+00
9.999780219780219914e-01 0.000000000000000000e+00 1.000000000000000000e+00 1.010000000000000009e+00
9.999779735682818860e-01 0.000000000000000000e+00 1.000000000000000000e+00 1.010000000000000009e+00
9.999779249448124130e-01 0.000000000000000000e+00 1.000000000000000000e+00 1.010000000000000009e+00
9.999557522123894149e-01 0.000000000000000000e+00 1.000000000000000000e+00 1.020000000000000018e+00
9.999334811529934086e-01 0.000000000000000000e+00 1.000000000000000000e+00 1.030000000000000027e+00
9.999333333333333407e-01 0.000000000000000000e+00 1.000000000000000000e+00 1.030000000000000027e+00
9.999331848552337476e-01 0.000000000000000000e+00 1.000000000000000000e+00 1.030000000000000027e+00
9.999330357142857117e-01 0.000000000000000000e+00 1.000000000000000000e+00 1.030000000000000027e+00
9.999328859060402364e-01 0.000000000000000000e+00 1.000000000000000000e+00 1.030000000000000027e+00
9.999327354260090228e-01 0.000000000000000000e+00 1.000000000000000000e+00 1.030000000000000027e+00
9.999325842696629163e-01 0.000000000000000000e+00 1.000000000000000000e+00 1.030000000000000027e+00
9.999324324324324609e-01 0.000000000000000000e+00 1.000000000000000000e+00 1.030000000000000027e+00
9.999322799097065673e-01 0.000000000000000000e+00 1.000000000000000000e+00 1.030000000000000027e+00
9.999321266968326238e-01 0.000000000000000000e+00 1.000000000000000000e+00 1.030000000000000027e+00
9.999319727891156084e-01 0.000000000000000000e+00 1.000000000000000000e+00 1.030000000000000027e+00
9.999318181818181994e-01 0.000000000000000000e+00 1.000000000000000000e+00 1.030000000000000027e+00
9.999316628701593324e-01 0.000000000000000000e+00 1.000000000000000000e+00 1.030000000000000027e+00
9.999315068493150882e-01 0.000000000000000000e+00 1.000000000000000000e+00 1.030000000000000027e+00
9.999313501144164729e-01 0.000000000000000000e+00 1.000000000000000000e+00 1.030000000000000027e+00
9.999311926605504164e-01 0.000000000000000000e+00 1.000000000000000000e+00 1.030000000000000027e+00
9.999310344827585517e-01 0.000000000000000000e+00 1.000000000000000000e+00 1.030000000000000027e+00
9.999308755760368816e-01 0.000000000000000000e+00 1.000000000000000000e+00 1.030000000000000027e+00
9.999307159353348906e-01 0.000000000000000000e+00 1.000000000000000000e+00 1.030000000000000027e+00
9.999305555555555447e-01 0.000000000000000000e+00 1.000000000000000000e+00 1.030000000000000027e+00
9.999071925754060564e-01 0.000000000000000000e+00 1.000000000000000000e+00 1.040000000000000036e+00
9.999069767441859380e-01 0.000000000000000000e+00 1.000000000000000000e+00 1.040000000000000036e+00
9.999067599067598122e-01 0.000000000000000000e+00 1.000000000000000000e+00 1.040000000000000036e+00
9.999065420560748763e-01 0.000000000000000000e+00 1.000000000000000000e+00 1.040000000000000036e+00
9.999063231850118250e-01 0.000000000000000000e+00 1.000000000000000000e+00 1.040000000000000036e+00
9.998826291079813133e-01 0.000000000000000000e+00 1.000000000000000000e+00 1.050000000000000044e+00
9.998823529411765554e-01 0.000000000000000000e+00 1.000000000000000000e+00 1.050000000000000044e+00
9.998584905660377053e-01 0.000000000000000000e+00 1.000000000000000000e+00 1.060000000000000053e+00
9.998581560283689162e-01 0.000000000000000000e+00 1.000000000000000000e+00 1.060000000000000053e+00
9.998815165876777655e-01 0.000000000000000000e+00 1.000000000000000000e+00 1.050000000000000044e+00
9.998812351543940879e-01 0.000000000000000000e+00 1.000000000000000000e+00 1.050000000000000044e+00
9.998809523809524258e-01 0.000000000000000000e+00 1.000000000000000000e+00 1.050000000000000044e+00
9.998806682577565663e-01 0.000000000000000000e+00 1.000000000000000000e+00 1.050000000000000044e+00
9.998564593301435544e-01 0.000000000000000000e+00 1.000000000000000000e+00 1.060000000000000053e+00
9.998561151079136122e-01 0.000000000000000000e+00 1.000000000000000000e+00 1.060000000000000053e+00
9.998557692307693534e-01 0.000000000000000000e+00 1.000000000000000000e+00 1.060000000000000053e+00
9.998554216867470146e-01 0.000000000000000000e+00 1.000000000000000000e+00 1.060000000000000053e+00
9.998550724637681464e-01 0.000000000000000000e+00 1.000000000000000000e+00 1.060000000000000053e+00
9.998547215496367269e-01 0.000000000000000000e+00 1.000000000000000000e+00 1.060000000000000053e+00
9.998300970873786886e-01 0.000000000000000000e+00 1.000000000000000000e+00 1.070000000000000062e+00
9.997810218978103736e-01 0.000000000000000000e+00 1.000000000000000000e+00 1.090000000000000080e+00
9.997560975609757206e-01 0.000000000000000000e+00 1.000000000000000000e+00 1.100000000000000089e+00
9.997555012224936810e-01 0.000000000000000000e+00 1.000000000000000000e+00 1.100000000000000089e+00
9.997303921568628793e-01 0.000000000000000000e+00 1.000000000000000000e+00 1.110000000000000098e+00
9.997051597051596072e-01 0.000000000000000000e+00 1.000000000000000000e+00 1.120000000000000107e+00
9.997044334975371260e-01 0.000000000000000000e+00 1.000000000000000000e+00 1.120000000000000107e+00
9.997037037037036500e-01 0.000000000000000000e+00 1.000000000000000000e+00 1.120000000000000107e+00
9.997029702970298137e-01 0.000000000000000000e+00 1.000000000000000000e+00 1.120000000000000107e+00
9.997022332506202424e-01 0.000000000000000000e+00 1.000000000000000000e+00 1.120000000000000107e+00
9.996766169154227555e-01 0.000000000000000000e+00 1.000000000000000000e+00 1.129999999999999893e+00
9.996758104738152628e-01 0.000000000000000000e+00 1.000000000000000000e+00 1.129999999999999893e+00
9.996500000000000385e-01 0.000000000000000000e+00 1.000000000000000000e+00 1.139999999999999902e+00
9.996491228070173429e-01 0.000000000000000000e+00 1.000000000000000000e+00 1.139999999999999902e+00
9.996482412060301304e-01 0.000000000000000000e+00 1.000000000000000000e+00 1.139999999999999902e+00
9.996221662468514069e-01 0.000000000000000000e+00 1.000000000000000000e+00 1.149999999999999911e+00
9.995707070707072761e-01 0.000000000000000000e+00 1.000000000000000000e+00 1.169999999999999929e+00
9.995696202531647589e-01 0.000000000000000000e+00 1.000000000000000000e+00 1.169999999999999929e+00
9.994923857868023287e-01 0.000000000000000000e+00 1.000000000000000000e+00 1.199999999999999956e+00
9.994656488549621409e-01 0.000000000000000000e+00 1.000000000000000000e+00 1.209999999999999964e+00
9.994387755102042137e-01 0.000000000000000000e+00 1.000000000000000000e+00 1.219999999999999973e+00
9.994117647058822218e-01 0.000000000000000000e+00 1.000000000000000000e+00 1.229999999999999982e+00
9.993846153846150937e-01 0.000000000000000000e+00 1.000000000000000000e+00 1.239999999999999991e+00
9.992544987146524393e-01 0.000000000000000000e+00 1.000000000000000000e+00 1.290000000000000036e+00
9.991752577319584772e-01 0.000000000000000000e+00 1.000000000000000000e+00 1.320000000000000062e+00
9.991731266149872503e-01 0.000000000000000000e+00 1.000000000000000000e+00 1.320000000000000062e+00
9.991191709844562396e-01 0.000000000000000000e+00 1.000000000000000000e+00 1.340000000000000080e+00
9.990649350649352112e-01 0.000000000000000000e+00 1.000000000000000000e+00 1.360000000000000098e+00
9.990364583333329884e-01 0.000000000000000000e+00 1.000000000000000000e+00 1.370000000000000107e+00
9.989556135770232270e-01 0.000000000000000000e+00 1.000000000000000000e+00 1.399999999999999911e+00
9.988743455497377521e-01 0.000000000000000000e+00 1.000000000000000000e+00 1.429999999999999938e+00
9.988713910761155557e-01 0.000000000000000000e+00 1.000000000000000000e+00 1.429999999999999938e+00
9.988157894736839904e-01 0.000000000000000000e+00 1.000000000000000000e+00 1.449999999999999956e+00
9.987598944591024042e-01 0.000000000000000000e+00 1.000000000000000000e+00 1.469999999999999973e+00
9.986772486772484969e-01 0.000000000000000000e+00 1.000000000000000000e+00 1.500000000000000000e+00
9.985676392572941928e-01 0.000000000000000000e+00 1.000000000000000000e+00 1.540000000000000036e+00
9.985372340425537896e-01 0.000000000000000000e+00 1.000000000000000000e+00 1.550000000000000044e+00
9.984533333333324157e-01 0.000000000000000000e+00 1.000000000000000000e+00 1.580000000000000071e+00
9.983957219251344828e-01 0.000000000000000000e+00 1.000000000000000000e+00 1.600000000000000089e+00
9.983378016085795448e-01 0.000000000000000000e+00 1.000000000000000000e+00 1.620000000000000107e+00
9.982795698924737948e-01 0.000000000000000000e+00 1.000000000000000000e+00 1.639999999999999902e+00
9.981401617250676983e-01 0.000000000000000000e+00 1.000000000000000000e+00 1.689999999999999947e+00
9.980540540540531191e-01 0.000000000000000000e+00 1.000000000000000000e+00 1.719999999999999973e+00
9.979945799457986544e-01 0.000000000000000000e+00 1.000000000000000000e+00 1.739999999999999991e+00
9.979076086956516489e-01 0.000000000000000000e+00 1.000000000000000000e+00 1.770000000000000018e+00
9.979019073569479481e-01 0.000000000000000000e+00 1.000000000000000000e+00 1.770000000000000018e+00
9.978415300546444877e-01 0.000000000000000000e+00 1.000000000000000000e+00 1.790000000000000036e+00
9.978356164383553883e-01 0.000000000000000000e+00 1.000000000000000000e+00 1.790000000000000036e+00
9.977197802197795840e-01 0.000000000000000000e+00 1.000000000000000000e+00 1.830000000000000071e+00
9.976584022038563759e-01 0.000000000000000000e+00 1.000000000000000000e+00 1.850000000000000089e+00
9.976243093922643190e-01 0.000000000000000000e+00 1.000000000000000000e+00 1.860000000000000098e+00
9.975069252077569670e-01 0.000000000000000000e+00 1.000000000000000000e+00 1.899999999999999911e+00
9.974444444444436897e-01 0.000000000000000000e+00 1.000000000000000000e+00 1.919999999999999929e+00
9.973259052924787760e-01 0.000000000000000000e+00 1.010000000000000009e+00 1.939999999999999947e+00
9.972625698324024679e-01 0.000000000000000000e+00 1.010000000000000009e+00 1.959999999999999964e+00
9.971428571428563314e-01 0.000000000000000000e+00 1.012000000000000011e+00 1.989999999999999991e+00
9.969662921348314555e-01 0.000000000000000000e+00 1.012000000000000011e+00 2.049999999999999822e+00
9.968450704225348957e-01 0.000000000000000000e+00 1.012000000000000011e+00 2.089999999999999858e+00
9.967231638418085904e-01 0.000000000000000000e+00 1.012000000000000011e+00 2.129999999999999893e+00
9.966572237960339420e-01 0.000000000000000000e+00 1.010000000000000009e+00 2.160000000000000142e+00
9.965056818181823317e-01 0.000000000000000000e+00 1.010000000000000009e+00 2.209999999999999964e+00
9.963817663817655657e-01 0.000000000000000000e+00 1.010000000000000009e+00 2.250000000000000000e+00
9.963142857142858189e-01 0.000000000000000000e+00 1.010000000000000009e+00 2.270000000000000018e+00
9.962177650429795417e-01 0.000000000000000000e+00 1.010000000000000009e+00 2.299999999999999822e+00
9.961781609195399234e-01 0.000000000000000000e+00 1.010000000000000009e+00 2.310000000000000053e+00
9.960518731988475816e-01 0.000000000000000000e+00 1.010000000000000009e+00 2.350000000000000089e+00
9.959537572254331117e-01 0.000000000000000000e+00 1.010000000000000009e+00 2.379999999999999893e+00
9.958260869565218609e-01 0.000000000000000000e+00 1.011666666666666492e+00 2.410000000000000142e+00
9.956976744186053496e-01 0.000000000000000000e+00 1.011666666666666492e+00 2.450000000000000178e+00
9.955685131195339821e-01 0.000000000000000000e+00 1.010000000000000009e+00 2.490000000000000213e+00
9.954970760233918803e-01 0.000000000000000000e+00 1.010000000000000009e+00 2.509999999999999787e+00
9.952785923753669772e-01 0.000000000000000000e+00 1.009166666666666545e+00 2.580000000000000071e+00
9.951176470588239953e-01 0.000000000000000000e+00 1.009166666666666545e+00 2.629999999999999893e+00
9.948672566371680182e-01 0.000000000000000000e+00 1.009166666666666545e+00 2.709999999999999964e+00
9.946153846153853451e-01 0.000000000000000000e+00 1.009166666666666545e+00 2.790000000000000036e+00
9.944213649851640913e-01 0.000000000000000000e+00 1.008666666666666822e+00 2.850000000000000089e+00
9.942559523809532118e-01 0.000000000000000000e+00 1.008666666666666822e+00 2.899999999999999911e+00
9.940895522388062400e-01 0.000000000000000000e+00 1.008666666666666822e+00 2.950000000000000178e+00
9.939221556886220776e-01 0.000000000000000000e+00 1.007000000000000117e+00 3.000000000000000000e+00
9.938138138138150612e-01 0.000000000000000000e+00 1.007000000000000117e+00 3.029999999999999805e+00
9.937048192771072985e-01 0.000000000000000000e+00 1.004000000000000004e+00 3.069999999999999840e+00
9.936253776435044482e-01 0.000000000000000000e+00 1.004000000000000004e+00 3.089999999999999858e+00
9.936363636363637619e-01 0.000000000000000000e+00 1.004999999999999893e+00 3.080000000000000071e+00
9.935258358662618638e-01 0.000000000000000000e+00 1.004999999999999893e+00 3.109999999999999876e+00
9.932621951219513523e-01 0.000000000000000000e+00 1.004999999999999893e+00 3.189999999999999947e+00
9.931192660550456353e-01 0.000000000000000000e+00 1.004999999999999893e+00 3.229999999999999982e+00
9.927914110429441052e-01 0.000000000000000000e+00 1.007000000000000117e+00 3.319999999999999840e+00
9.926153846153853433e-01 0.000000000000000000e+00 1.007000000000000117e+00 3.370000000000000107e+00
9.925308641975307822e-01 0.000000000000000000e+00 1.007000000000000117e+00 3.390000000000000124e+00
9.922600619195037774e-01 0.000000000000000000e+00 1.007000000000000117e+00 3.470000000000000195e+00
9.921428571428572152e-01 0.000000000000000000e+00 1.007000000000000117e+00 3.500000000000000000e+00
9.917757009345784525e-01 0.000000000000000000e+00 1.009000000000000119e+00 3.600000000000000089e+00
9.915937500000002736e-01 0.000000000000000000e+00 1.009000000000000119e+00 3.649999999999999911e+00
9.913479623824449360e-01 0.000000000000000000e+00 1.009000000000000119e+00 3.720000000000000195e+00
9.911006289308168515e-01 0.000000000000000000e+00 1.008666666666666822e+00 3.790000000000000036e+00
9.909148264984224408e-01 0.000000000000000000e+00 1.008666666666666822e+00 3.839999999999999858e+00
9.908544303797467423e-01 0.000000000000000000e+00 1.008666666666666822e+00 3.850000000000000089e+00
9.907619047619051766e-01 0.000000000000000000e+00 1.008666666666666822e+00 3.870000000000000107e+00
9.906050955414009707e-01 0.000000000000000000e+00 1.008666666666666822e+00 3.910000000000000142e+00
9.905111821086264312e-01 0.000000000000000000e+00 1.008666666666666822e+00 3.930000000000000160e+00
9.903525641025642257e-01 0.000000000000000000e+00 1.008666666666666822e+00 3.970000000000000195e+00
9.901607717041812640e-01 0.000000000000000000e+00 1.008666666666666822e+00 4.019999999999999574e+00
9.899032258064517364e-01 0.000000000000000000e+00 1.008333333333333304e+00 4.089999999999999858e+00
9.898058252427177628e-01 0.000000000000000000e+00 1.008333333333333304e+00 4.110000000000000320e+00
9.896753246753244859e-01 0.000000000000000000e+00 1.008333333333333304e+00 4.139999999999999680e+00
9.894136807817583978e-01 0.000000000000000000e+00 1.008333333333333304e+00 4.209999999999999964e+00
9.891503267973851266e-01 0.000000000000000000e+00 1.008666666666666822e+00 4.280000000000000249e+00
9.889508196721304989e-01 0.000000000000000000e+00 1.008666666666666822e+00 4.330000000000000071e+00
9.887500000000005729e-01 0.000000000000000000e+00 1.008666666666666822e+00 4.379999999999999893e+00
9.886798679867984108e-01 0.000000000000000000e+00 1.008666666666666822e+00 4.389999999999999680e+00
9.884105960264902846e-01 0.000000000000000000e+00 1.008666666666666822e+00 4.459999999999999964e+00
9.882392026578085131e-01 0.000000000000000000e+00 1.008666666666666822e+00 4.500000000000000000e+00
9.879666666666669927e-01 0.000000000000000000e+00 1.008666666666666822e+00 4.570000000000000284e+00
9.877926421404683577e-01 0.000000000000000000e+00 1.008666666666666822e+00 4.610000000000000320e+00
9.874496644295305270e-01 0.000000000000000000e+00 1.010095238095238157e+00 4.690000000000000391e+00
9.872390572390570274e-01 0.000000000000000000e+00 1.011206349206349220e+00 4.730000000000000426e+00
9.870608108108106515e-01 0.000000000000000000e+00 1.011206349206349220e+00 4.769999999999999574e+00
9.867457627118650931e-01 0.000000000000000000e+00 1.011206349206349220e+00 4.849999999999999645e+00
9.865646258503414368e-01 0.000000000000000000e+00 1.011206349206349220e+00 4.889999999999999680e+00
9.862457337883960840e-01 0.000000000000000000e+00 1.012873015873015925e+00 4.959999999999999964e+00
9.859246575342452967e-01 0.000000000000000000e+00 1.012873015873015925e+00 5.040000000000000036e+00
9.857044673539516744e-01 0.000000000000000000e+00 1.012873015873015925e+00 5.089999999999999858e+00
9.854137931034469000e-01 0.000000000000000000e+00 1.011206349206349220e+00 5.160000000000000142e+00
9.850173010380625094e-01 0.000000000000000000e+00 1.010968253968254071e+00 5.259999999999999787e+00
9.846875000000001599e-01 0.000000000000000000e+00 1.012523809523809604e+00 5.330000000000000071e+00
9.842160278745651913e-01 0.000000000000000000e+00 1.016452380952380885e+00 5.429999999999999716e+00
9.840559440559439874e-01 0.000000000000000000e+00 1.015452380952380995e+00 5.469999999999999751e+00
9.840350877192979295e-01 0.000000000000000000e+00 1.015452380952380995e+00 5.459999999999999964e+00
9.834507042253521902e-01 0.000000000000000000e+00 1.021896825396825470e+00 5.580000000000000071e+00
9.831448763250894007e-01 0.000000000000000000e+00 1.023646825396825388e+00 5.639999999999999680e+00
9.830141843971622606e-01 0.000000000000000000e+00 1.023468253968254027e+00 5.660000000000000142e+00
9.827046263345193822e-01 0.000000000000000000e+00 1.023468253968254027e+00 5.730000000000000426e+00
9.821785714285712343e-01 0.000000000000000000e+00 1.023218253968253943e+00 5.860000000000000320e+00
9.818637992831543704e-01 0.000000000000000000e+00 1.024468253968254139e+00 5.919999999999999929e+00
9.812230215827341118e-01 0.000000000000000000e+00 1.022639249639249570e+00 6.080000000000000071e+00
9.805415162454872435e-01 0.000000000000000000e+00 1.024282106782106849e+00 6.240000000000000213e+00
9.803623188405805600e-01 0.000000000000000000e+00 1.024004329004329028e+00 6.269999999999999574e+00
9.799272727272727579e-01 0.000000000000000000e+00 1.028528138528138625e+00 6.349999999999999645e+00
9.793795620437962812e-01 0.000000000000000000e+00 1.032194805194805332e+00 6.450000000000000178e+00
9.789010989010979991e-01 0.000000000000000000e+00 1.036460678210678221e+00 6.540000000000000036e+00
9.784191176470591333e-01 0.000000000000000000e+00 1.036051587301587418e+00 6.650000000000000355e+00
9.782656826568266739e-01 0.000000000000000000e+00 1.034761904761904772e+00 6.679999999999999716e+00
9.777037037037032974e-01 0.000000000000000000e+00 1.035646825396825399e+00 6.799999999999999822e+00
9.771375464684011192e-01 0.000000000000000000e+00 1.040393217893218036e+00 6.910000000000000142e+00
9.769029850746271393e-01 0.000000000000000000e+00 1.040254329004329126e+00 6.950000000000000178e+00
9.766292134831470184e-01 0.000000000000000000e+00 1.039420995670995884e+00 7.000000000000000000e+00
9.761278195488719556e-01 0.000000000000000000e+00 1.038809884559884544e+00 7.110000000000000320e+00
9.758490566037736347e-01 0.000000000000000000e+00 1.040782106782106808e+00 7.150000000000000355e+00
9.751893939393950772e-01 0.000000000000000000e+00 1.044524531024531244e+00 7.269999999999999574e+00
9.746768060836502601e-01 0.000000000000000000e+00 1.044099567099567194e+00 7.379999999999999893e+00
9.743511450381683314e-01 0.000000000000000000e+00 1.044516233766233926e+00 7.440000000000000391e+00
9.736398467432949566e-01 0.000000000000000000e+00 1.044774170274170411e+00 7.589999999999999858e+00
9.730384615384614078e-01 0.000000000000000000e+00 1.048972222222222417e+00 7.679999999999999716e+00
9.726640926640918172e-01 0.000000000000000000e+00 1.048770202020202102e+00 7.750000000000000000e+00
9.723255813953488591e-01 0.000000000000000000e+00 1.047024170274170274e+00 7.809999999999999609e+00
9.717509727626446603e-01 0.000000000000000000e+00 1.045984848484848628e+00 7.929999999999999716e+00
9.712890625000000222e-01 0.000000000000000000e+00 1.047651515151515333e+00 8.009999999999999787e+00
9.706274509803908268e-01 0.000000000000000000e+00 1.047353535353535481e+00 8.150000000000000355e+00
9.703543307086609504e-01 0.000000000000000000e+00 1.047519591519591842e+00 8.179999999999999716e+00
9.696047430830035951e-01 0.000000000000000000e+00 1.047380702630702931e+00 8.330000000000000071e+00
9.691666666666662877e-01 0.000000000000000000e+00 1.047929403929404479e+00 8.400000000000000355e+00
9.686055776892433800e-01 0.000000000000000000e+00 1.047188311688312057e+00 8.500000000000000000e+00
9.681999999999996165e-01 0.000000000000000000e+00 1.048629870129870412e+00 8.570000000000000284e+00
9.676305220883536506e-01 0.000000000000000000e+00 1.049220779220779498e+00 8.669999999999999929e+00
9.672580645161287238e-01 0.000000000000000000e+00 1.047950577200577271e+00 8.740000000000000213e+00
9.668825910931176937e-01 0.000000000000000000e+00 1.047827561327561385e+00 8.800000000000000711e+00
9.662195121951216992e-01 0.000000000000000000e+00 1.046497335997336409e+00 8.929999999999999716e+00
9.657551020408162712e-01 0.000000000000000000e+00 1.046981823731824024e+00 9.000000000000000000e+00
9.649999999999995248e-01 0.000000000000000000e+00 1.048623598623598774e+00 9.130000000000000782e+00
9.641975308641977938e-01 0.000000000000000000e+00 1.046859741565624224e+00 9.289999999999999147e+00
9.631818181818182500e-01 0.000000000000000000e+00 1.055307432763315401e+00 9.429999999999999716e+00
9.625311203319492082e-01 0.000000000000000000e+00 1.060747187453070062e+00 9.509999999999999787e+00
9.616666666666664476e-01 0.000000000000000000e+00 1.060726125182007928e+00 9.660000000000000142e+00
9.610041841004175467e-01 0.000000000000000000e+00 1.063394318100200797e+00 9.759999999999999787e+00
9.600420168067220761e-01 0.000000000000000000e+00 1.066968642468642647e+00 9.929999999999999716e+00
9.591983122362870429e-01 0.000000000000000000e+00 1.066163808413808534e+00 1.008999999999999986e+01
9.589406779661017177e-01 0.000000000000000000e+00 1.063004717504717478e+00 1.014000000000000057e+01
9.581702127659579293e-01 0.000000000000000000e+00 1.060117372823255355e+00 1.028999999999999915e+01
9.571794871794865323e-01 0.000000000000000000e+00 1.060709520871286005e+00 1.046000000000000085e+01
9.564377682403433223e-01 0.000000000000000000e+00 1.061102072763837612e+00 1.058000000000000007e+01
9.557758620689658091e-01 0.000000000000000000e+00 1.061757121963004202e+00 1.067999999999999972e+01
9.548917748917744586e-01 0.000000000000000000e+00 1.068689152350917215e+00 1.076999999999999957e+01
9.536086956521750979e-01 0.000000000000000000e+00 1.075393305224187745e+00 1.092999999999999972e+01
9.526637554585154488e-01 0.000000000000000000e+00 1.077145130583211152e+00 1.108000000000000007e+01
9.522807017543865049e-01 0.000000000000000000e+00 1.074014219827300609e+00 1.114000000000000057e+01
9.514096916299572548e-01 0.000000000000000000e+00 1.073534681391880019e+00 1.126999999999999957e+01
9.506637168141591765e-01 0.000000000000000000e+00 1.076241928393244507e+00 1.134999999999999964e+01
9.499111111111111505e-01 0.000000000000000000e+00 1.075406468531468818e+00 1.146000000000000085e+01
9.491517857142858228e-01 0.000000000000000000e+00 1.075943306693307067e+00 1.157000000000000028e+01
9.485201793721976804e-01 0.000000000000000000e+00 1.078326043237808340e+00 1.164000000000000057e+01
9.475225225225223369e-01 0.000000000000000000e+00 1.078255375730221566e+00 1.181000000000000050e+01
9.467873303167410048e-01 0.000000000000000000e+00 1.078287551887397555e+00 1.191000000000000014e+01
9.459090909090916988e-01 0.000000000000000000e+00 1.077362694881658145e+00 1.206000000000000050e+01
9.456621004566208022e-01 0.000000000000000000e+00 1.076161195185963537e+00 1.207000000000000028e+01
9.448623853211013390e-01 0.000000000000000000e+00 1.076927159613692453e+00 1.217999999999999972e+01
9.440092165898629206e-01 0.000000000000000000e+00 1.075296159464890433e+00 1.231000000000000050e+01
9.433333333333331350e-01 0.000000000000000000e+00 1.073891164348208083e+00 1.240000000000000036e+01
9.424651162790701475e-01 0.000000000000000000e+00 1.074260461717505333e+00 1.252999999999999936e+01
9.409813084112151893e-01 0.000000000000000000e+00 1.074516418608911339e+00 1.275999999999999979e+01
9.398122065727705365e-01 0.000000000000000000e+00 1.075437464668115073e+00 1.291999999999999993e+01
9.391037735849054879e-01 0.000000000000000000e+00 1.075955151229919249e+00 1.300000000000000000e+01
9.382938388625592374e-01 0.000000000000000000e+00 1.076933384597858590e+00 1.308999999999999986e+01
9.371904761904755743e-01 0.000000000000000000e+00 1.077190517199182906e+00 1.325000000000000000e+01
9.353110047846877606e-01 0.000000000000000000e+00 1.080344196423295600e+00 1.350999999999999979e+01
9.349038461538463629e-01 0.000000000000000000e+00 1.077703260561771126e+00 1.356000000000000050e+01
9.334299516908215466e-01 0.000000000000000000e+00 1.078483296571363548e+00 1.377999999999999936e+01
9.318446601941745566e-01 0.000000000000000000e+00 1.080903711568639736e+00 1.398000000000000043e+01
9.308292682926831985e-01 0.000000000000000000e+00 1.083709477313192560e+00 1.408000000000000007e+01
9.298039215686272341e-01 0.000000000000000000e+00 1.083868490084047620e+00 1.421000000000000085e+01
9.281280788177339591e-01 0.000000000000000000e+00 1.084298634939192540e+00 1.444999999999999929e+01
9.264851485148518639e-01 0.000000000000000000e+00 1.083483024393234739e+00 1.468999999999999950e+01
9.249253731343287654e-01 0.000000000000000000e+00 1.084553332868729569e+00 1.490000000000000036e+01
9.233500000000003372e-01 0.000000000000000000e+00 1.087210629347620250e+00 1.507000000000000028e+01
9.218090452261306078e-01 0.000000000000000000e+00 1.088426911594784663e+00 1.526999999999999957e+01
9.205050505050492715e-01 0.000000000000000000e+00 1.089558429922032223e+00 1.541999999999999993e+01
9.190862944162435655e-01 0.000000000000000000e+00 1.090501140691990889e+00 1.558999999999999986e+01
9.166326530612246559e-01 0.000000000000000000e+00 1.092375809401707976e+00 1.591999999999999993e+01
9.146666666666659617e-01 0.000000000000000000e+00 1.092948038243744424e+00 1.619000000000000128e+01
9.135567010309274538e-01 0.000000000000000000e+00 1.091905594737295093e+00 1.632000000000000028e+01
9.118134715025913994e-01 0.000000000000000000e+00 1.092698331522079958e+00 1.653999999999999915e+01
9.098437499999999512e-01 0.000000000000000000e+00 1.093790968063609093e+00 1.676000000000000156e+01
9.085863874345545543e-01 0.000000000000000000e+00 1.094245355583927548e+00 1.689000000000000057e+01
9.068421052631577828e-01 0.000000000000000000e+00 1.095040054304390331e+00 1.707999999999999829e+01
9.049206349206351252e-01 0.000000000000000000e+00 1.097955607364203168e+00 1.728999999999999915e+01
9.029787234042554456e-01 0.000000000000000000e+00 1.094787727864189542e+00 1.757999999999999829e+01
9.013368983957222857e-01 0.000000000000000000e+00 1.096937813334574185e+00 1.775000000000000000e+01
9.000537634408600773e-01 0.000000000000000000e+00 1.098086517285260078e+00 1.787000000000000099e+01
8.990270270270270814e-01 0.000000000000000000e+00 1.098403442720842227e+00 1.794000000000000128e+01
8.978260869565214408e-01 0.000000000000000000e+00 1.097106655171135703e+00 1.807000000000000028e+01
8.960655737704921187e-01 0.000000000000000000e+00 1.097819308050578924e+00 1.826999999999999957e+01
8.947252747252742999e-01 0.000000000000000000e+00 1.097273106955168442e+00 1.839999999999999858e+01
8.933701657458565926e-01 0.000000000000000000e+00 1.097132998769381196e+00 1.853000000000000114e+01
8.920000000000001261e-01 0.000000000000000000e+00 1.097488552299772158e+00 1.867000000000000171e+01
8.902234636871504403e-01 0.000000000000000000e+00 1.098681590604460689e+00 1.885999999999999943e+01
8.887078651685398345e-01 0.000000000000000000e+00 1.097525666344848050e+00 1.901000000000000156e+01
8.866666666666667140e-01 0.000000000000000000e+00 1.098699525036895386e+00 1.923000000000000043e+01
8.841477272727273906e-01 0.000000000000000000e+00 1.101327006801653408e+00 1.946999999999999886e+01
8.826857142857145178e-01 0.000000000000000000e+00 1.099974836985833315e+00 1.960999999999999943e+01
8.803448275862071348e-01 0.000000000000000000e+00 1.099374379509423960e+00 1.987000000000000099e+01
8.785549132947976236e-01 0.000000000000000000e+00 1.102781385101832656e+00 1.998999999999999844e+01
8.763372093023252818e-01 0.000000000000000000e+00 1.103402253338524819e+00 2.019999999999999929e+01
8.745029239766070051e-01 0.000000000000000000e+00 1.105858570247675976e+00 2.032000000000000028e+01
8.721176470588232199e-01 0.000000000000000000e+00 1.109479849431710408e+00 2.051000000000000156e+01
8.705917159763311153e-01 0.000000000000000000e+00 1.111507858717708741e+00 2.058999999999999986e+01
8.683333333333334014e-01 0.000000000000000000e+00 1.112327251491512570e+00 2.080000000000000071e+01
8.655688622754490469e-01 0.000000000000000000e+00 1.114194252977936950e+00 2.105000000000000071e+01
8.637951807228917422e-01 0.000000000000000000e+00 1.114065047842380141e+00 2.119000000000000128e+01
8.618787878787880219e-01 0.000000000000000000e+00 1.115610518164419140e+00 2.130999999999999872e+01
8.582926829268295865e-01 0.000000000000000000e+00 1.115363782948540994e+00 2.171000000000000085e+01
8.559509202453986498e-01 0.000000000000000000e+00 1.117327083081127492e+00 2.187000000000000099e+01
8.532716049382718104e-01 0.000000000000000000e+00 1.121749605422038165e+00 2.203999999999999915e+01
8.495652173913041949e-01 0.000000000000000000e+00 1.125695356624820898e+00 2.237999999999999901e+01
8.463124999999998010e-01 0.000000000000000000e+00 1.128906514467269195e+00 2.267000000000000171e+01
8.434591194968552585e-01 0.000000000000000000e+00 1.130674287580557769e+00 2.289999999999999858e+01
8.403164556962029463e-01 0.000000000000000000e+00 1.133686333686670711e+00 2.312999999999999901e+01
8.373885350318474030e-01 0.000000000000000000e+00 1.137516300324955321e+00 2.330999999999999872e+01
8.344871794871789872e-01 0.000000000000000000e+00 1.136709489794161199e+00 2.358999999999999986e+01
8.321935483870965822e-01 0.000000000000000000e+00 1.137046419860391566e+00 2.375000000000000000e+01
8.301948051948051521e-01 0.000000000000000000e+00 1.138803702678553353e+00 2.383999999999999986e+01
8.276470588235289583e-01 0.000000000000000000e+00 1.140025218642486182e+00 2.401999999999999957e+01
8.245394736842104333e-01 0.000000000000000000e+00 1.139224353965549552e+00 2.432000000000000028e+01
8.217880794701994951e-01 0.000000000000000000e+00 1.138467953076525596e+00 2.453999999999999915e+01
8.186666666666667647e-01 0.000000000000000000e+00 1.142615866295839888e+00 2.471999999999999886e+01
8.167114093959727539e-01 0.000000000000000000e+00 1.142569971900514236e+00 2.482000000000000028e+01
8.147972972972972183e-01 0.000000000000000000e+00 1.144072503090022730e+00 2.487999999999999901e+01
8.127210884353738285e-01 0.000000000000000000e+00 1.142964474799424535e+00 2.501999999999999957e+01
8.091095890410966440e-01 0.000000000000000000e+00 1.143419921776189785e+00 2.528999999999999915e+01
8.060689655172419421e-01 0.000000000000000000e+00 1.143147946238110224e+00 2.551000000000000156e+01
8.014583333333332726e-01 0.000000000000000000e+00 1.147810082437672685e+00 2.582999999999999829e+01
7.997202797202797031e-01 0.000000000000000000e+00 1.146869165671157376e+00 2.587999999999999901e+01
7.962676056338026109e-01 0.000000000000000000e+00 1.150513146849121648e+00 2.603999999999999915e+01
7.919858156028378726e-01 0.000000000000000000e+00 1.152855411433822530e+00 2.630000000000000071e+01
7.898571428571432573e-01 0.000000000000000000e+00 1.152874967236536596e+00 2.633999999999999986e+01
7.875539568345321095e-01 0.000000000000000000e+00 1.151538742448026342e+00 2.644999999999999929e+01
7.823913043478261109e-01 0.000000000000000000e+00 1.155831007426521673e+00 2.680000000000000071e+01
7.776642335766420500e-01 0.000000000000000000e+00 1.161564403013118030e+00 2.703999999999999915e+01
7.707352941176472960e-01 0.000000000000000000e+00 1.170695537650441986e+00 2.751000000000000156e+01
7.659259259259256769e-01 0.000000000000000000e+00 1.175793045834875095e+00 2.771999999999999886e+01
7.602985074626866790e-01 0.000000000000000000e+00 1.178689203125919738e+00 2.807999999999999829e+01
7.563909774436088362e-01 0.000000000000000000e+00 1.181268530568443165e+00 2.823999999999999844e+01
7.534848484848487571e-01 0.000000000000000000e+00 1.178470401111425314e+00 2.839999999999999858e+01
7.495419847328247398e-01 0.000000000000000000e+00 1.180414947960691130e+00 2.857999999999999829e+01
7.440000000000002167e-01 0.000000000000000000e+00 1.187893014723879315e+00 2.882999999999999829e+01
7.377519379844966751e-01 0.000000000000000000e+00 1.188050143111230916e+00 2.926000000000000156e+01
7.321093749999999512e-01 0.000000000000000000e+00 1.189598681689673088e+00 2.957999999999999829e+01
7.272440944881887193e-01 0.000000000000000000e+00 1.193156138645387720e+00 2.976000000000000156e+01
7.254761904761904967e-01 0.000000000000000000e+00 1.191686889974578722e+00 2.975000000000000000e+01
7.210400000000000142e-01 0.000000000000000000e+00 1.192788284968028245e+00 2.994999999999999929e+01
7.162903225806451779e-01 0.000000000000000000e+00 1.197951049285832514e+00 3.012999999999999901e+01
7.121951219512198117e-01 0.000000000000000000e+00 1.201818185099905900e+00 3.019999999999999929e+01
7.086065573770494730e-01 0.000000000000000000e+00 1.202197026527159318e+00 3.032000000000000028e+01
7.028099173553721268e-01 0.000000000000000000e+00 1.205395189625480423e+00 3.051000000000000156e+01
7.000833333333331687e-01 0.000000000000000000e+00 1.201784016608391070e+00 3.062999999999999901e+01
6.955462184873948406e-01 0.000000000000000000e+00 1.205115681506771841e+00 3.076999999999999957e+01
6.910169491525424146e-01 0.000000000000000000e+00 1.205967891464581054e+00 3.094999999999999929e+01
6.870940170940165181e-01 0.000000000000000000e+00 1.206248305265250842e+00 3.105999999999999872e+01
6.835344827586206096e-01 0.000000000000000000e+00 1.212146225122377130e+00 3.105999999999999872e+01
6.778260869565216895e-01 0.000000000000000000e+00 1.217437022479773923e+00 3.121000000000000085e+01
6.714035087719298911e-01 0.000000000000000000e+00 1.223516269525791733e+00 3.137000000000000099e+01
6.657522123893808708e-01 0.000000000000000000e+00 1.230984958098125581e+00 3.144999999999999929e+01
6.599999999999998090e-01 0.000000000000000000e+00 1.231763017977049124e+00 3.164000000000000057e+01
6.569369369369373324e-01 0.000000000000000000e+00 1.228587901984661057e+00 3.173000000000000043e+01
6.505454545454544268e-01 0.000000000000000000e+00 1.230511093371172482e+00 3.192999999999999972e+01
6.444036697247703671e-01 0.000000000000000000e+00 1.238048153975503274e+00 3.196000000000000085e+01
6.404629629629629006e-01 0.000000000000000000e+00 1.239949651928118124e+00 3.198000000000000043e+01
6.342056074766355689e-01 0.000000000000000000e+00 1.241959097087339314e+00 3.221000000000000085e+01
6.279245283018868307e-01 0.000000000000000000e+00 1.244386292092872770e+00 3.238000000000000256e+01
6.233333333333332948e-01 0.000000000000000000e+00 1.246833627379255294e+00 3.240999999999999659e+01
6.183653846153844835e-01 0.000000000000000000e+00 1.249203985572704845e+00 3.247999999999999687e+01
6.101941747572814378e-01 0.000000000000000000e+00 1.256379156804863229e+00 3.267000000000000171e+01
6.000980392156862742e-01 0.000000000000000000e+00 1.262016076681096388e+00 3.293999999999999773e+01
5.958415841584160377e-01 0.000000000000000000e+00 1.263219222363837879e+00 3.295000000000000284e+01
5.878000000000002112e-01 0.000000000000000000e+00 1.268657246952346496e+00 3.311999999999999744e+01
5.763636363636365223e-01 0.000000000000000000e+00 1.280936512180005593e+00 3.336999999999999744e+01
5.710204081632654916e-01 0.000000000000000000e+00 1.281188648261144092e+00 3.343999999999999773e+01
5.659793814432990677e-01 0.000000000000000000e+00 1.278334846390172030e+00 3.357000000000000028e+01
5.611458333333334547e-01 0.000000000000000000e+00 1.278072068869014366e+00 3.361999999999999744e+01
5.565263157894736468e-01 0.000000000000000000e+00 1.277201973859664497e+00 3.364000000000000057e+01
5.535106382978718376e-01 0.000000000000000000e+00 1.272074322635198262e+00 3.364999999999999858e+01
5.454838709677418684e-01 0.000000000000000000e+00 1.277687820986231904e+00 3.368999999999999773e+01
5.352173913043479780e-01 0.000000000000000000e+00 1.277358101703684135e+00 3.407000000000000028e+01
5.278021978021980587e-01 0.000000000000000000e+00 1.280921557903041075e+00 3.410000000000000142e+01
5.218888888888888467e-01 0.000000000000000000e+00 1.280589867731282583e+00 3.413000000000000256e+01
5.155056179775281411e-01 0.000000000000000000e+00 1.280202769099550775e+00 3.421000000000000085e+01
5.106818181818182367e-01 0.000000000000000000e+00 1.279483056432338284e+00 3.420000000000000284e+01
5.009195402298850519e-01 0.000000000000000000e+00 1.282971878424780332e+00 3.435999999999999943e+01
4.913953488372090339e-01 0.000000000000000000e+00 1.287738844942561300e+00 3.446999999999999886e+01
4.831764705882352628e-01 0.000000000000000000e+00 1.294084574808048060e+00 3.452000000000000313e+01
4.780952380952382952e-01 0.000000000000000000e+00 1.294789385345618271e+00 3.443999999999999773e+01
4.684337349397588723e-01 0.000000000000000000e+00 1.297341868365833095e+00 3.459000000000000341e+01
4.650000000000003575e-01 0.000000000000000000e+00 1.292623093962817604e+00 3.453000000000000114e+01
4.583950617283950035e-01 0.000000000000000000e+00 1.293745115715808636e+00 3.450999999999999801e+01
4.495000000000001217e-01 0.000000000000000000e+00 1.301721854025931879e+00 3.450999999999999801e+01
4.410126582278482421e-01 0.000000000000000000e+00 1.307985862709284630e+00 3.446000000000000085e+01
4.328205128205128704e-01 0.000000000000000000e+00 1.311563695243933347e+00 3.442000000000000171e+01
4.250649350649350344e-01 0.000000000000000000e+00 1.308949680512299318e+00 3.447999999999999687e+01
4.211842105263158276e-01 0.000000000000000000e+00 1.304390644791795451e+00 3.439000000000000057e+01
4.141333333333331868e-01 0.000000000000000000e+00 1.304358447688496847e+00 3.438000000000000256e+01
4.120270270270268154e-01 0.000000000000000000e+00 1.297971694955706079e+00 3.422999999999999687e+01
4.057534246575342229e-01 0.000000000000000000e+00 1.297106622007463850e+00 3.414000000000000057e+01
4.023611111111110028e-01 0.000000000000000000e+00 1.292204531263624778e+00 3.403000000000000114e+01
3.935211267605632779e-01 0.000000000000000000e+00 1.294298396329435885e+00 3.402000000000000313e+01
3.887142857142857344e-01 0.000000000000000000e+00 1.287823822186014766e+00 3.396000000000000085e+01
3.805797101449276965e-01 0.000000000000000000e+00 1.292296247356122141e+00 3.386999999999999744e+01
3.722058823529411642e-01 0.000000000000000000e+00 1.291075866537213956e+00 3.389999999999999858e+01
3.662686567164177842e-01 0.000000000000000000e+00 1.288476978317060873e+00 3.384000000000000341e+01
3.607575757575753328e-01 0.000000000000000000e+00 1.284375874349513280e+00 3.375000000000000000e+01
3.552307692307691278e-01 0.000000000000000000e+00 1.285831279282238393e+00 3.352000000000000313e+01
3.470312500000000133e-01 0.000000000000000000e+00 1.284226779005307684e+00 3.343999999999999773e+01
3.380952380952378933e-01 0.000000000000000000e+00 1.279915236324003169e+00 3.346999999999999886e+01
3.275806451612905401e-01 0.000000000000000000e+00 1.284271488883987899e+00 3.342000000000000171e+01
3.200000000000000622e-01 0.000000000000000000e+00 1.286024642049403699e+00 3.322999999999999687e+01
3.133333333333332971e-01 0.000000000000000000e+00 1.283565733088689154e+00 3.309000000000000341e+01
3.069491525423728717e-01 0.000000000000000000e+00 1.277226671553601811e+00 3.300000000000000000e+01
2.996551724137931361e-01 0.000000000000000000e+00 1.275638147359310137e+00 3.285999999999999943e+01
2.882456140350875828e-01 0.000000000000000000e+00 1.276291865930776259e+00 3.282999999999999829e+01
2.875000000000000888e-01 0.000000000000000000e+00 1.266899908797391561e+00 3.253999999999999915e+01
2.829090909090908879e-01 0.000000000000000000e+00 1.258168353157199881e+00 3.242000000000000171e+01
2.746296296296295569e-01 0.000000000000000000e+00 1.257987121023119492e+00 3.222999999999999687e+01
2.671698113207546244e-01 0.000000000000000000e+00 1.253037626413894712e+00 3.207999999999999829e+01
2.596153846153845812e-01 0.000000000000000000e+00 1.253179006767597414e+00 3.182000000000000028e+01
2.574509803921565809e-01 0.000000000000000000e+00 1.250266275171518338e+00 3.137999999999999901e+01
2.554000000000000159e-01 0.000000000000000000e+00 1.243930036677802775e+00 3.103000000000000114e+01
2.457142857142857739e-01 0.000000000000000000e+00 1.245037477366663703e+00 3.080999999999999872e+01
2.364583333333333259e-01 0.000000000000000000e+00 1.251231016572582622e+00 3.044000000000000128e+01
2.280851063829788250e-01 0.000000000000000000e+00 1.251212760801155177e+00 3.014000000000000057e+01
2.284782608695650474e-01 0.000000000000000000e+00 1.248386425614025796e+00 2.958999999999999986e+01
2.266666666666664609e-01 0.000000000000000000e+00 1.241369730345753819e+00 2.919000000000000128e+01
2.231818181818181757e-01 0.000000000000000000e+00 1.236399358991275177e+00 2.880000000000000071e+01
2.197674418604650681e-01 0.000000000000000000e+00 1.228404314897159733e+00 2.846999999999999886e+01
2.145238095238094500e-01 0.000000000000000000e+00 1.216976254132416724e+00 2.826999999999999957e+01
2.048780487804875983e-01 0.000000000000000000e+00 1.214856454120460283e+00 2.800000000000000000e+01
2.022500000000000964e-01 0.000000000000000000e+00 1.209606485444497226e+00 2.753999999999999915e+01
1.992307692307691003e-01 0.000000000000000000e+00 1.199231004822393087e+00 2.719999999999999929e+01
1.965789473684209088e-01 0.000000000000000000e+00 1.197243606288772799e+00 2.667000000000000171e+01
1.924324324324324931e-01 0.000000000000000000e+00 1.190329486142041926e+00 2.628999999999999915e+01
1.886111111111110628e-01 0.000000000000000000e+00 1.177188464096546872e+00 2.596999999999999886e+01
1.797142857142855765e-01 0.000000000000000000e+00 1.172014000040149995e+00 2.564999999999999858e+01
1.779411764705881305e-01 0.000000000000000000e+00 1.163716292423408349e+00 2.517000000000000171e+01
1.730303030303032008e-01 0.000000000000000000e+00 1.158700398907519746e+00 2.471999999999999886e+01
1.724999999999999867e-01 0.000000000000000000e+00 1.152414186081642811e+00 2.414000000000000057e+01
1.683870967741936953e-01 0.000000000000000000e+00 1.144663787588650283e+00 2.367000000000000171e+01
1.689999999999999281e-01 0.000000000000000000e+00 1.135967906099300873e+00 2.310000000000000142e+01
1.696551724137930484e-01 0.000000000000000000e+00 1.131715705366708180e+00 2.242000000000000171e+01
1.671428571428571763e-01 0.000000000000000000e+00 1.126660835893888990e+00 2.182000000000000028e+01
1.651851851851851294e-01 0.000000000000000000e+00 1.119702200965678518e+00 2.123999999999999844e+01
1.649999999999998690e-01 0.000000000000000000e+00 1.114948851883971415e+00 2.058999999999999986e+01
1.655999999999998584e-01 0.000000000000000000e+00 1.110478352744607600e+00 1.992000000000000171e+01
1.570833333333334358e-01 0.000000000000000000e+00 1.107549069136918307e+00 1.942000000000000171e+01
1.560869565217392618e-01 0.000000000000000000e+00 1.100077345727887845e+00 1.878000000000000114e+01
1.531818181818184188e-01 0.000000000000000000e+00 1.089269816698609894e+00 1.823999999999999844e+01
1.495238095238093368e-01 0.000000000000000000e+00 1.080352368220016235e+00 1.764000000000000057e+01
1.449999999999998512e-01 0.000000000000000000e+00 1.074873376623377119e+00 1.701000000000000156e+01
1.436842105263156366e-01 0.000000000000000000e+00 1.065088383838384001e+00 1.635999999999999943e+01
1.427777777777775314e-01 0.000000000000000000e+00 1.052062687312687483e+00 1.574000000000000021e+01
1.447058823529409066e-01 0.000000000000000000e+00 1.045121961371961561e+00 1.497000000000000064e+01
1.443750000000000033e-01 0.000000000000000000e+00 1.040277389277389553e+00 1.421000000000000085e+01
1.419999999999999041e-01 0.000000000000000000e+00 1.033333333333333215e+00 1.350000000000000000e+01
1.399999999999999023e-01 0.000000000000000000e+00 1.027303030303030607e+00 1.275999999999999979e+01
1.392307692307690747e-01 0.000000000000000000e+00 1.018444444444444263e+00 1.201999999999999957e+01
1.366666666666666863e-01 0.000000000000000000e+00 1.011666666666666936e+00 1.125999999999999979e+01
1.418181818181819820e-01 0.000000000000000000e+00 1.010714285714285454e+00 1.035999999999999943e+01
1.489999999999997993e-01 0.000000000000000000e+00 1.010952380952381047e+00 9.439999999999999503e+00
1.555555555555552805e-01 0.000000000000000000e+00 1.007666666666666710e+00 8.560000000000000497e+00
1.600000000000000033e-01 0.000000000000000000e+00 1.006000000000000005e+00 7.690000000000000391e+00
1.714285714285713746e-01 0.000000000000000000e+00 1.002499999999999947e+00 6.790000000000000036e+00
1.866666666666666752e-01 0.000000000000000000e+00 1.003333333333333410e+00 5.870000000000000107e+00
2.119999999999996609e-01 0.000000000000000000e+00 1.000000000000000000e+00 4.940000000000000391e+00
2.600000000000000089e-01 0.000000000000000000e+00 1.000000000000000000e+00 3.959999999999999964e+00
3.399999999999996914e-01 0.000000000000000000e+00 1.000000000000000000e+00 2.979999999999999982e+00
5.050000000000000044e-01 0.000000000000000000e+00 1.000000000000000000e+00 1.989999999999999991e+00
1.000000000000000000e+00 0.000000000000000000e+00 1.000000000000000000e+00 1.000000000000000000e+00
