# relative largest cluster	avg path	other clusters	 #num clusters
9.996192384769539974e-01 0.000000000000000000e+00 1.000000000000000000e+00 1.189999999999999947e+00
9.995983935742970283e-01 0.000000000000000000e+00 1.000000000000000000e+00 1.199999999999999956e+00
9.995975855130783128e-01 0.000000000000000000e+00 1.000000000000000000e+00 1.199999999999999956e+00
9.995967741935484208e-01 0.000000000000000000e+00 1.000000000000000000e+00 1.199999999999999956e+00
9.995757575757572289e-01 0.000000000000000000e+00 1.000000000000000000e+00 1.209999999999999964e+00
9.995748987854252698e-01 0.000000000000000000e+00 1.000000000000000000e+00 1.209999999999999964e+00
9.995537525354970532e-01 0.000000000000000000e+00 1.000000000000000000e+00 1.219999999999999973e+00
9.995528455284553582e-01 0.000000000000000000e+00 1.000000000000000000e+00 1.219999999999999973e+00
9.995519348268837589e-01 0.000000000000000000e+00 1.000000000000000000e+00 1.219999999999999973e+00
9.995102040816331579e-01 0.000000000000000000e+00 1.000000000000000000e+00 1.239999999999999991e+00
9.994683026584865182e-01 0.000000000000000000e+00 1.000000000000000000e+00 1.260000000000000009e+00
9.994672131147542826e-01 0.000000000000000000e+00 1.000000000000000000e+00 1.260000000000000009e+00
9.994661190965098418e-01 0.000000000000000000e+00 1.000000000000000000e+00 1.260000000000000009e+00
9.994444444444444686e-01 0.000000000000000000e+00 1.000000000000000000e+00 1.270000000000000018e+00
9.994432989690718028e-01 0.000000000000000000e+00 1.000000000000000000e+00 1.270000000000000018e+00
9.994421487603311061e-01 0.000000000000000000e+00 1.000000000000000000e+00 1.270000000000000018e+00
9.994202898550722525e-01 0.000000000000000000e+00 1.000000000000000000e+00 1.280000000000000027e+00
9.994190871369290630e-01 0.000000000000000000e+00 1.000000000000000000e+00 1.280000000000000027e+00
9.994178794178797398e-01 0.000000000000000000e+00 1.000000000000000000e+00 1.280000000000000027e+00
9.993958333333335942e-01 0.000000000000000000e+00 1.000000000000000000e+00 1.290000000000000036e+00
9.993945720250522191e-01 0.000000000000000000e+00 1.000000000000000000e+00 1.290000000000000036e+00
9.993933054393303594e-01 0.000000000000000000e+00 1.000000000000000000e+00 1.290000000000000036e+00
9.994129979035636380e-01 0.000000000000000000e+00 1.000000000000000000e+00 1.280000000000000027e+00
9.994117647058823328e-01 0.000000000000000000e+00 1.000000000000000000e+00 1.280000000000000027e+00
9.993894736842104942e-01 0.000000000000000000e+00 1.000000000000000000e+00 1.290000000000000036e+00
9.993881856540085540e-01 0.000000000000000000e+00 1.000000000000000000e+00 1.290000000000000036e+00
9.993446088794926130e-01 0.000000000000000000e+00 1.000000000000000000e+00 1.310000000000000053e+00
9.993432203389829294e-01 0.000000000000000000e+00 1.000000000000000000e+00 1.310000000000000053e+00
9.993418259023352235e-01 0.000000000000000000e+00 1.000000000000000000e+00 1.310000000000000053e+00
9.993404255319144891e-01 0.000000000000000000e+00 1.000000000000000000e+00 1.310000000000000053e+00
9.992963752665245947e-01 0.000000000000000000e+00 1.000000000000000000e+00 1.330000000000000071e+00
9.992948717948720860e-01 0.000000000000000000e+00 1.000000000000000000e+00 1.330000000000000071e+00
9.992719486081368396e-01 0.000000000000000000e+00 1.000000000000000000e+00 1.340000000000000080e+00
9.992703862660942127e-01 0.000000000000000000e+00 1.000000000000000000e+00 1.340000000000000080e+00
9.991827956989248749e-01 0.000000000000000000e+00 1.000000000000000000e+00 1.379999999999999893e+00
9.991810344827584123e-01 0.000000000000000000e+00 1.000000000000000000e+00 1.379999999999999893e+00
9.992224622030237979e-01 0.000000000000000000e+00 1.000000000000000000e+00 1.360000000000000098e+00
9.992207792207788986e-01 0.000000000000000000e+00 1.000000000000000000e+00 1.360000000000000098e+00
9.992624728850318938e-01 0.000000000000000000e+00 1.000000000000000000e+00 1.340000000000000080e+00
9.991739130434783567e-01 0.000000000000000000e+00 1.000000000000000000e+00 1.379999999999999893e+00
9.991721132897604107e-01 0.000000000000000000e+00 1.000000000000000000e+00 1.379999999999999893e+00
9.991703056768558300e-01 0.000000000000000000e+00 1.000000000000000000e+00 1.379999999999999893e+00
9.991684901531727725e-01 0.000000000000000000e+00 1.000000000000000000e+00 1.379999999999999893e+00
9.991447368421059183e-01 0.000000000000000000e+00 1.000000000000000000e+00 1.389999999999999902e+00
9.991208791208796569e-01 0.000000000000000000e+00 1.000000000000000000e+00 1.399999999999999911e+00
9.991189427312773264e-01 0.000000000000000000e+00 1.000000000000000000e+00 1.399999999999999911e+00
9.991169977924946322e-01 0.000000000000000000e+00 1.000000000000000000e+00 1.399999999999999911e+00
9.991150442477874094e-01 0.000000000000000000e+00 1.000000000000000000e+00 1.399999999999999911e+00
9.991352549889137569e-01 0.000000000000000000e+00 1.000000000000000000e+00 1.389999999999999902e+00
9.991333333333335398e-01 0.000000000000000000e+00 1.000000000000000000e+00 1.389999999999999902e+00
9.990868596881952168e-01 0.000000000000000000e+00 1.010000000000000009e+00 1.399999999999999911e+00
9.990401785714282390e-01 0.000000000000000000e+00 1.010000000000000009e+00 1.419999999999999929e+00
9.990156599552569849e-01 0.000000000000000000e+00 1.010000000000000009e+00 1.429999999999999938e+00
9.990358744394621793e-01 0.000000000000000000e+00 1.010000000000000009e+00 1.419999999999999929e+00
9.990112359550562537e-01 0.000000000000000000e+00 1.010000000000000009e+00 1.429999999999999938e+00
9.989864864864863581e-01 0.000000000000000000e+00 1.010000000000000009e+00 1.439999999999999947e+00
9.989616252821670317e-01 0.000000000000000000e+00 1.010000000000000009e+00 1.449999999999999956e+00
9.989366515837102556e-01 0.000000000000000000e+00 1.010000000000000009e+00 1.459999999999999964e+00
9.989115646258506231e-01 0.000000000000000000e+00 1.010000000000000009e+00 1.469999999999999973e+00
9.988863636363640719e-01 0.000000000000000000e+00 1.010000000000000009e+00 1.479999999999999982e+00
9.988382687927103154e-01 0.000000000000000000e+00 1.010000000000000009e+00 1.500000000000000000e+00
9.988356164383561664e-01 0.000000000000000000e+00 1.010000000000000009e+00 1.500000000000000000e+00
9.988100686498857517e-01 0.000000000000000000e+00 1.010000000000000009e+00 1.510000000000000009e+00
9.987844036697248740e-01 0.000000000000000000e+00 1.004999999999999893e+00 1.520000000000000018e+00
9.987816091954020425e-01 0.000000000000000000e+00 1.004999999999999893e+00 1.520000000000000018e+00
9.987096774193549020e-01 0.000000000000000000e+00 1.004999999999999893e+00 1.550000000000000044e+00
9.986836027713623665e-01 0.000000000000000000e+00 1.004999999999999893e+00 1.560000000000000053e+00
9.986805555555559044e-01 0.000000000000000000e+00 1.004999999999999893e+00 1.560000000000000053e+00
9.986774941995361088e-01 0.000000000000000000e+00 1.004999999999999893e+00 1.560000000000000053e+00
9.986511627906974331e-01 0.000000000000000000e+00 1.004999999999999893e+00 1.570000000000000062e+00
9.986247086247078686e-01 0.000000000000000000e+00 1.004999999999999893e+00 1.580000000000000071e+00
9.985981308411220336e-01 0.000000000000000000e+00 1.004999999999999893e+00 1.590000000000000080e+00
9.985714285714294425e-01 0.000000000000000000e+00 1.004999999999999893e+00 1.600000000000000089e+00
9.984976525821603888e-01 0.000000000000000000e+00 1.004999999999999893e+00 1.629999999999999893e+00
9.984705882352948869e-01 0.000000000000000000e+00 1.004999999999999893e+00 1.639999999999999902e+00
9.984433962264145368e-01 0.000000000000000000e+00 1.004999999999999893e+00 1.649999999999999911e+00
9.984160756501182510e-01 0.000000000000000000e+00 1.004999999999999893e+00 1.659999999999999920e+00
9.984123222748819693e-01 0.000000000000000000e+00 1.004999999999999893e+00 1.659999999999999920e+00
9.983847980997618832e-01 0.000000000000000000e+00 1.004999999999999893e+00 1.669999999999999929e+00
9.983571428571432760e-01 0.000000000000000000e+00 1.004999999999999893e+00 1.679999999999999938e+00
9.983293556085922615e-01 0.000000000000000000e+00 1.004999999999999893e+00 1.689999999999999947e+00
9.983014354066984675e-01 0.000000000000000000e+00 1.004999999999999893e+00 1.699999999999999956e+00
9.983213429256589944e-01 0.000000000000000000e+00 1.004999999999999893e+00 1.689999999999999947e+00
9.983173076923083089e-01 0.000000000000000000e+00 1.004999999999999893e+00 1.689999999999999947e+00
9.983132530120480963e-01 0.000000000000000000e+00 1.004999999999999893e+00 1.689999999999999947e+00
9.983091787439615228e-01 0.000000000000000000e+00 1.004999999999999893e+00 1.689999999999999947e+00
9.982082324455201494e-01 0.000000000000000000e+00 1.004999999999999893e+00 1.729999999999999982e+00
9.981553398058252702e-01 0.000000000000000000e+00 1.003333333333333188e+00 1.750000000000000000e+00
9.981508515815090687e-01 0.000000000000000000e+00 1.003333333333333188e+00 1.750000000000000000e+00
9.980975609756105316e-01 0.000000000000000000e+00 1.003333333333333188e+00 1.770000000000000018e+00
9.980440097799501142e-01 0.000000000000000000e+00 1.003333333333333188e+00 1.790000000000000036e+00
9.980392156862752939e-01 0.000000000000000000e+00 1.003333333333333188e+00 1.790000000000000036e+00
9.980098280098280705e-01 0.000000000000000000e+00 1.003333333333333188e+00 1.800000000000000044e+00
9.979802955665038056e-01 0.000000000000000000e+00 1.003333333333333188e+00 1.810000000000000053e+00
9.979012345679005858e-01 0.000000000000000000e+00 1.003333333333333188e+00 1.840000000000000080e+00
9.978465346534655112e-01 0.000000000000000000e+00 1.003333333333333188e+00 1.860000000000000098e+00
9.977915632754337238e-01 0.000000000000000000e+00 1.003333333333333188e+00 1.879999999999999893e+00
9.977611940298507509e-01 0.000000000000000000e+00 1.003333333333333188e+00 1.889999999999999902e+00
9.976558603491261223e-01 0.000000000000000000e+00 1.003333333333333188e+00 1.929999999999999938e+00
9.976750000000008667e-01 0.000000000000000000e+00 1.003333333333333188e+00 1.919999999999999929e+00
9.976441102756884449e-01 0.000000000000000000e+00 1.003333333333333188e+00 1.929999999999999938e+00
9.975879396984919101e-01 0.000000000000000000e+00 1.003333333333333188e+00 1.949999999999999956e+00
9.975566750629724089e-01 0.000000000000000000e+00 1.003333333333333188e+00 1.959999999999999964e+00
9.975000000000011635e-01 0.000000000000000000e+00 1.003333333333333188e+00 1.979999999999999982e+00
9.974936708860768775e-01 0.000000000000000000e+00 1.004999999999999893e+00 1.979999999999999982e+00
9.974873096446706944e-01 0.000000000000000000e+00 1.004999999999999893e+00 1.979999999999999982e+00
9.974045801526720822e-01 0.000000000000000000e+00 1.004999999999999893e+00 2.009999999999999787e+00
9.973724489795923187e-01 0.000000000000000000e+00 1.004999999999999893e+00 2.020000000000000018e+00
9.973145780051144715e-01 0.000000000000000000e+00 1.004999999999999893e+00 2.040000000000000036e+00
9.972564102564100974e-01 0.000000000000000000e+00 1.004999999999999893e+00 2.060000000000000053e+00
9.971979434447290069e-01 0.000000000000000000e+00 1.004999999999999893e+00 2.080000000000000071e+00
9.970876288659786812e-01 0.000000000000000000e+00 1.008333333333333304e+00 2.109999999999999876e+00
9.970801033591736307e-01 0.000000000000000000e+00 1.008333333333333304e+00 2.109999999999999876e+00
9.971243523316070112e-01 0.000000000000000000e+00 1.008333333333333304e+00 2.089999999999999858e+00
9.970909090909094719e-01 0.000000000000000000e+00 1.008333333333333304e+00 2.100000000000000089e+00
9.970052083333329485e-01 0.000000000000000000e+00 1.008333333333333304e+00 2.129999999999999893e+00
9.969451697127931222e-01 0.000000000000000000e+00 1.008333333333333304e+00 2.149999999999999911e+00
9.969371727748683742e-01 0.000000000000000000e+00 1.008333333333333304e+00 2.149999999999999911e+00
9.969291338582683126e-01 0.000000000000000000e+00 1.008333333333333304e+00 2.149999999999999911e+00
9.969210526315788190e-01 0.000000000000000000e+00 1.008333333333333304e+00 2.149999999999999911e+00
9.968865435356196736e-01 0.000000000000000000e+00 1.008333333333333304e+00 2.160000000000000142e+00
9.967989417989417955e-01 0.000000000000000000e+00 1.008333333333333304e+00 2.189999999999999947e+00
9.967639257294423905e-01 0.000000000000000000e+00 1.008333333333333304e+00 2.200000000000000178e+00
9.966755319148942194e-01 0.000000000000000000e+00 1.008333333333333304e+00 2.229999999999999982e+00
9.966133333333324629e-01 0.000000000000000000e+00 1.008333333333333304e+00 2.250000000000000000e+00
9.966042780748667340e-01 0.000000000000000000e+00 1.008333333333333304e+00 2.250000000000000000e+00
9.966219839142097525e-01 0.000000000000000000e+00 1.008333333333333304e+00 2.240000000000000213e+00
9.965322580645166184e-01 0.000000000000000000e+00 1.008333333333333304e+00 2.270000000000000018e+00
9.965229110512133781e-01 0.000000000000000000e+00 1.008333333333333304e+00 2.270000000000000018e+00
9.964864864864856342e-01 0.000000000000000000e+00 1.008333333333333304e+00 2.279999999999999805e+00
9.964227642276410890e-01 0.000000000000000000e+00 1.006666666666666599e+00 2.299999999999999822e+00
9.963586956521734983e-01 0.000000000000000000e+00 1.006666666666666599e+00 2.319999999999999840e+00
9.963215258855580014e-01 0.000000000000000000e+00 1.006666666666666599e+00 2.330000000000000071e+00
9.962568306010927133e-01 0.000000000000000000e+00 1.006666666666666599e+00 2.350000000000000089e+00
9.961917808219173942e-01 0.000000000000000000e+00 1.006666666666666599e+00 2.370000000000000107e+00
9.961538461538458344e-01 0.000000000000000000e+00 1.006666666666666599e+00 2.379999999999999893e+00
9.960606060606052026e-01 0.000000000000000000e+00 1.006666666666666599e+00 2.410000000000000142e+00
9.958839779005517201e-01 0.000000000000000000e+00 1.005833333333333357e+00 2.470000000000000195e+00
9.958171745152357701e-01 0.000000000000000000e+00 1.005833333333333357e+00 2.490000000000000213e+00
9.957777777777769845e-01 0.000000000000000000e+00 1.005833333333333357e+00 2.500000000000000000e+00
9.956824512534814264e-01 0.000000000000000000e+00 1.005833333333333357e+00 2.529999999999999805e+00
9.956703910614527198e-01 0.000000000000000000e+00 1.005833333333333357e+00 2.529999999999999805e+00
9.956302521008403295e-01 0.000000000000000000e+00 1.005833333333333357e+00 2.540000000000000036e+00
9.955056179775283454e-01 0.000000000000000000e+00 1.005833333333333357e+00 2.580000000000000071e+00
9.954647887323937461e-01 0.000000000000000000e+00 1.005833333333333357e+00 2.589999999999999858e+00
9.954237288135603379e-01 0.000000000000000000e+00 1.005833333333333357e+00 2.600000000000000089e+00
9.952974504249288978e-01 0.000000000000000000e+00 1.005833333333333357e+00 2.640000000000000124e+00
9.951988636363638951e-01 0.000000000000000000e+00 1.005833333333333357e+00 2.669999999999999929e+00
9.951282051282041019e-01 0.000000000000000000e+00 1.005833333333333357e+00 2.689999999999999947e+00
9.951142857142856180e-01 0.000000000000000000e+00 1.005833333333333357e+00 2.689999999999999947e+00
9.950716332378217732e-01 0.000000000000000000e+00 1.005833333333333357e+00 2.700000000000000178e+00
9.949712643678162438e-01 0.000000000000000000e+00 1.005833333333333357e+00 2.729999999999999982e+00
9.948414985590784410e-01 0.000000000000000000e+00 1.005833333333333357e+00 2.770000000000000018e+00
9.947687861271667931e-01 0.000000000000000000e+00 1.004999999999999893e+00 2.790000000000000036e+00
9.947536231884060998e-01 0.000000000000000000e+00 1.004999999999999893e+00 2.790000000000000036e+00
9.946511627906986508e-01 0.000000000000000000e+00 1.004999999999999893e+00 2.819999999999999840e+00
9.944897959183675029e-01 0.000000000000000000e+00 1.004999999999999893e+00 2.870000000000000107e+00
9.944444444444442421e-01 0.000000000000000000e+00 1.004999999999999893e+00 2.879999999999999893e+00
9.942815249266863109e-01 0.000000000000000000e+00 1.004499999999999948e+00 2.930000000000000160e+00
9.941176470588237724e-01 0.000000000000000000e+00 1.004499999999999948e+00 2.979999999999999982e+00
9.940707964601768198e-01 0.000000000000000000e+00 1.004499999999999948e+00 2.990000000000000213e+00
9.939349112426044686e-01 0.000000000000000000e+00 1.004499999999999948e+00 3.029999999999999805e+00
9.937982195845707079e-01 0.000000000000000000e+00 1.004499999999999948e+00 3.069999999999999840e+00
9.935714285714296601e-01 0.000000000000000000e+00 1.004499999999999948e+00 3.140000000000000124e+00
9.933134328358214082e-01 0.000000000000000000e+00 1.007833333333333359e+00 3.209999999999999964e+00
9.932035928143708725e-01 0.000000000000000000e+00 1.007833333333333359e+00 3.240000000000000213e+00
9.930630630630642441e-01 0.000000000000000000e+00 1.007833333333333359e+00 3.279999999999999805e+00
9.930421686746980781e-01 0.000000000000000000e+00 1.007833333333333359e+00 3.279999999999999805e+00
9.929003021148034014e-01 0.000000000000000000e+00 1.007833333333333359e+00 3.319999999999999840e+00
9.928181818181818219e-01 0.000000000000000000e+00 1.007833333333333359e+00 3.339999999999999858e+00
9.926747720364744731e-01 0.000000000000000000e+00 1.007833333333333359e+00 3.379999999999999893e+00
9.926219512195122441e-01 0.000000000000000000e+00 1.007833333333333359e+00 3.390000000000000124e+00
9.925076452599391752e-01 0.000000000000000000e+00 1.009500000000000064e+00 3.419999999999999929e+00
9.923926380368088829e-01 0.000000000000000000e+00 1.009500000000000064e+00 3.450000000000000178e+00
9.922153846153846102e-01 0.000000000000000000e+00 1.009500000000000064e+00 3.500000000000000000e+00
9.920370370370372726e-01 0.000000000000000000e+00 1.009500000000000064e+00 3.549999999999999822e+00
9.919195046439618357e-01 0.000000000000000000e+00 1.009500000000000064e+00 3.580000000000000071e+00
9.918633540372669977e-01 0.000000000000000000e+00 1.009500000000000064e+00 3.589999999999999858e+00
9.918068535825534937e-01 0.000000000000000000e+00 1.009500000000000064e+00 3.600000000000000089e+00
9.916249999999999787e-01 0.000000000000000000e+00 1.009500000000000064e+00 3.649999999999999911e+00
9.915047021943572680e-01 0.000000000000000000e+00 1.011166666666666769e+00 3.669999999999999929e+00
9.913836477987407747e-01 0.000000000000000000e+00 1.021166666666666778e+00 3.689999999999999947e+00
9.912618296529965844e-01 0.000000000000000000e+00 1.021166666666666778e+00 3.720000000000000195e+00
9.911708860759494977e-01 0.000000000000000000e+00 1.021166666666666778e+00 3.740000000000000213e+00
9.910158730158730167e-01 0.000000000000000000e+00 1.021166666666666778e+00 3.779999999999999805e+00
9.907643312101906963e-01 0.000000000000000000e+00 1.022833333333333483e+00 3.839999999999999858e+00
9.906389776357833465e-01 0.000000000000000000e+00 1.022833333333333483e+00 3.870000000000000107e+00
9.904166666666661678e-01 0.000000000000000000e+00 1.022833333333333483e+00 3.930000000000000160e+00
9.903215434083618707e-01 0.000000000000000000e+00 1.022833333333333483e+00 3.950000000000000178e+00
9.901612903225810447e-01 0.000000000000000000e+00 1.022833333333333483e+00 3.990000000000000213e+00
9.898705501618111358e-01 0.000000000000000000e+00 1.027595238095238228e+00 4.059999999999999609e+00
9.897402597402592539e-01 0.000000000000000000e+00 1.027595238095238228e+00 4.089999999999999858e+00
9.895765472312700872e-01 0.000000000000000000e+00 1.027595238095238228e+00 4.129999999999999893e+00
9.894117647058818799e-01 0.000000000000000000e+00 1.027595238095238228e+00 4.169999999999999929e+00
9.891803278688522383e-01 0.000000000000000000e+00 1.027178571428571496e+00 4.230000000000000426e+00
9.889473684210531301e-01 0.000000000000000000e+00 1.030511904761904685e+00 4.280000000000000249e+00
9.887128712871282588e-01 0.000000000000000000e+00 1.035511904761904800e+00 4.309999999999999609e+00
9.885761589403975202e-01 0.000000000000000000e+00 1.035511904761904800e+00 4.339999999999999858e+00
9.884385382059812652e-01 0.000000000000000000e+00 1.035511904761904800e+00 4.370000000000000107e+00
9.883333333333331749e-01 0.000000000000000000e+00 1.033845238095238095e+00 4.389999999999999680e+00
9.880936454849498229e-01 0.000000000000000000e+00 1.033845238095238095e+00 4.450000000000000178e+00
9.879194630872487615e-01 0.000000000000000000e+00 1.033845238095238095e+00 4.490000000000000213e+00
9.877777777777775325e-01 0.000000000000000000e+00 1.033845238095238095e+00 4.519999999999999574e+00
9.876013513513516306e-01 0.000000000000000000e+00 1.033845238095238095e+00 4.549999999999999822e+00
9.873898305084753968e-01 0.000000000000000000e+00 1.035845238095238097e+00 4.589999999999999858e+00
9.870408163265321777e-01 0.000000000000000000e+00 1.035345238095238152e+00 4.679999999999999716e+00
9.867235494880549629e-01 0.000000000000000000e+00 1.035011904761904633e+00 4.759999999999999787e+00
9.864383561643823572e-01 0.000000000000000000e+00 1.034678571428571336e+00 4.830000000000000071e+00
9.861855670103082394e-01 0.000000000000000000e+00 1.037178571428571505e+00 4.879999999999999893e+00
9.859999999999982112e-01 0.000000000000000000e+00 1.036027777777777992e+00 4.919999999999999929e+00
9.858131487889274513e-01 0.000000000000000000e+00 1.035527777777777825e+00 4.959999999999999964e+00
9.857638888888891060e-01 0.000000000000000000e+00 1.035194444444444528e+00 4.959999999999999964e+00
9.854703832752624848e-01 0.000000000000000000e+00 1.035055555555555395e+00 5.030000000000000249e+00
9.851748251748249086e-01 0.000000000000000000e+00 1.034944444444444445e+00 5.099999999999999645e+00
9.850175438596486810e-01 0.000000000000000000e+00 1.034944444444444445e+00 5.129999999999999893e+00
9.847535211267607336e-01 0.000000000000000000e+00 1.031409090909090942e+00 5.190000000000000391e+00
9.845583038869273329e-01 0.000000000000000000e+00 1.033075757575757869e+00 5.219999999999999751e+00
9.842907801418425695e-01 0.000000000000000000e+00 1.033075757575757869e+00 5.280000000000000249e+00
9.840213523131668971e-01 0.000000000000000000e+00 1.033075757575757869e+00 5.339999999999999858e+00
9.837499999999994582e-01 0.000000000000000000e+00 1.034666666666666845e+00 5.389999999999999680e+00
9.834767025089610204e-01 0.000000000000000000e+00 1.038428571428571479e+00 5.440000000000000391e+00
9.832733812949642216e-01 0.000000000000000000e+00 1.038190476190476330e+00 5.480000000000000426e+00
9.831046931407939615e-01 0.000000000000000000e+00 1.036107142857142893e+00 5.509999999999999787e+00
9.828623188405803957e-01 0.000000000000000000e+00 1.038773809523809488e+00 5.549999999999999822e+00
9.824363636363638852e-01 0.000000000000000000e+00 1.042107142857142676e+00 5.629999999999999893e+00
9.820802919708042644e-01 0.000000000000000000e+00 1.044845238095237994e+00 5.700000000000000178e+00
9.818681318681312664e-01 0.000000000000000000e+00 1.044345238095238049e+00 5.740000000000000213e+00
9.816544117647063583e-01 0.000000000000000000e+00 1.045896825396825491e+00 5.769999999999999574e+00
9.814760147601481188e-01 0.000000000000000000e+00 1.045896825396825491e+00 5.799999999999999822e+00
9.811851851851846051e-01 0.000000000000000000e+00 1.045896825396825491e+00 5.860000000000000320e+00
9.807806691449810765e-01 0.000000000000000000e+00 1.045158730158730176e+00 5.950000000000000178e+00
9.804850746268656270e-01 0.000000000000000000e+00 1.045297619047619087e+00 6.009999999999999787e+00
9.802996254681656252e-01 0.000000000000000000e+00 1.045797619047619031e+00 6.040000000000000036e+00
9.802631578947369473e-01 0.000000000000000000e+00 1.044297619047618975e+00 6.030000000000000249e+00
9.799999999999994271e-01 0.000000000000000000e+00 1.047297619047619088e+00 6.059999999999999609e+00
9.797727272727280168e-01 0.000000000000000000e+00 1.047206709956709947e+00 6.099999999999999645e+00
9.796958174904943917e-01 0.000000000000000000e+00 1.046373376623376483e+00 6.099999999999999645e+00
9.793893129770994133e-01 0.000000000000000000e+00 1.045373376623376593e+00 6.160000000000000142e+00
9.791187739463603767e-01 0.000000000000000000e+00 1.045373376623376593e+00 6.209999999999999964e+00
9.784615384615371614e-01 0.000000000000000000e+00 1.046940476190476144e+00 6.339999999999999858e+00
9.780308880308866692e-01 0.000000000000000000e+00 1.046289682539682575e+00 6.429999999999999716e+00
9.778682170542641883e-01 0.000000000000000000e+00 1.049558913308913155e+00 6.440000000000000391e+00
9.776264591439679519e-01 0.000000000000000000e+00 1.050725579975579915e+00 6.469999999999999751e+00
9.772265624999999512e-01 0.000000000000000000e+00 1.049892246642246452e+00 6.549999999999999822e+00
9.771764705882343138e-01 0.000000000000000000e+00 1.049892246642246452e+00 6.540000000000000036e+00
9.767322834645670859e-01 0.000000000000000000e+00 1.048920024420024522e+00 6.629999999999999893e+00
9.764822134387347585e-01 0.000000000000000000e+00 1.053348595848595970e+00 6.650000000000000355e+00
9.759523809523804605e-01 0.000000000000000000e+00 1.056205738705738861e+00 6.740000000000000213e+00
9.754183266932272556e-01 0.000000000000000000e+00 1.056225579975580420e+00 6.839999999999999858e+00
9.750399999999995737e-01 0.000000000000000000e+00 1.060265623265623347e+00 6.879999999999999893e+00
9.745381526104420766e-01 0.000000000000000000e+00 1.066360861360861279e+00 6.950000000000000178e+00
9.742741935483866245e-01 0.000000000000000000e+00 1.067384670884671038e+00 6.980000000000000426e+00
9.740080971659922371e-01 0.000000000000000000e+00 1.070341020091020390e+00 7.000000000000000000e+00
9.734552845528453568e-01 0.000000000000000000e+00 1.072344988344988703e+00 7.089999999999999858e+00
9.729387755102039126e-01 0.000000000000000000e+00 1.073004079254079590e+00 7.169999999999999929e+00
9.722540983606557941e-01 0.000000000000000000e+00 1.073761655011655325e+00 7.299999999999999822e+00
9.717283950617280341e-01 0.000000000000000000e+00 1.073206709956710192e+00 7.400000000000000355e+00
9.712809917355375022e-01 0.000000000000000000e+00 1.075238455988456243e+00 7.469999999999999751e+00
9.707053941908700967e-01 0.000000000000000000e+00 1.074674353424353690e+00 7.580000000000000071e+00
9.702083333333334503e-01 0.000000000000000000e+00 1.072991813741814182e+00 7.679999999999999716e+00
9.698326359832626364e-01 0.000000000000000000e+00 1.072746392496392920e+00 7.740000000000000213e+00
9.693277310924364176e-01 0.000000000000000000e+00 1.070111832611832847e+00 7.830000000000000071e+00
9.691139240506335684e-01 0.000000000000000000e+00 1.071734848484848790e+00 7.849999999999999645e+00
9.685593220338988285e-01 0.000000000000000000e+00 1.072409090909091089e+00 7.940000000000000391e+00
9.679574468085107020e-01 0.000000000000000000e+00 1.080484487734487908e+00 8.009999999999999787e+00
9.672222222222213173e-01 0.000000000000000000e+00 1.081845598845599055e+00 8.130000000000000782e+00
9.666523605150222354e-01 0.000000000000000000e+00 1.082639249639249845e+00 8.210000000000000853e+00
9.661206896551726153e-01 0.000000000000000000e+00 1.080573773448773700e+00 8.310000000000000497e+00
9.656277056277059456e-01 0.000000000000000000e+00 1.080569805194805610e+00 8.380000000000000782e+00
9.649130434782621224e-01 0.000000000000000000e+00 1.075730269730270194e+00 8.509999999999999787e+00
9.639737991266374983e-01 0.000000000000000000e+00 1.079557650682651193e+00 8.650000000000000355e+00
9.628508771929827903e-01 0.000000000000000000e+00 1.083319137733611770e+00 8.820000000000000284e+00
9.623788546255518384e-01 0.000000000000000000e+00 1.080742186906660685e+00 8.890000000000000568e+00
9.619469026548675972e-01 0.000000000000000000e+00 1.080881493506493651e+00 8.939999999999999503e+00
9.615555555555556078e-01 0.000000000000000000e+00 1.080454545454545556e+00 8.990000000000000213e+00
9.608482142857144304e-01 0.000000000000000000e+00 1.082934343434343250e+00 9.099999999999999645e+00
9.604484304932735528e-01 0.000000000000000000e+00 1.084146575646575794e+00 9.140000000000000568e+00
9.595945945945943967e-01 0.000000000000000000e+00 1.085131063381063576e+00 9.259999999999999787e+00
9.593212669683246485e-01 0.000000000000000000e+00 1.080124209124209145e+00 9.310000000000000497e+00
9.586363636363642859e-01 0.000000000000000000e+00 1.079181568431568428e+00 9.419999999999999929e+00
9.581735159817355019e-01 0.000000000000000000e+00 1.081526638566112197e+00 9.470000000000000639e+00
9.576146788990823611e-01 0.000000000000000000e+00 1.081354921394395152e+00 9.539999999999999147e+00
9.568202764976967423e-01 0.000000000000000000e+00 1.078772949272949422e+00 9.679999999999999716e+00
9.562962962962964220e-01 0.000000000000000000e+00 1.080545569626452096e+00 9.730000000000000426e+00
9.553488372093024150e-01 0.000000000000000000e+00 1.083645996976879688e+00 9.859999999999999432e+00
9.543925233644857675e-01 0.000000000000000000e+00 1.092101985432868183e+00 9.939999999999999503e+00
9.531455399061039557e-01 0.000000000000000000e+00 1.095923774754657520e+00 1.010999999999999943e+01
9.518396226415091199e-01 0.000000000000000000e+00 1.095870133951016401e+00 1.031000000000000050e+01
9.513744075829387858e-01 0.000000000000000000e+00 1.096054281674637698e+00 1.035999999999999943e+01
9.506666666666657717e-01 0.000000000000000000e+00 1.098003193873549943e+00 1.043999999999999950e+01
9.500478468899511419e-01 0.000000000000000000e+00 1.104334001954358158e+00 1.048000000000000043e+01
9.491826923076926992e-01 0.000000000000000000e+00 1.107348792719149211e+00 1.058999999999999986e+01
9.480676328502419814e-01 0.000000000000000000e+00 1.105280139150495389e+00 1.075000000000000000e+01
9.478640776699026604e-01 0.000000000000000000e+00 1.104577726367200308e+00 1.074000000000000021e+01
9.473170731707317715e-01 0.000000000000000000e+00 1.102637015762015782e+00 1.081000000000000050e+01
9.460294117647057854e-01 0.000000000000000000e+00 1.104099442224442118e+00 1.099000000000000021e+01
9.453201970443348978e-01 0.000000000000000000e+00 1.103196595071595176e+00 1.107000000000000028e+01
9.444059405940595786e-01 0.000000000000000000e+00 1.102348595848596124e+00 1.119999999999999929e+01
9.435820895522394336e-01 0.000000000000000000e+00 1.103308177933177925e+00 1.128999999999999915e+01
9.425000000000001155e-01 0.000000000000000000e+00 1.106962495837495952e+00 1.141000000000000014e+01
9.416080402010048589e-01 0.000000000000000000e+00 1.108610605897370593e+00 1.150000000000000000e+01
9.407070707070694926e-01 0.000000000000000000e+00 1.109018614555379534e+00 1.158999999999999986e+01
9.399999999999999467e-01 0.000000000000000000e+00 1.106794243977109016e+00 1.166999999999999993e+01
9.382142857142858894e-01 0.000000000000000000e+00 1.110102633085420676e+00 1.188000000000000078e+01
9.372307692307683125e-01 0.000000000000000000e+00 1.107535951578521916e+00 1.200999999999999979e+01
9.364948453608245016e-01 0.000000000000000000e+00 1.112085346627916804e+00 1.205000000000000071e+01
9.354922279792752260e-01 0.000000000000000000e+00 1.112500778418348490e+00 1.216000000000000014e+01
9.343750000000001776e-01 0.000000000000000000e+00 1.115379377760183033e+00 1.225999999999999979e+01
9.335078534031413522e-01 0.000000000000000000e+00 1.120544183542635741e+00 1.232000000000000028e+01
9.318947368421052202e-01 0.000000000000000000e+00 1.125008297043514016e+00 1.249000000000000021e+01
9.304761904761904567e-01 0.000000000000000000e+00 1.126324860596919830e+00 1.266000000000000014e+01
9.290425531914888735e-01 0.000000000000000000e+00 1.126654668216201305e+00 1.283000000000000007e+01
9.277005347593579865e-01 0.000000000000000000e+00 1.129339917607332877e+00 1.297000000000000064e+01
9.261290322580640888e-01 0.000000000000000000e+00 1.130920764160160630e+00 1.314000000000000057e+01
9.244324324324327824e-01 0.000000000000000000e+00 1.132635049874446409e+00 1.332000000000000028e+01
9.232608695652175790e-01 0.000000000000000000e+00 1.133213380745501597e+00 1.343999999999999950e+01
9.214754098360659063e-01 0.000000000000000000e+00 1.141415611564219112e+00 1.358000000000000007e+01
9.199450549450548520e-01 0.000000000000000000e+00 1.144437067447516609e+00 1.374000000000000021e+01
9.187845303867397950e-01 0.000000000000000000e+00 1.145156982766116105e+00 1.383999999999999986e+01
9.172222222222221610e-01 0.000000000000000000e+00 1.147628334642653680e+00 1.396000000000000085e+01
9.154748603351954284e-01 0.000000000000000000e+00 1.149794774583861257e+00 1.414000000000000057e+01
9.139887640449447792e-01 0.000000000000000000e+00 1.155501590866993444e+00 1.424000000000000021e+01
9.125423728813563118e-01 0.000000000000000000e+00 1.152709810794640966e+00 1.441000000000000014e+01
9.115340909090905441e-01 0.000000000000000000e+00 1.147335192920255542e+00 1.455000000000000071e+01
9.102285714285719420e-01 0.000000000000000000e+00 1.145418705168241180e+00 1.467999999999999972e+01
9.086781609195401233e-01 0.000000000000000000e+00 1.149210410461571907e+00 1.477999999999999936e+01
9.064739884393062663e-01 0.000000000000000000e+00 1.153343301133465282e+00 1.497000000000000064e+01
9.047674418604654267e-01 0.000000000000000000e+00 1.153294040093407968e+00 1.515000000000000036e+01
9.027485380116947455e-01 0.000000000000000000e+00 1.151199726512252663e+00 1.538000000000000078e+01
9.013529411764700239e-01 0.000000000000000000e+00 1.151195695987879297e+00 1.550999999999999979e+01
9.000591715976321572e-01 0.000000000000000000e+00 1.151603715299149178e+00 1.560999999999999943e+01
8.975595238095234185e-01 0.000000000000000000e+00 1.158891439597927953e+00 1.581000000000000050e+01
8.961077844311375884e-01 0.000000000000000000e+00 1.154809399653581092e+00 1.600000000000000000e+01
8.933734939759027105e-01 0.000000000000000000e+00 1.165089810973987783e+00 1.617999999999999972e+01
8.911515151515152500e-01 0.000000000000000000e+00 1.169173605368298841e+00 1.635000000000000142e+01
8.890243902439024515e-01 0.000000000000000000e+00 1.169456739382173760e+00 1.650000000000000000e+01
8.871165644171778997e-01 0.000000000000000000e+00 1.169708915849210662e+00 1.667000000000000171e+01
8.846296296296304318e-01 0.000000000000000000e+00 1.172340755139951174e+00 1.689000000000000057e+01
8.826086956521738136e-01 0.000000000000000000e+00 1.176555033466058164e+00 1.701999999999999957e+01
8.811875000000003455e-01 0.000000000000000000e+00 1.178871035718593197e+00 1.710000000000000142e+01
8.784905660377360093e-01 0.000000000000000000e+00 1.185245025081308690e+00 1.726000000000000156e+01
8.762658227848099113e-01 0.000000000000000000e+00 1.188799962032379254e+00 1.741000000000000014e+01
8.747770700636943175e-01 0.000000000000000000e+00 1.188290500363643254e+00 1.751000000000000156e+01
8.726923076923074341e-01 0.000000000000000000e+00 1.189923257265884438e+00 1.764999999999999858e+01
8.701290322580645942e-01 0.000000000000000000e+00 1.190263230620429491e+00 1.785999999999999943e+01
8.681168831168826205e-01 0.000000000000000000e+00 1.194589645973447078e+00 1.796000000000000085e+01
8.664052287581692768e-01 0.000000000000000000e+00 1.194343516422481155e+00 1.810000000000000142e+01
8.646052631578952097e-01 0.000000000000000000e+00 1.192718746637767557e+00 1.823000000000000043e+01
8.627152317880802945e-01 0.000000000000000000e+00 1.196290253541795190e+00 1.833999999999999986e+01
8.598666666666665570e-01 0.000000000000000000e+00 1.199589338826696050e+00 1.851999999999999957e+01
8.573825503355705369e-01 0.000000000000000000e+00 1.204870534985603481e+00 1.860999999999999943e+01
8.543243243243243690e-01 0.000000000000000000e+00 1.207953567974818565e+00 1.880999999999999872e+01
8.507482993197278409e-01 0.000000000000000000e+00 1.213273058983784125e+00 1.903999999999999915e+01
8.487671232876721206e-01 0.000000000000000000e+00 1.210203625680190909e+00 1.916000000000000014e+01
8.444137931034483291e-01 0.000000000000000000e+00 1.216963767939307051e+00 1.946999999999999886e+01
8.416666666666664520e-01 0.000000000000000000e+00 1.217567450894503800e+00 1.966000000000000014e+01
8.395804195804192904e-01 0.000000000000000000e+00 1.220657525474543981e+00 1.973999999999999844e+01
8.360563380281688106e-01 0.000000000000000000e+00 1.227215021760021285e+00 1.994000000000000128e+01
8.321985815602848113e-01 0.000000000000000000e+00 1.232114525125319826e+00 2.014000000000000057e+01
8.302142857142860155e-01 0.000000000000000000e+00 1.235072178837145707e+00 2.017999999999999972e+01
8.264028776978417090e-01 0.000000000000000000e+00 1.245402440205358063e+00 2.030000000000000071e+01
8.223188405797097200e-01 0.000000000000000000e+00 1.251360257865498982e+00 2.053000000000000114e+01
8.181751824817519170e-01 0.000000000000000000e+00 1.258461382082657343e+00 2.075000000000000000e+01
8.141911764705881405e-01 0.000000000000000000e+00 1.259099510275170752e+00 2.100000000000000000e+01
8.113333333333335728e-01 0.000000000000000000e+00 1.262549983979985635e+00 2.110999999999999943e+01
8.060447761194029503e-01 0.000000000000000000e+00 1.267840647015754385e+00 2.144999999999999929e+01
8.033082706766915271e-01 0.000000000000000000e+00 1.266776995315291643e+00 2.160999999999999943e+01
7.991666666666665808e-01 0.000000000000000000e+00 1.268946704846137363e+00 2.185999999999999943e+01
7.921374045801531372e-01 0.000000000000000000e+00 1.280255042094734952e+00 2.221000000000000085e+01
7.889230769230770601e-01 0.000000000000000000e+00 1.284253418274969416e+00 2.230999999999999872e+01
7.836434108527134956e-01 0.000000000000000000e+00 1.291979858612324339e+00 2.255999999999999872e+01
7.784375000000000044e-01 0.000000000000000000e+00 1.301185378763725753e+00 2.275000000000000000e+01
7.709448818897634004e-01 0.000000000000000000e+00 1.312600802149867629e+00 2.307999999999999829e+01
7.612698412698414296e-01 0.000000000000000000e+00 1.345103181237494505e+00 2.332999999999999829e+01
7.571200000000000152e-01 0.000000000000000000e+00 1.344074366069718307e+00 2.355000000000000071e+01
7.528225806451611657e-01 0.000000000000000000e+00 1.346651482540131894e+00 2.369999999999999929e+01
7.495121951219511081e-01 0.000000000000000000e+00 1.344810803219046891e+00 2.382999999999999829e+01
7.433606557377046009e-01 0.000000000000000000e+00 1.351232205144536902e+00 2.401000000000000156e+01
7.390909090909092427e-01 0.000000000000000000e+00 1.353122918898776339e+00 2.414999999999999858e+01
7.318333333333336688e-01 0.000000000000000000e+00 1.361520489429788094e+00 2.446000000000000085e+01
7.273109243697476467e-01 0.000000000000000000e+00 1.366179042699518842e+00 2.460999999999999943e+01
7.220338983050845760e-01 0.000000000000000000e+00 1.364660087932831001e+00 2.487000000000000099e+01
7.184615384615381517e-01 0.000000000000000000e+00 1.358968681759725516e+00 2.507000000000000028e+01
7.100862068965517748e-01 0.000000000000000000e+00 1.369720329905484091e+00 2.539999999999999858e+01
7.010434782608698789e-01 0.000000000000000000e+00 1.384523995375315231e+00 2.567999999999999972e+01
6.916666666666668739e-01 0.000000000000000000e+00 1.402947876106473979e+00 2.589000000000000057e+01
6.881415929203540394e-01 0.000000000000000000e+00 1.403452722932335028e+00 2.594999999999999929e+01
6.742857142857142660e-01 0.000000000000000000e+00 1.429575192512892778e+00 2.625000000000000000e+01
6.590990990990990284e-01 0.000000000000000000e+00 1.466154959455250317e+00 2.651999999999999957e+01
6.514545454545453973e-01 0.000000000000000000e+00 1.479277826893422798e+00 2.664000000000000057e+01
6.409174311926604251e-01 0.000000000000000000e+00 1.499199113410543349e+00 2.685999999999999943e+01
6.316666666666668206e-01 0.000000000000000000e+00 1.503206158666368975e+00 2.717000000000000171e+01
6.230841121495328538e-01 0.000000000000000000e+00 1.510060173191825950e+00 2.742000000000000171e+01
6.146226415094334650e-01 0.000000000000000000e+00 1.513756688003099482e+00 2.767999999999999972e+01
6.060000000000002052e-01 0.000000000000000000e+00 1.515206458434454895e+00 2.805999999999999872e+01
5.943269230769231415e-01 0.000000000000000000e+00 1.522138542208681500e+00 2.844999999999999929e+01
5.873786407766992124e-01 0.000000000000000000e+00 1.522633489795323980e+00 2.864999999999999858e+01
5.766666666666667718e-01 0.000000000000000000e+00 1.535396206862673418e+00 2.885999999999999943e+01
5.664356435643564947e-01 0.000000000000000000e+00 1.551618551016740399e+00 2.896000000000000085e+01
5.545000000000001039e-01 0.000000000000000000e+00 1.563638434456845028e+00 2.926000000000000156e+01
5.451515151515148316e-01 0.000000000000000000e+00 1.565770312815331522e+00 2.953000000000000114e+01
5.353061224489796821e-01 0.000000000000000000e+00 1.569004936906009728e+00 2.983999999999999986e+01
5.214432989690720444e-01 0.000000000000000000e+00 1.577546429419155682e+00 3.019000000000000128e+01
5.121874999999997957e-01 0.000000000000000000e+00 1.575861848406764576e+00 3.046000000000000085e+01
5.058947368421051749e-01 0.000000000000000000e+00 1.576227605783236951e+00 3.053999999999999915e+01
4.959574468085103938e-01 0.000000000000000000e+00 1.580518804774893704e+00 3.073000000000000043e+01
4.867741935483874127e-01 0.000000000000000000e+00 1.588249890602834835e+00 3.085999999999999943e+01
4.764130434782605783e-01 0.000000000000000000e+00 1.593512961422886454e+00 3.107000000000000028e+01
4.670329670329669280e-01 0.000000000000000000e+00 1.596624929343469335e+00 3.123999999999999844e+01
4.559999999999999609e-01 0.000000000000000000e+00 1.601316642787477873e+00 3.144999999999999929e+01
4.480898876404492692e-01 0.000000000000000000e+00 1.597774967391278000e+00 3.164999999999999858e+01
4.367045454545453453e-01 0.000000000000000000e+00 1.610081910319927312e+00 3.167999999999999972e+01
4.164367816091955055e-01 0.000000000000000000e+00 1.627137448532822939e+00 3.210000000000000142e+01
4.109302325581393744e-01 0.000000000000000000e+00 1.624738096968921575e+00 3.209000000000000341e+01
4.023529411764705244e-01 0.000000000000000000e+00 1.621401535124984417e+00 3.225000000000000000e+01
3.802380952380953194e-01 0.000000000000000000e+00 1.658125357786122356e+00 3.239999999999999858e+01
3.702409638554218230e-01 0.000000000000000000e+00 1.658333120719158948e+00 3.253000000000000114e+01
3.639024390243904006e-01 0.000000000000000000e+00 1.646809499257964937e+00 3.271000000000000085e+01
3.596296296296296324e-01 0.000000000000000000e+00 1.638706517414910246e+00 3.267000000000000171e+01
3.530000000000000360e-01 0.000000000000000000e+00 1.621924805406909309e+00 3.289000000000000057e+01
3.425316455696202911e-01 0.000000000000000000e+00 1.618140205324138492e+00 3.307999999999999829e+01
3.284615384615384159e-01 0.000000000000000000e+00 1.624180334345135757e+00 3.325000000000000000e+01
3.194805194805193094e-01 0.000000000000000000e+00 1.616039386437157610e+00 3.342999999999999972e+01
3.055263157894736459e-01 0.000000000000000000e+00 1.635300721023063675e+00 3.339999999999999858e+01
3.019999999999999907e-01 0.000000000000000000e+00 1.622199456614821900e+00 3.342000000000000171e+01
2.927027027027028216e-01 0.000000000000000000e+00 1.616709519413609852e+00 3.353999999999999915e+01
2.856164383561642928e-01 0.000000000000000000e+00 1.613420600659316362e+00 3.353000000000000114e+01
2.798611111111110605e-01 0.000000000000000000e+00 1.600290255780762338e+00 3.363000000000000256e+01
2.702816901408450212e-01 0.000000000000000000e+00 1.593851677657595944e+00 3.377000000000000313e+01
2.578571428571428958e-01 0.000000000000000000e+00 1.596784582361849836e+00 3.385000000000000142e+01
2.462318840579710844e-01 0.000000000000000000e+00 1.598416658637536791e+00 3.389000000000000057e+01
2.352941176470587925e-01 0.000000000000000000e+00 1.595489574710087455e+00 3.392999999999999972e+01
2.277611940298507331e-01 0.000000000000000000e+00 1.588112706075435421e+00 3.393999999999999773e+01
2.216666666666666508e-01 0.000000000000000000e+00 1.573199322087759144e+00 3.403000000000000114e+01
2.113846153846151432e-01 0.000000000000000000e+00 1.566365652922841356e+00 3.407999999999999829e+01
2.065625000000000100e-01 0.000000000000000000e+00 1.555603925738716420e+00 3.400000000000000000e+01
2.050793650793648060e-01 0.000000000000000000e+00 1.543076964792506001e+00 3.378999999999999915e+01
1.943548387096774854e-01 0.000000000000000000e+00 1.537846104265786273e+00 3.385999999999999943e+01
1.909836065573770614e-01 0.000000000000000000e+00 1.519332070307566784e+00 3.381000000000000227e+01
1.858333333333333226e-01 0.000000000000000000e+00 1.508208091999710732e+00 3.371999999999999886e+01
1.827118644067796116e-01 0.000000000000000000e+00 1.494206112077949289e+00 3.357999999999999829e+01
1.786206896551723045e-01 0.000000000000000000e+00 1.477457814865724472e+00 3.357000000000000028e+01
1.736842105263157188e-01 0.000000000000000000e+00 1.476420520792468993e+00 3.325999999999999801e+01
1.680357142857143715e-01 0.000000000000000000e+00 1.469752701610125500e+00 3.303999999999999915e+01
1.634545454545454635e-01 0.000000000000000000e+00 1.464275325440191233e+00 3.275999999999999801e+01
1.574074074074073848e-01 0.000000000000000000e+00 1.449915336180960468e+00 3.274000000000000199e+01
1.567924528301887221e-01 0.000000000000000000e+00 1.440145384809664586e+00 3.239999999999999858e+01
1.555769230769230571e-01 0.000000000000000000e+00 1.433580055018012223e+00 3.200999999999999801e+01
1.527450980392155155e-01 0.000000000000000000e+00 1.417408462079155829e+00 3.183999999999999986e+01
1.529999999999999416e-01 0.000000000000000000e+00 1.403609943683681305e+00 3.151000000000000156e+01
1.489795918367346483e-01 0.000000000000000000e+00 1.388844029013777348e+00 3.139999999999999858e+01
1.468750000000000056e-01 0.000000000000000000e+00 1.371710301087917694e+00 3.121999999999999886e+01
1.457446808510639291e-01 0.000000000000000000e+00 1.360233341071782620e+00 3.089000000000000057e+01
1.430434782608694944e-01 0.000000000000000000e+00 1.345066551221283602e+00 3.064000000000000057e+01
1.444444444444442921e-01 0.000000000000000000e+00 1.332463621232574891e+00 3.021000000000000085e+01
1.422727272727273562e-01 0.000000000000000000e+00 1.322286111774855000e+00 2.985000000000000142e+01
1.374418604651164444e-01 0.000000000000000000e+00 1.308599913160467088e+00 2.967000000000000171e+01
1.371428571428569554e-01 0.000000000000000000e+00 1.296754353451449848e+00 2.928000000000000114e+01
1.368292682926828263e-01 0.000000000000000000e+00 1.289241470724419303e+00 2.876999999999999957e+01
1.334999999999999520e-01 0.000000000000000000e+00 1.277917534360512919e+00 2.842999999999999972e+01
1.305128205128203434e-01 0.000000000000000000e+00 1.271851802290373534e+00 2.798000000000000043e+01
1.326315789473683782e-01 0.000000000000000000e+00 1.260102869450188123e+00 2.746999999999999886e+01
1.321621621621621168e-01 0.000000000000000000e+00 1.250947925799033023e+00 2.698999999999999844e+01
1.327777777777777446e-01 0.000000000000000000e+00 1.237829160893461955e+00 2.651999999999999957e+01
1.305714285714283940e-01 0.000000000000000000e+00 1.226502863850029046e+00 2.607999999999999829e+01
1.305882352941174496e-01 0.000000000000000000e+00 1.216674042576178394e+00 2.555000000000000071e+01
1.315151515151515849e-01 0.000000000000000000e+00 1.212229648324398612e+00 2.489999999999999858e+01
1.306249999999999911e-01 0.000000000000000000e+00 1.207355446690085543e+00 2.428999999999999915e+01
1.303225806451613344e-01 0.000000000000000000e+00 1.197597969631561066e+00 2.373000000000000043e+01
1.289999999999998925e-01 0.000000000000000000e+00 1.186535729993174915e+00 2.321999999999999886e+01
1.293103448275862155e-01 0.000000000000000000e+00 1.176992996621766041e+00 2.264000000000000057e+01
1.303571428571428381e-01 0.000000000000000000e+00 1.171299134339957915e+00 2.196000000000000085e+01
1.281481481481481222e-01 0.000000000000000000e+00 1.160275090724176339e+00 2.144999999999999929e+01
1.261538461538460054e-01 0.000000000000000000e+00 1.150000610565979908e+00 2.092000000000000171e+01
1.251999999999999502e-01 0.000000000000000000e+00 1.143995122524534835e+00 2.028999999999999915e+01
1.241666666666667168e-01 0.000000000000000000e+00 1.131475655106847666e+00 1.973999999999999844e+01
1.226086956521739990e-01 0.000000000000000000e+00 1.125416302350900288e+00 1.908999999999999986e+01
1.231818181818183366e-01 0.000000000000000000e+00 1.118487026862027944e+00 1.839999999999999858e+01
1.247619047619046434e-01 0.000000000000000000e+00 1.109588926596280389e+00 1.771000000000000085e+01
1.264999999999999458e-01 0.000000000000000000e+00 1.106568132847545183e+00 1.694000000000000128e+01
1.278947368421050890e-01 0.000000000000000000e+00 1.100247086247086337e+00 1.621000000000000085e+01
1.327777777777775781e-01 0.000000000000000000e+00 1.094411255411254835e+00 1.540000000000000036e+01
1.341176470588233138e-01 0.000000000000000000e+00 1.085416472416472544e+00 1.468999999999999950e+01
1.375000000000000111e-01 0.000000000000000000e+00 1.076817404817405288e+00 1.391999999999999993e+01
1.399999999999999023e-01 0.000000000000000000e+00 1.064896464646464924e+00 1.321000000000000085e+01
1.392857142857141517e-01 0.000000000000000000e+00 1.047202020202020689e+00 1.257000000000000028e+01
1.476923076923075395e-01 0.000000000000000000e+00 1.041555555555555346e+00 1.169999999999999929e+01
1.491666666666666141e-01 0.000000000000000000e+00 1.032916666666666927e+00 1.092999999999999972e+01
1.509090909090909649e-01 0.000000000000000000e+00 1.023571428571428577e+00 1.016000000000000014e+01
1.599999999999997813e-01 0.000000000000000000e+00 1.017619047619047423e+00 9.279999999999999361e+00
1.677777777777774704e-01 0.000000000000000000e+00 1.008666666666666822e+00 8.439999999999999503e+00
1.712500000000000133e-01 0.000000000000000000e+00 1.008000000000000007e+00 7.589999999999999858e+00
1.842857142857141917e-01 0.000000000000000000e+00 1.004999999999999893e+00 6.690000000000000391e+00
2.016666666666666052e-01 0.000000000000000000e+00 1.006666666666666599e+00 5.769999999999999574e+00
2.319999999999995954e-01 0.000000000000000000e+00 1.004999999999999893e+00 4.830000000000000071e+00
2.750000000000000222e-01 0.000000000000000000e+00 1.000000000000000000e+00 3.899999999999999911e+00
3.466666666666664565e-01 0.000000000000000000e+00 1.000000000000000000e+00 2.959999999999999964e+00
5.050000000000000044e-01 0.000000000000000000e+00 1.000000000000000000e+00 1.989999999999999991e+00
1.000000000000000000e+00 0.000000000000000000e+00 1.000000000000000000e+00 1.000000000000000000e+00
